\addplot[color=green,mark=*] coordinates {
(1,1)(2,2)(3,3)(4,4)(5,5)(6,6)(7,7)(8,8)(9,9)(10,10)
};
\addlegendentry{dial}

\addplot[color=green,mark=*] coordinates {
(1,0.09857142857142856)(2,0.07952380952380951)(3,0.14380952380952378)(4,0.1938095238095238)(5,0.25809523809523804)(6,0.23666666666666664)(7,0.31999999999999995)(8,0.2747619047619047)(9,0.3804761904761904)(10,0.41142857142857137)
};
\addlegendentry{MYMO}

\addplot[color=green,mark=*] coordinates {
(1,0)(2,0)(3,0)(4,0)(5,0)(6,0)(7,0)(8,0)(9,0)(10,0)
};
\addlegendentry{Natural\_SVM}

\addplot[color=green,mark=*] coordinates {
(1,0)(2,0)(3,0)(4,0)(5,0.1)(6,0)(7,0)(8,0)(9,0.06)(10,0.06999999999999999)
};
\addlegendentry{Natural\_ADA}

\addplot[color=green,mark=*] coordinates {
(1,0)(2,0)(3,0)(4,0)(5,0)(6,0)(7,0)(8,0)(9,0)(10,0)
};
\addlegendentry{Component\_ADA}

\addplot[color=green,mark=*] coordinates {
(1,0.1019047619047619)(2,0.1280952380952381)(3,0.19238095238095237)(4,0.18904761904761905)(5,0.18904761904761905)(6,0.2257142857142857)(7,0.22238095238095235)(8,0.2673809523809524)(9,0.31880952380952376)(10,0.2795238095238095)
};
\addlegendentry{Component\_SVM}

