\addplot[color=green,mark=*] coordinates {
(10,10)(20,20)(30,30)(40,40)(50,50)(60,60)(70,70)(80,80)(90,90)(100,100)(110,110)(120,120)(130,130)(140,140)(150,150)(160,160)
};
\addlegendentry{dial}

\addplot[color=green,mark=*] coordinates {
(10,0.2799852949368831)(20,0.34344037458305887)(30,0.3836271687150834)(40,0.5959139423467978)(50,0.7289892553039465)(60,0.8167889154061205)(70,0.861415660381202)(80,0.9213398227611297)(90,0.9219004405871665)(100,0.9296844316359711)(110,0.9559710492851634)(120,0.9579256198980453)(130,0.9583136782833467)(140,0.9599090425272778)(150,0.9584625576291222)(160,0.9619565217391305)
};
\addlegendentry{Natural\_Unigram\_SVM}

\addplot[color=green,mark=*] coordinates {
(10,0.25904774479641934)(20,0.27332335305804556)(30,0.32855556743096476)(40,0.5107206810116313)(50,0.6686925561360104)(60,0.7718073363095175)(70,0.8346444824498999)(80,0.912137118768355)(90,0.9133013474196353)(100,0.9299691503103391)(110,0.9505447029384813)(120,0.9554617449691973)(130,0.9608259261961438)(140,0.9610107059206711)(150,0.9609316983181341)(160,0.959349593495935)
};
\addlegendentry{Natural\_Unigram+Context\_SVM}

\addplot[color=green,mark=*] coordinates {
(10,0.45958010866913945)(20,0.6773804525074094)(30,0.5215376111328158)(40,0.8327188877511972)(50,0.9507266969291065)(60,0.9521813572717844)(70,0.9523984703619732)(80,0.952353747715774)(90,0.951297753150464)(100,0.9295383202776604)(110,0.9583750813424782)(120,0.9580745440969196)(130,0.9578376469655796)(140,0.9550411669419544)(150,0.9557407605703071)(160,0.9567567567567568)
};
\addlegendentry{Natural\_Unigram\_ADA}

\addplot[color=green,mark=*] coordinates {
(10,0.5287783878907211)(20,0.650307955051878)(30,0.618817425390377)(40,0.8448327695027483)(50,0.9506285302886758)(60,0.9501982956546733)(70,0.9509948564718101)(80,0.9515849898186243)(90,0.9579580868759257)(100,0.9519865681632377)(110,0.9581989839122823)(120,0.9576016123471689)(130,0.9576016123471689)(140,0.9554560298568173)(150,0.9557407605703071)(160,0.9567567567567568)
};
\addlegendentry{Natural\_Unigram+Context\_ADA}

\addplot[color=green,mark=*] coordinates {
(10,0.07737440444507598)(20,0.1289630766537402)(30,0.1328363396399912)(40,0.2645819830837424)(50,0.42883013899011047)(60,0.5215587561684084)(70,0.5316074200017629)(80,0.6701807727576808)(90,0.532037698456868)(100,0.6020395958817419)(110,0.6624044485263556)(120,0.7662748504080342)(130,0.7638247322467033)(140,0.8024824259085287)(150,0.8124790546876436)(160,0.9283667621776505)
};
\addlegendentry{Natural\_Unigram\_RF}

\addplot[color=green,mark=*] coordinates {
(10,0.04466349333773796)(20,0.08933513241521185)(30,0.0959873644221754)(40,0.27464263091770463)(50,0.2995595099256668)(60,0.40784237125904693)(70,0.5055822569008381)(80,0.4635151617415608)(90,0.4734381932381525)(100,0.5282360127452242)(110,0.6321725571763063)(120,0.6504483780200552)(130,0.7340445065980163)(140,0.6804268923612842)(150,0.84127929321256)(160,0.8855421686746988)
};
\addlegendentry{Natural\_Unigram+Context\_RF}

\addplot[color=green,mark=*] coordinates {
(10,0.8718439838407643)(20,0.9419094612240796)(30,0.9377040839482215)(40,0.9393756704181578)(50,0.9449128406210271)(60,0.9427880659938183)(70,0.9422312187366325)(80,0.9406036461052457)(90,0.9413731369265242)(100,0.9403132878753171)(110,0.9362117045551533)(120,null)(130,null)(140,null)(150,null)(160,null)
};
\addlegendentry{Component}

