\addplot[color=green,mark=*] coordinates {
(1,1)(2,2)(3,3)(4,4)(5,5)(6,6)(7,7)(8,8)(9,9)(10,10)
};
\addlegendentry{dial}

\addplot[color=green,mark=*] coordinates {
(1,0.49811085972850677)(2,0.6671380090497737)(3,0.7611701860231272)(4,0.7051124937154348)(5,0.7110356963298139)(6,0.761550402212167)(7,0.7692427099044746)(8,0.7709583961789844)(9,0.7963750628456511)(10,0.8185972850678734)
};
\addlegendentry{MYMO}

\addplot[color=green,mark=*] coordinates {
(1,0)(2,0.08088235294117647)(3,0.08857466063348415)(4,0.08269230769230769)(5,0.07644230769230768)(6,0.09807692307692309)(7,0.09182692307692308)(8,0.17307692307692307)(9,0.24182692307692308)(10,0.2951602564102564)
};
\addlegendentry{Natural\_SVM}

\addplot[color=green,mark=*] coordinates {
(1,0.09411764705882353)(2,0.09375)(3,0.2929656862745098)(4,0.5690686274509804)(5,0.28708333333333336)(6,0.3812009803921569)(7,0.3812009803921569)(8,0.5687009803921569)(9,0.6624509803921569)(10,0.5683333333333334)
};
\addlegendentry{Natural\_ADA}

\addplot[color=green,mark=*] coordinates {
(1,0)(2,0)(3,0)(4,0)(5,0)(6,0)(7,0)(8,0)(9,0)(10,0)
};
\addlegendentry{Component\_ADA}

\addplot[color=green,mark=*] coordinates {
(1,0.6594645550527903)(2,0.7412229763700352)(3,0.7775226244343891)(4,0.7414567621920563)(5,0.7578173705379587)(6,0.7819431875314228)(7,0.7491742081447963)(8,0.7543985671191553)(9,0.7721229260935143)(10,0.792315233785822)
};
\addlegendentry{Component\_SVM}

