\addplot[color=green,mark=*] coordinates {
(10,10)(20,20)(30,30)(40,40)(50,50)(60,60)(70,70)(80,80)(90,90)(100,100)(110,110)(120,120)(130,130)(140,140)(150,150)(160,160)(170,170)
};
\addlegendentry{dial}

\addplot[color=green,mark=*] coordinates {
(10,0.05100289331574816)(20,0.1045444066982846)(30,0.13770832714932932)(40,0.17203625048907445)(50,0.19052046728626626)(60,0.21141450841278386)(70,0.2224814797797645)(80,0.23584214805480594)(90,0.2564739210770995)(100,0.2670755102947385)(110,0.2724043795009176)(120,0.28309605814635874)(130,0.2886833275979042)(140,0.28738956556793466)(150,0.3207688976949933)(160,0.3369016883568053)(170,0.34247598387542666)
};
\addlegendentry{Natural\_Unigram\_SVM}

\addplot[color=green,mark=*] coordinates {
(10,0.05124132989522436)(20,0.10767562492322627)(30,0.14170221061471783)(40,0.1808797282317735)(50,0.19481156655386025)(60,0.22491174410989942)(70,0.2403806206092532)(80,0.2606667447842864)(90,0.2781161599690532)(100,0.2871229289156648)(110,0.2876514658198198)(120,0.3037354858835168)(130,0.3039568074283306)(140,0.30438952004217396)(150,0.3313782139329294)(160,0.3509143977600126)(170,0.356000149373774)
};
\addlegendentry{Natural\_Unigram+Context\_SVM}

\addplot[color=green,mark=*] coordinates {
(10,0.056119226485113305)(20,0.09433074605576205)(30,0.13728499412877002)(40,0.16476776494184203)(50,0.17430202921468424)(60,0.20511160344664753)(70,0.21965582401847614)(80,0.23300362504660782)(90,0.24088906916118752)(100,0.25376667224812954)(110,0.25435888701013465)(120,0.268987355744423)(130,0.2733197044636802)(140,0.26061047489538797)(150,0.2881060622840259)(160,0.3063143568987841)(170,0.31062023848283643)
};
\addlegendentry{Natural\_Unigram\_ADA}

\addplot[color=green,mark=*] coordinates {
(10,0.051383960117611704)(20,0.09513293962526603)(30,0.12183379845759186)(40,0.16526744691302858)(50,0.18174366911649298)(60,0.1992074894600977)(70,0.2182802278273072)(80,0.22854800980398088)(90,0.2388684415575338)(100,0.25040985746738664)(110,0.26511479179402814)(120,0.2746010798725291)(130,0.27252687353832694)(140,0.2581111889419828)(150,0.2907285097986802)(160,0.2893922414373669)(170,0.3112743516131135)
};
\addlegendentry{Natural\_Unigram+Context\_ADA}

\addplot[color=green,mark=*] coordinates {
(10,0.028316957186676754)(20,0.07767699233134226)(30,0.08914003944515564)(40,0.11634120161572878)(50,0.14698647524374014)(60,0.15708373588976815)(70,0.17309992762110524)(80,0.17758972124269828)(90,0.18773803553354879)(100,0.20483948801645502)(110,0.2186300786734333)(120,0.2224989450638119)(130,0.21738140342862225)(140,0.23237432867162586)(150,0.25883195674388815)(160,0.245784518987361)(170,0.2813947995087863)
};
\addlegendentry{Natural\_Unigram\_RF}

\addplot[color=green,mark=*] coordinates {
(10,0.036448374588686834)(20,0.06816117780784096)(30,0.08519682540149721)(40,0.10655229478653172)(50,0.1196776748686956)(60,0.1361627271085689)(70,0.1595820150978534)(80,0.16000465708003644)(90,0.18714989250663638)(100,0.18531112351645104)(110,0.1999147367566066)(120,0.19585243894689217)(130,0.20048696224780344)(140,0.2097713352099146)(150,0.2340229838919779)(160,0.2348464235732515)(170,0.24376972671046093)
};
\addlegendentry{Natural\_Unigram+Context\_RF}

\addplot[color=green,mark=*] coordinates {
(10,0.2752149573923895)(20,0.289153322807537)(30,0.29317850122936995)(40,0.3135652353964107)(50,0.3237015140375218)(60,0.33375087088592553)(70,0.34031165350359166)(80,0.3597924327773093)(90,0.36350489938409003)(100,null)(110,null)(120,null)(130,null)(140,null)(150,null)(160,null)(170,null)
};
\addlegendentry{Component}

