\addplot[color=green,mark=*] coordinates {
(1,1)(2,2)(3,3)(4,4)(5,5)(6,6)(7,7)(8,8)(9,9)(10,10)(15,15)(20,20)(25,25)(30,30)(35,35)(40,40)(45,45)(50,50)(55,55)(60,60)(65,65)(70,70)(75,75)(80,80)(85,85)(90,90)
};
\addlegendentry{dial}

\addplot[color=green,mark=*] coordinates {
(1,0)(2,0)(3,0)(4,0)(5,0)(6,0.06333333333333332)(7,0.015384615384615385)(8,0.015384615384615385)(9,0.02222222222222222)(10,0.02222222222222222)(15,0.016666666666666666)(20,0)(25,0)(30,0)(35,0)(40,0)(45,0)(50,0)(55,0)(60,0)(65,0)(70,0)(75,0)(80,0)(85,0)(90,0)
};
\addlegendentry{Natural\_SVM}

\addplot[color=green,mark=*] coordinates {
(1,0.0044444444444444444)(2,0.025396825396825397)(3,0.015384615384615385)(4,0.015384615384615385)(5,0.015384615384615385)(6,0.11548400412796697)(7,0.130812324929972)(8,null)(9,null)(10,null)(15,null)(20,null)(25,null)(30,null)(35,null)(40,null)(45,null)(50,null)(55,null)(60,null)(65,null)(70,null)(75,null)(80,null)(85,null)(90,null)
};
\addlegendentry{Natural\_Ada}

\addplot[color=green,mark=*] coordinates {
(1,0)(2,0)(3,0)(4,0)(5,0)(6,0.06341991341991342)(7,0.041666666666666664)(8,0.026666666666666665)(9,0)(10,null)(15,null)(20,null)(25,null)(30,null)(35,null)(40,null)(45,null)(50,null)(55,null)(60,null)(65,null)(70,null)(75,null)(80,null)(85,null)(90,null)
};
\addlegendentry{Natural\_RF}

