size	dial	Natural_SVM	Natural_PolynomialSVM	Natural_RadialSVM	Natural_SigmoidSVM	Natural_ADA
1	1	0	0	0	0	0
2	2	0.06323529411764707	0	0.04	0.06290196078431373	0.18746046591740337
3	3	0.05	0	0.02222222222222222	0	0.06698679471788715
4	4	0.05	0	0.02222222222222222	0	0.12636179471788717
5	5	0.05	0	0.00909090909090909	0	0.2043388802889577
6	6	0.06739130434782609	0	0.01818181818181818	0	0.2238222291840713
7	7	0.1719903223510994	0	0.10242930982061416	0.07076923076923078	0.32065255344242455
8	8	0.1629442789251909	0	0.10242930982061416	0.07772486772486772	0.2677912503348123
9	9	0.1587179487179487	0	0.084247491638796	0.07886446886446886	0.29545042382654824
10	10	0.20243754181834675	0	0.12942388880469374	0.1311554905362955	0.3592535425101214