size	dial	Natural_SVM	Natural_ADA	Natural_RF	Component	Component+Context	Natural_SVM_Context	Natural_ADA_Context	Natural_RF_Context
1	1	0.003333333333333333	0.008503401360544217	0	0.5469725559341274	0.807472892213981	0.01037037037037037	0.02696092830661666	0.009600000000000001
2	2	0.02547561097893365	0.04282103821412253	0.01344632768361582	0.727258555191862	0.961190122055297	0.038709321300062445	0.042926519184306434	0.021033288830761315
3	3	0.03980322599265303	0.05848745231825751	0.010577819198508854	0.7446445794486021	0.9648532783161894	0.03968328609265699	0.07623519635238288	0.021749488529051304
4	4	0.06204907131837982	0.06370249194541569	0.017520550745456717	0.7838075550279962	0.9653762366094469	0.06786702869841972	0.07782000294295739	0.017376145490899587
5	5	0.06868865984363293	0.09842656741330935	0.01761210554504585	0.8179615679648968	0.9642998607062712	0.08990420156235457	0.11118428413547714	0.030860616207247997
6	6	0.08157802463002072	0.08913281740650002	0.021055156867513847	0.8051636917073155	0.9628943295379411	0.10278924678085713	0.10808611783083077	0.012950467950467951
7	7	0.08115986199670902	0.10222698350731194	0.018354515005891154	0.8360910361666051	0.964867783008297	0.10594085275201488	0.13580788374578093	0.015423910112421927
8	8	0.0788069439944187	0.1047566964403344	0.020945553996879758	0.8329144179182114	0.9659102411877296	0.09590692918075636	0.11922448602720566	0.028281511608946125
9	9	0.0776200693359396	0.09747014632707532	0.020869711638776656	0.8422805138254909	0.9621361332260147	0.09507245600023995	0.13816806735288428	0.02069257323087023
10	10	0.07685240340310465	0.12273559750888466	0.024466576908991376	0.8517704101415753	0.9616293844692066	0.10230366947588412	0.1459400772869055	0.04009196876364365