\addplot[color=green,mark=*] coordinates {
(1,1)(2,2)(3,3)(4,4)(5,5)(6,6)(7,7)(8,8)(9,9)(10,10)
};
\addlegendentry{dial}

\addplot[color=green,mark=*] coordinates {
(1,0.008)(2,0.01292929292929293)(3,0.01757662835249042)(4,0.018695652173913044)(5,0.02568573667711599)(6,0.05106107514776246)(7,0.016216216216216217)(8,0.016216216216216217)(9,0.0064516129032258064)(10,0.01)
};
\addlegendentry{Natural\_SVM}

\addplot[color=green,mark=*] coordinates {
(1,0.006060606060606061)(2,0.017681159420289853)(3,0.007794871794871795)(4,0.010677382319173364)(5,0.016666666666666666)(6,0.03137622778942721)(7,0.030028731879326108)(8,0.03447008547008547)(9,0.03276594023087712)(10,0.02698197242841994)
};
\addlegendentry{Natural\_ADA}

\addplot[color=green,mark=*] coordinates {
(1,0.011764705882352941)(2,0)(3,0.01)(4,0.013333333333333332)(5,0.01)(6,0.011764705882352941)(7,0.028717948717948714)(8,0.024444444444444442)(9,0.022291021671826623)(10,0.013333333333333332)
};
\addlegendentry{Natural\_RF}

\addplot[color=green,mark=*] coordinates {
(1,0.19241441600440182)(2,0.304387545440177)(3,0.2748013178848094)(4,0.34122308977572136)(5,0.39705460301280737)(6,0.4308165634674922)(7,0.4121713330641181)(8,0.4530152640766453)(9,0.4643840617586748)(10,0.4848506069094304)
};
\addlegendentry{Component}

\addplot[color=green,mark=*] coordinates {
(1,0.1628412513358593)(2,0.3387672025331872)(3,0.3710185833999222)(4,0.4657839548365863)(5,0.48054964057803806)(6,0.5707423437602466)(7,0.5558680926916221)(8,0.7151848621143974)(9,0.7078530165486686)(10,0.7110135841170324)
};
\addlegendentry{Component+Context}

\addplot[color=green,mark=*] coordinates {
(1,0.024)(2,0.04824561403508772)(3,0.07995495495495494)(4,0.05438596491228069)(5,0.04745657246564687)(6,0.06069548872180451)(7,0.08073700310286283)(8,0.0725423561859732)(9,0.061466857610474636)(10,0.04168819982773471)
};
\addlegendentry{Natural\_SVM\_Context}

\addplot[color=green,mark=*] coordinates {
(1,0.006060606060606061)(2,0.025454545454545452)(3,0.026785714285714284)(4,0.032180451127819545)(5,0.03223012281835812)(6,0.059054083171730234)(7,0.07541035353535354)(8,0.08543942330279539)(9,0.0858270202020202)(10,0.07171717171717172)
};
\addlegendentry{Natural\_ADA\_Context}

\addplot[color=green,mark=*] coordinates {
(1,0.021052631578947368)(2,0.013559322033898305)(3,0.026515151515151512)(4,0)(5,0.05926470588235294)(6,0.06505050505050505)(7,0.056862745098039215)(8,0.0225)(9,0.04722222222222222)(10,0.02583333333333333)
};
\addlegendentry{Natural\_RF\_Context}

