\addplot[color=green,mark=*] coordinates {
(1,1)(2,2)(3,3)(4,4)(5,5)(6,6)(7,7)(8,8)(9,9)(10,10)
};
\addlegendentry{dial}

\addplot[color=green,mark=*] coordinates {
(1,0.22490488006617043)(2,0.17521271791753001)(3,0.30581309041835353)(4,0.3241013071895425)(5,0.3674628776241679)(6,0.3259369622988548)(7,0.3410972850678733)(8,0.40577424491217595)(9,0.39265829550210885)(10,0.3722160880055617)
};
\addlegendentry{MYMO}

\addplot[color=green,mark=*] coordinates {
(1,0.02702702702702703)(2,0.02702702702702703)(3,0.026666666666666665)(4,0.0273972602739726)(5,0.0853118712273642)(6,0.028985507246376812)(7,0.04696356275303644)(8,0.05174825174825175)(9,0.02967032967032967)(10,0.04019664545980335)
};
\addlegendentry{Natural\_SVM}

\addplot[color=green,mark=*] coordinates {
(1,0.04827586206896552)(2,0.05185185185185185)(3,0.04666666666666667)(4,0.04444444444444444)(5,0.0873015873015873)(6,0.07521367521367521)(7,0.09743589743589744)(8,0.10934065934065933)(9,0.10934065934065933)(10,0.1282051282051282)
};
\addlegendentry{Natural\_SVM+Context}

\addplot[color=green,mark=*] coordinates {
(1,0.022727272727272728)(2,0.022727272727272728)(3,0.024206349206349204)(4,0.03106060606060606)(5,0.03106060606060606)(6,0)(7,0.016666666666666666)(8,0.04136231884057971)(9,0.0344532279314888)(10,0.053362318840579716)
};
\addlegendentry{Natural\_ADA}

\addplot[color=green,mark=*] coordinates {
(1,0.022727272727272728)(2,0.008333333333333333)(3,0.022727272727272728)(4,0.03106060606060606)(5,0)(6,0.008333333333333333)(7,0.016666666666666666)(8,0.025362318840579712)(9,0.03607660455486542)(10,0.06388863463005338)
};
\addlegendentry{Natural\_ADA+Context}

