size	dial	Natural_SVM	Natural_PolynomialSVM	Natural_RadialSVM	Natural_SigmoidSVM	Natural_ADA
1	1	0.09375	0	0.0875	0.09375	0.08125
2	2	0.129828431372549	0	0.12357843137254902	0.129828431372549	0.08718137254901961
3	3	0.10519607843137255	0	0.08093137254901961	0.09894607843137256	0.09306372549019608
4	4	0.10556372549019608	0	0.0934313725490196	0.10556372549019608	0.11732843137254903
5	5	0.12394607843137255	0	0.1059313725490196	0.08129901960784314	0.12316176470588236
6	6	0.12394607843137255	0	0.10629901960784313	0.07504901960784313	0.0985294117647059
7	7	0.19061274509803922	0	0.17296568627450978	0.10838235294117646	0.21066176470588238
8	8	0.20894607843137253	0	0.18504901960784312	0.12708333333333333	0.20899509803921568
9	9	0.23284313725490197	0	0.20931372549019608	0.17916666666666664	0.24654411764705886
10	10	0.25950980392156864	0	0.22264705882352942	0.15458333333333332	0.3194607843137255