\addplot[color=green,mark=*] coordinates {
(10,10)(20,20)(30,30)(40,40)(50,50)(60,60)(70,70)(80,80)(90,90)(100,100)(110,110)(120,120)(130,130)(140,140)(150,150)(160,160)
};
\addlegendentry{dial}

\addplot[color=green,mark=*] coordinates {
(10,null)(20,null)(30,null)(40,0.46823982851355395)(50,0.5015074503743389)(60,0.5134274779150347)(70,0.5294405794416401)(80,0.5505943885025913)(90,0.5592639638512839)(100,0.5709473746182122)(110,0.5712967647046407)(120,0.5950028330496363)(130,0.596036852757202)(140,0.5886903749542761)(150,0.6001003385010034)(160,0.5946630972070379)
};
\addlegendentry{Natural\_Unigram\_SVM}

\addplot[color=green,mark=*] coordinates {
(10,null)(20,null)(30,null)(40,0.6178139540389797)(50,0.648543752183248)(60,0.6274550535160769)(70,0.6514756033105946)(80,0.6574338929505774)(90,0.6548408869763653)(100,0.6459335015235448)(110,0.6764560008456477)(120,0.6888040837985774)(130,0.6745933643372872)(140,0.6646349058237077)(150,0.6588390333071183)(160,0.6948458808811018)
};
\addlegendentry{Natural\_Unigram+Context\_SVM}

\addplot[color=green,mark=*] coordinates {
(10,null)(20,null)(30,null)(40,0.42125407598031117)(50,0.4326074405577639)(60,0.40874805631791383)(70,0.4374370454218604)(80,0.5098913474477037)(90,0.5505946320891388)(100,0.5695292382136704)(110,0.5560554408359979)(120,0.6015674503929339)(130,0.5651674737008506)(140,0.5451897585779716)(150,0.5733300904317367)(160,0.5655700295338045)
};
\addlegendentry{Natural\_Unigram\_ADA}

\addplot[color=green,mark=*] coordinates {
(10,null)(20,null)(30,null)(40,0.5376857663629441)(50,0.5643195669000944)(60,0.468560072216959)(70,0.5171820183783506)(80,0.549027152143348)(90,0.5664903950490087)(100,0.5789927127260743)(110,0.608603026846947)(120,0.5938213093006386)(130,0.5749461618847914)(140,0.5811312225691943)(150,0.5542309271197731)(160,0.6004559510286508)
};
\addlegendentry{Natural\_Unigram+Context\_ADA}

\addplot[color=green,mark=*] coordinates {
(10,null)(20,null)(30,null)(40,null)(50,0.6330829347555407)(60,0.6502971338589124)(70,0.6191906249266527)(80,0.6585467829162218)(90,0.7095187817712019)(100,0.7146816195704866)(110,0.7164386608563469)(120,0.72713832013305)(130,0.705641595545631)(140,0.7229836778674457)(150,0.7421729840208101)(160,0.7539625351310528)
};
\addlegendentry{Natural\_Unigram\_RF}

\addplot[color=green,mark=*] coordinates {
(10,null)(20,null)(30,null)(40,null)(50,0.7539785822965431)(60,0.7243936825986232)(70,0.7415064823955608)(80,0.7322124444916182)(90,0.7290050292774475)(100,0.6845060901431761)(110,0.7021870369865046)(120,0.7081861217052345)(130,0.7312093500414668)(140,0.7502966671552651)(150,0.6790246555966226)(160,0.6444734079142682)
};
\addlegendentry{Natural\_Unigram+Context\_RF}

\addplot[color=green,mark=*] coordinates {
(10,null)(20,null)(30,0.47910352193178074)(40,0.44129278667875277)(50,0.4412779943378361)(60,0.4433736717816738)(70,0.4484878830014442)(80,0.4566341275467235)(90,0.45741868308259337)(100,null)(110,null)(120,null)(130,null)(140,null)(150,null)(160,null)
};
\addlegendentry{Component}

