size	dial	MYMO	Natural_SVM	Natural_SVM+Context	Natural_ADA	Natural_ADA+Context
1	1	0.4576772247360482	0.011764705882352941	0.011764705882352941	0.10588235294117647	0
2	2	0.6542213423831071	0.09926470588235295	0.07426470588235294	0.28198529411764706	0.18786764705882353
3	3	0.7320035193564605	0.10695701357466063	0.07426470588235294	0.47531862745098036	0.2929656862745098
4	4	0.6936745852187028	0.09482466063348416	0.06838235294117648	0.2929656862745098	0.38083333333333336
5	5	0.7051533433886374	0.10251696832579187	0.06394230769230769	0.5690686274509804	0.48083333333333333
6	6	0.761550402212167	0.10432692307692308	0.08701923076923077	0.4749509803921569	0.28708333333333336
7	7	0.7759093765711412	0.11971153846153845	0.08701923076923077	0.47531862745098036	0.5690686274509804
8	8	0.7772982654600302	0.19951923076923078	0.16346153846153846	0.6628186274509804	0.6628186274509804
9	9	0.8172297637003518	0.31201923076923077	0.21971153846153846	0.7565686274509804	0.6624509803921569
10	10	0.8416742081447964	0.37201923076923077	0.25243589743589745	0.5683333333333334	0.7565686274509804