size	dial	Natural	Natural+Context	Component	Component+Context
1	1	0	0	0	0.042222222222222223
2	2	0	0	0.16412698412698412	0.2162210012210012
3	3	0	0	0.18714285714285714	0.26662504162504164
4	4	0	0	0.21993506493506493	0.2577361527361527
5	5	0.17698412698412697	0.16282467532467532	0.23442110177404296	0.22132586367880486
6	6	0.18469696969696972	0.2011904761904762	0.24748196248196247	0.20464052287581702
7	7	0.2638095238095238	0.3252380952380952	0.3432267732267732	0.3331168831168831
8	8	0.20666666666666664	0.3363492063492063	0.33468253968253964	0.36518759018759017
9	9	0.13999999999999999	0.3363492063492063	0.30190476190476184	0.3369047619047619
10	10	0.19	0.30468253968253967	0.3054761904761904	0.3369047619047619
15	15	0.16111111111111112	0.26867243867243873	0.32658730158730154	0.3163125763125763
20	20	0.3521756021756022	0.3126662226662226	0.43205794205794207	0.36717171717171715
30	30	0.38112554112554115	0.4207509157509158	0.437016872016872	0.41132090132090127
40	40	0.3333549783549784	0.4364502164502165	0.4863209013209013	0.4288850038850039
50	50	0.26836601307189545	0.40469696969696967	0.4827128427128427	0.4148740148740148
60	60	0.3348701298701299	0.4201875901875902	0.47474580974580977	0.4434454434454434
70	70	0.35603174603174603	0.4248701298701299	0.47963591963591956	0.4434454434454434
80	80	0.3002380952380952	0.325	0.4576029526029526	0.4212842712842712
90	90	0.26916666666666667	0.3221428571428572	0.44221833721833714	0.41998001998001994