\addplot[color=green,mark=*] coordinates {
(1,1)(2,2)(3,3)(4,4)(5,5)(6,6)(7,7)(8,8)(9,9)(10,10)
};
\addlegendentry{dial}

\addplot[color=green,mark=*] coordinates {
(1,0.5378970777062675)(2,0.7077753396212954)(3,0.8011752948654521)(4,0.82823064840433)(5,0.8599973344599234)(6,0.9096385105238367)(7,0.9317753555325712)(8,0.9308456388865185)(9,0.9357699106963369)(10,0.925923211460454)
};
\addlegendentry{MYMO}

\addplot[color=green,mark=*] coordinates {
(1,0.0032949152542372877)(2,0.26336899617023546)(3,0.45823267322668243)(4,0.5949184024293427)(5,0.6945578190593722)(6,0.8516643712949223)(7,0.9257087542574528)(8,0.9449854618974044)(9,0.9561106739997399)(10,0.9569714213931155)
};
\addlegendentry{Natural\_SVM}

\addplot[color=green,mark=*] coordinates {
(1,0.001694915254237288)(2,0.25720262625822815)(3,0.43522064851469977)(4,0.5575484668477163)(5,0.64629965681903)(6,0.8276042947715905)(7,0.9025584625924598)(8,0.931741448299837)(9,0.941936561355301)(10,0.9436717805432273)
};
\addlegendentry{Natural\_SVM+Context}

\addplot[color=green,mark=*] coordinates {
(1,0.11886438907120736)(2,0.6285669441686781)(3,0.7697801690473584)(4,0.9208380462986263)(5,0.91757667268619)(6,0.9152423434107739)(7,0.9553336635235811)(8,0.9553336635235811)(9,0.9580549471426352)(10,0.9572037335232171)
};
\addlegendentry{Natural\_ADA}

\addplot[color=green,mark=*] coordinates {
(1,0.05895708111777559)(2,0.6335071519819578)(3,0.8660207705511178)(4,0.8467772234005938)(5,0.9553336635235811)(6,0.9232340998574703)(7,0.9553336635235811)(8,0.9544824499041631)(9,0.9580549471426352)(10,0.954149407166911)
};
\addlegendentry{Natural\_ADA+Context}

