size	dial	Natural_Unigram_SVM	Natural_Unigram+Context_SVM	Natural_Unigram_ADA	Natural_Unigram+Context_ADA	Natural_Unigram_RF	Natural_Unigram+Context_RF	Component
10	10	0	0	0	0	0	0	0.025
20	20	0	0	0	0	0	0	0.13999999999999999
30	30	0	0	0	0	0	0	0.15
40	40	0	0	0	0	0	0	0.09714285714285714
50	50	0	0	0	0	0	0	0.13999999999999999
60	60	0	0	0	0	0	0	0.16
70	70	0	0	0	0	0	0	0.21999999999999997
80	80	0	0	0	0	0	0	0.21000000000000002
90	90	0	0	0	0	0	0	0.12000000000000002
100	100	0	0	0	0	0	0	0.16
110	110	0	0	0	0	0	0	0.25
120	120	0	0	0	0	0	0	null
130	130	0	0	0	0	0	0	null
140	140	0	0	0	0	0	0	null
150	150	0	0	0	0	0	0	null
160	160	0	0	0	0	0	0	null