\addplot[color=green,mark=*] coordinates {
(10,10)(20,20)(30,30)(40,40)(50,50)(60,60)(70,70)(80,80)(90,90)(100,100)(110,110)(120,120)(130,130)(140,140)(150,150)(160,160)
};
\addlegendentry{dial}

\addplot[color=green,mark=*] coordinates {
(10,0)(20,0.0064516129032258064)(30,0)(40,0)(50,0)(60,0)(70,0.02)(80,0.025)(90,0.02857142857142857)(100,0.02857142857142857)(110,0.02857142857142857)(120,0.02857142857142857)(130,0.025)(140,0)(150,0)(160,0)
};
\addlegendentry{Natural\_Unigram\_SVM}

\addplot[color=green,mark=*] coordinates {
(10,0)(20,0.015384615384615385)(30,0.04)(40,0.04)(50,0.04)(60,0.09)(70,0.09)(80,0.05)(90,0.05)(100,0.05)(110,0.05)(120,0.05)(130,0.05)(140,0)(150,0)(160,0)
};
\addlegendentry{Natural\_Unigram+Context\_SVM}

\addplot[color=green,mark=*] coordinates {
(10,0)(20,0.002127659574468085)(30,0)(40,0)(50,0)(60,0)(70,0)(80,0)(90,0.013333333333333332)(100,0.013333333333333332)(110,0.013333333333333332)(120,0.013333333333333332)(130,0.013333333333333332)(140,0)(150,0)(160,0)
};
\addlegendentry{Natural\_Unigram\_ADA}

\addplot[color=green,mark=*] coordinates {
(10,0)(20,0.002127659574468085)(30,0.003305785123966942)(40,0.003305785123966942)(50,0)(60,0)(70,0.0125)(80,0)(90,0)(100,0)(110,0)(120,0.004081632653061224)(130,0)(140,0)(150,0)(160,0)
};
\addlegendentry{Natural\_Unigram+Context\_ADA}

\addplot[color=green,mark=*] coordinates {
(10,0)(20,0)(30,0)(40,0)(50,0.06666666666666667)(60,0)(70,0)(80,0)(90,0)(100,0)(110,0)(120,0)(130,0)(140,0)(150,0)(160,0)
};
\addlegendentry{Natural\_Unigram\_RF}

\addplot[color=green,mark=*] coordinates {
(10,0)(20,0)(30,0)(40,0)(50,0)(60,0)(70,0)(80,0)(90,0)(100,0)(110,0)(120,0)(130,0)(140,0)(150,0)(160,0)
};
\addlegendentry{Natural\_Unigram+Context\_RF}

\addplot[color=green,mark=*] coordinates {
(10,0.16285714285714287)(20,0.3167887667887668)(30,0.37636249715197084)(40,0.3994871794871795)(50,0.4435353535353535)(60,0.5074603174603174)(70,0.548888888888889)(80,0.5083760683760683)(90,0.5463125763125763)(100,0.5628138528138529)(110,0.5371428571428571)(120,null)(130,null)(140,null)(150,null)(160,null)
};
\addlegendentry{Component}

