\addplot[color=green,mark=*] coordinates {
(1,1)(2,2)(3,3)(4,4)(5,5)(6,6)(7,7)(8,8)(9,9)(10,10)
};
\addlegendentry{dial}

\addplot[color=green,mark=*] coordinates {
(1,0)(2,0)(3,0)(4,0.016666666666666666)(5,0.016666666666666666)(6,0.01818181818181818)(7,0.01818181818181818)(8,0.016666666666666666)(9,0.03888888888888888)(10,0.03888888888888888)
};
\addlegendentry{Natural\_SVM}

\addplot[color=green,mark=*] coordinates {
(1,0)(2,0)(3,0)(4,0.016666666666666666)(5,0.010526315789473684)(6,0.016666666666666666)(7,0.016666666666666666)(8,0.016666666666666666)(9,0.030952380952380953)(10,0.03333333333333333)
};
\addlegendentry{Natural\_ADA}

\addplot[color=green,mark=*] coordinates {
(1,0)(2,0)(3,0)(4,0)(5,0)(6,0)(7,0)(8,0)(9,0)(10,0)
};
\addlegendentry{Natural\_RF}

\addplot[color=green,mark=*] coordinates {
(1,0.015384615384615385)(2,0.16654761904761903)(3,0.2180112044817927)(4,0.2832764457764458)(5,0.31146358543417363)(6,0.38000634985929105)(7,0.3772118078000431)(8,0.3514285714285714)(9,0.38858776844070964)(10,0.4338888888888889)
};
\addlegendentry{Component}

\addplot[color=green,mark=*] coordinates {
(1,0.04)(2,0.10347985347985347)(3,0.16586080586080584)(4,0.21176129426129425)(5,0.25261904761904763)(6,0.2828490627020039)(7,0.31532805429864247)(8,0.33554334554334553)(9,0.34899752208575735)(10,0.35981748643513345)
};
\addlegendentry{Component+Context}

\addplot[color=green,mark=*] coordinates {
(1,0)(2,0)(3,0)(4,0)(5,0.01818181818181818)(6,0)(7,0)(8,0)(9,0)(10,0)
};
\addlegendentry{Natural\_SVM\_Context}

\addplot[color=green,mark=*] coordinates {
(1,0)(2,0)(3,0)(4,0.010526315789473684)(5,0.016666666666666666)(6,0.016666666666666666)(7,0.016666666666666666)(8,0.016666666666666666)(9,0.016666666666666666)(10,0.016666666666666666)
};
\addlegendentry{Natural\_ADA\_Context}

\addplot[color=green,mark=*] coordinates {
(1,0)(2,0)(3,0)(4,0)(5,0)(6,0)(7,0)(8,0)(9,0)(10,0)
};
\addlegendentry{Natural\_RF\_Context}

