size	dial	Natural_SVM	Natural_ADA	Natural_RF	Component	Component+Context	Natural_SVM_Context	Natural_ADA_Context	Natural_RF_Context
1	1	0	0	0	0.03791731892474204	0.048190304125263476	0	0	0
2	2	0	0	0	0.04827067669172932	0.15666666666666668	0	0	0
3	3	0	0	0	0.09184581896446303	0.14675324675324675	0	0	0
4	4	0	0	0	0.073015873015873	0.08333333333333333	0	0	0
5	5	0	0	0	0.12148622549748958	0.06818181818181819	0	0	0
6	6	0	0	0	0.07545202859156348	0.203956043956044	0	0	0
7	7	0	0	0	0.05888888888888889	0.19675324675324674	0	0	0
8	8	0	0	0	0.07911217437533227	0.24238095238095236	0	0	0
9	9	0	0	0	0.025910931174089068	0.23047619047619045	0	0	0
10	10	0	0	0	0.06048265460030165	0.21333333333333332	0	0	0