\addplot[color=green,mark=*] coordinates {
(1,1)(2,2)(3,3)(4,4)(5,5)(6,6)(7,7)(8,8)(9,9)(10,10)(15,15)(20,20)(30,30)(40,40)(50,50)(60,60)(70,70)(80,80)(90,90)
};
\addlegendentry{dial}

\addplot[color=green,mark=*] coordinates {
(1,0)(2,0.11070378014936295)(3,0.08245532245532244)(4,0.10652437802895469)(5,0.08017129928894634)(6,0.10252367028682818)(7,0.07866586028350735)(8,0.08165601023017903)(9,0.059166666666666666)(10,0.06571448783248443)(15,0.07414021164021163)(20,0.058241758241758236)(30,0.03428571428571429)(40,0.0458008658008658)(50,0.02)(60,0.03428571428571429)(70,0.03428571428571429)(80,0.03428571428571429)(90,0.014285714285714285)
};
\addlegendentry{Natural}

\addplot[color=green,mark=*] coordinates {
(1,0)(2,0.15669638919944914)(3,0.1483275012138967)(4,0.15749248860418277)(5,0.1372722246793454)(6,0.1018276294183735)(7,0.18462663067926224)(8,0.1566186507362978)(9,0.16726445123503947)(10,0.1705371383002962)(15,0.0877303504118386)(20,0.11592592592592595)(30,0.08825618825618826)(40,0.030526315789473686)(50,0.050555555555555555)(60,0.03428571428571429)(70,0.06)(80,0.03428571428571429)(90,0.04133333333333334)
};
\addlegendentry{Natural+Context}

\addplot[color=green,mark=*] coordinates {
(1,0.9639643464587143)(2,0.7723105652517417)(3,0.798393174480804)(4,0.7919737136613566)(5,0.7734740259740259)(6,0.8629369715849726)(7,0.9415249064660829)(8,0.9486042181965575)(9,0.9511412160823927)(10,0.9225817618913595)(15,0.9364859454271219)(20,0.9067265821873425)(30,0.9095193243289218)(40,0.8988380377792143)(50,0.8827208895824767)(60,0.8944841187937163)(70,0.9153230342642107)(80,0.9186683893195522)(90,0.9212053872053871)
};
\addlegendentry{Component}

\addplot[color=green,mark=*] coordinates {
(1,0.9722862837806518)(2,0.9632428055197823)(3,0.9679529504473183)(4,0.9632428055197823)(5,0.9586296296296297)(6,0.9722862837806518)(7,0.96573278393483)(8,0.9679529504473183)(9,0.9679529504473183)(10,0.9722862837806518)(15,0.96573278393483)(20,0.96573278393483)(30,0.9679529504473183)(40,0.9722862837806518)(50,0.9679529504473183)(60,0.9679529504473183)(70,0.9722862837806518)(80,0.9722862837806518)(90,0.9722862837806518)
};
\addlegendentry{Component+Context}

