\addplot[color=green,mark=*] coordinates {
(1,1)(2,2)(3,3)(4,4)(5,5)(6,6)(7,7)(8,8)(9,9)(10,10)
};
\addlegendentry{dial}

\addplot[color=green,mark=*] coordinates {
(1,0.19252025341294537)(2,0.22670037866770695)(3,0.3446404731749922)(4,0.3903970076710927)(5,0.4538943249762151)(6,0.5268303579853979)(7,0.4703124380945701)(8,0.5615400146977957)(9,0.5972883974178311)(10,0.6075632356295223)
};
\addlegendentry{Natural\_Unigram\_SVM}

\addplot[color=green,mark=*] coordinates {
(1,0.24105696184789616)(2,0.37786210329273484)(3,0.46196731432541843)(4,0.5515176857761909)(5,0.5974997380664451)(6,0.6309765790403544)(7,0.6245727325784106)(8,0.6682271749483741)(9,0.7115697221653866)(10,0.7171867858114951)
};
\addlegendentry{Natural\_Unigram+Context\_SVM}

\addplot[color=green,mark=*] coordinates {
(1,0.17157163681215484)(2,0.21913364086173565)(3,0.35271845783766176)(4,0.39384547964368105)(5,0.4614969805491359)(6,0.45337746660996653)(7,0.5159496219085536)(8,0.5756658830136766)(9,0.5746723504572983)(10,0.5562703001333185)
};
\addlegendentry{Natural\_Unigram\_ADA}

\addplot[color=green,mark=*] coordinates {
(1,0.16717755725618816)(2,0.2226977855496059)(3,0.363918123519856)(4,0.42922514775050685)(5,0.4737979031570855)(6,0.5729886886980606)(7,0.6464439207823838)(8,0.6208635522635209)(9,0.5929276601763701)(10,0.6592640032498576)
};
\addlegendentry{Natural\_Unigram+Context\_ADA}

\addplot[color=green,mark=*] coordinates {
(1,0.15767246937459706)(2,0.27736045327559206)(3,0.27919589145504303)(4,0.34692906623382164)(5,0.3696391883466449)(6,0.3823581676859472)(7,0.4141486308059975)(8,0.47838401916749324)(9,0.508500891055103)(10,0.5501128212295685)
};
\addlegendentry{Natural\_Unigram\_RF}

\addplot[color=green,mark=*] coordinates {
(1,0.10443122249320214)(2,0.30366068673761715)(3,0.3704415435386598)(4,0.3706061974847033)(5,0.5358833933257043)(6,0.5377878381640088)(7,0.5572508757683361)(8,0.6108619436347378)(9,0.612651102973932)(10,0.7230187139334806)
};
\addlegendentry{Natural\_Unigram+Context\_RF}

\addplot[color=green,mark=*] coordinates {
(1,0)(2,0)(3,0)(4,0)(5,0)(6,0)(7,0)(8,0)(9,0)(10,0)
};
\addlegendentry{Component}

