size	dial	Natural_SVM	Natural_ADA	Natural_RF	Component	Component+Context	Natural_SVM_Context	Natural_ADA_Context	Natural_RF_Context
1	1	0	0	0	0.34094304388422036	0.26237161531279174	0	0	0
2	2	0	0	0	0.2883925500024571	0.2877143839992137	0	0	0
3	3	0.014285714285714285	0.014285714285714285	0	0.2989188657919308	0.38539240257506513	0.014285714285714285	0.014285714285714285	0
4	4	0.02142857142857143	0.014285714285714285	0	0.3192957884908349	0.4209396039117402	0.02142857142857143	0.02142857142857143	0.007142857142857143
5	5	0.02142857142857143	0.014285714285714285	0	0.368499680573984	0.45592903828197945	0.02142857142857143	0.014285714285714285	0
6	6	0.02142857142857143	0.030672268907563027	0.0058823529411764705	0.36232492997198884	0.5528109489409799	0.05210084033613445	0.05084033613445378	0.018907563025210083
7	7	0.014285714285714285	0.037815126050420166	0.0058823529411764705	0.3570494864612512	0.5661629564106344	0.05210084033613445	0.043697478991596636	0.011764705882352941
8	8	0.014285714285714285	0.026050420168067225	0.011764705882352941	0.3103297459334611	0.6572239422084623	0.037815126050420166	0.06764705882352942	0.011764705882352941
9	9	0.014285714285714285	0.026050420168067225	0.0058823529411764705	0.3397292250233427	0.6399036807705538	0.037815126050420166	0.07352941176470587	0.011764705882352941
10	10	0.007142857142857143	0.03319327731092436	0.011764705882352941	0.35025554081281635	0.6296476485330974	0.05210084033613445	0.09243697478991596	0.013025210084033612