\addplot[color=green,mark=*] coordinates {
(1,1)(2,2)(3,3)(4,4)(5,5)(6,6)(7,7)(8,8)(9,9)(10,10)
};
\addlegendentry{dial}

\addplot[color=green,mark=*] coordinates {
(1,0)(2,0)(3,0.047058823529411764)(4,0.047058823529411764)(5,0.038461538461538464)(6,0.06573426573426573)(7,0.05904761904761905)(8,0.07727272727272727)(9,0.08333333333333333)(10,0.10405844155844154)
};
\addlegendentry{Natural\_Unigram\_SVM}

\addplot[color=green,mark=*] coordinates {
(1,0)(2,0)(3,0.05333333333333333)(4,0.05333333333333333)(5,0.046153846153846156)(6,0.07374005305039788)(7,0.08995502248875561)(8,0.10273752012882446)(9,0.13130894870025306)(10,0.1403306878306878)
};
\addlegendentry{Natural\_Unigram+Context\_SVM}

\addplot[color=green,mark=*] coordinates {
(1,0.0064516129032258064)(2,0.05185185185185185)(3,0.09185185185185185)(4,0.10185185185185186)(5,0.035897435897435895)(6,0.08774928774928774)(7,0.08968968968968968)(8,0.0834307992202729)(9,0.14232126863705813)(10,0.16812106223870932)
};
\addlegendentry{Natural\_Unigram\_ADA}

\addplot[color=green,mark=*] coordinates {
(1,0.05185185185185185)(2,0.05185185185185185)(3,0.09954233409610984)(4,0.10479302832244008)(5,0.047368421052631574)(6,0.1005005005005005)(7,0.09922027290448343)(8,0.1005005005005005)(9,0.1531320794478689)(10,0.16611136022900727)
};
\addlegendentry{Natural\_Unigram+Context\_ADA}

\addplot[color=green,mark=*] coordinates {
(1,0)(2,0)(3,0)(4,0)(5,0.02)(6,0)(7,0)(8,0.02)(9,0)(10,0)
};
\addlegendentry{Natural\_Unigram\_RF}

\addplot[color=green,mark=*] coordinates {
(1,0)(2,0)(3,0)(4,0.02)(5,0)(6,0.03636363636363636)(7,0.02)(8,0.01818181818181818)(9,0.03636363636363636)(10,0.03636363636363636)
};
\addlegendentry{Natural\_Unigram+Context\_RF}

\addplot[color=green,mark=*] coordinates {
(1,0)(2,0)(3,0)(4,0)(5,0)(6,0)(7,0)(8,0)(9,0)(10,0)
};
\addlegendentry{Component}

