size	dial	Natural_SVM	Natural_PolynomialSVM	Natural_RadialSVM	Natural_SigmoidSVM	Natural_ADA
1	1	0.11604478410853787	0	0.09926159700324128	0.12045654881442022	0.39811598580382085
2	2	0.15250747431995226	0	0.11197445167274105	0.1553669514441353	0.5650403434747205
3	3	0.3818784142723656	0	0.35653691971318274	0.3818784142723656	0.5471947617251149
4	4	0.46081062286532976	0	0.4352030775188906	0.46081062286532976	0.5465805373392303
5	5	0.4727903161417076	0	0.4505891164558956	0.4727903161417076	0.6584310158689387
6	6	0.5380651120241702	0	0.5227692776566679	0.5205550718635277	0.6672383718752426
7	7	0.5318151907705281	0	0.5142000792945922	0.5114095682805683	0.6944512995352495
8	8	0.63182937326842	0	0.614657734236164	0.5903198086943342	0.8041883650687964
9	9	0.6831557869627602	0	0.6605811573316444	0.6522420288880453	0.8284782377643254
10	10	0.6853024114353341	0	0.6654419168253152	0.6581027883817162	0.8103781093946207