size	dial	Natural_Unigram_SVM	Natural_Unigram+Context_SVM	Natural_Unigram_ADA	Natural_Unigram+Context_ADA	Natural_Unigram_RF	Natural_Unigram+Context_RF	Component
1	1	0	0	0	0	0	0	0
2	2	0.0375	0.0375	0.0875	0.0375	0.0375	0.025	0
3	3	0.0375	0.0375	0.0375	0.12638888888888888	0.0125	0.025	0
4	4	0.08035714285714286	0.10892857142857144	0.06607142857142857	0.06607142857142857	0.05178571428571428	0.05357142857142857	0
5	5	0.10535714285714286	0.12142857142857144	0.13214285714285715	0.13214285714285715	0.039285714285714285	0.05357142857142857	0
6	6	0.10535714285714286	0.12142857142857144	0.11369047619047619	0.1369047619047619	0.039285714285714285	0.039285714285714285	0
7	7	0.11785714285714285	0.14642857142857144	0.14107142857142857	0.15218253968253967	0.02857142857142857	0.05178571428571428	0
8	8	0.11964285714285713	0.11785714285714285	0.14107142857142857	0.1886904761904762	0.0125	0.05357142857142857	0
9	9	0.10535714285714286	0.11785714285714285	0.1744047619047619	0.15535714285714286	0.026785714285714284	0.026785714285714284	0
10	10	0.10535714285714286	0.11785714285714285	0.14107142857142857	0.1886904761904762	0.02857142857142857	0.039285714285714285	0