size	dial	MYMO	Natural_SVM	Natural_SVM+Context	Natural_ADA	Natural_ADA+Context
1	1	0.026666666666666665	0	0	0	0.00784313725490196
2	2	0.1603921568627451	0.047058823529411764	0.047058823529411764	0.05454545454545454	0.05454545454545454
3	3	0.17317460317460315	0.09641025641025641	0.12205882352941178	0.07893907893907894	0.10883116883116883
4	4	0.2227310924369748	0.1038157894736842	0.13318322544328737	0.08094777562862668	0.11433566433566433
5	5	0.2584087481146305	0.07492690058479531	0.12783563186039965	0.07339160839160838	0.15644092749355906
6	6	0.28591254227443486	0.09833916083916085	0.14329017731494512	0.1395078605604921	0.11403263403263404
7	7	0.306447963800905	0.09878542510121457	0.1391471273824215	0.15522214627477787	0.12736596736596736
8	8	0.3478776125834949	0.09878542510121457	0.1391471273824215	0.10978354978354979	0.22497847690067369
9	9	0.3955672268907563	0.13211875843454787	0.16638655462184873	0.20406272598492275	0.22497847690067369
10	10	0.436493608937828	0.19804778554778557	0.20130718954248367	0.23960420063930066	0.2135951621477937