size	dial	Natural_Unigram_SVM	Natural_Unigram+Context_SVM	Natural_Unigram_ADA	Natural_Unigram+Context_ADA	Natural_Unigram_RF	Natural_Unigram+Context_RF	Component
10	10	0.05178571428571428	0.09107160638714036	0.3951917742451724	0.3567302357836339	0.0057692307692307696	0.09833333333333333	0.8462806465036365
20	20	0.08836080586080586	0.0749084249084249	0.2942582417582418	0.3951917742451724	0.020192307692307693	0.0019230769230769232	0.9330606522985899
30	30	0.14583478402785333	0.13726553149820475	0.5845862906198867	0.4893170937972918	0.03337884887389838	0.00972962680883473	0.8833858270288755
40	40	0.2856199169816432	0.24473486622332025	0.8771264723110118	0.8825810177655573	0.06308174218831794	0.0067787328183367785	0.9240388468461014
50	50	0.4411719695303985	0.3727027946559867	0.8816719268564663	0.8771264723110118	0.03416624561986296	0.03297586410793958	0.9212646112095655
60	60	0.6138181936037779	0.542485585208285	0.8980355632201027	0.8980355632201027	0.12423402843019644	0.14971997382938804	0.9515513995642596
70	70	0.6784712169001986	0.5988974312986616	0.9743991995837391	0.9743991995837391	0.13455288557607553	0.15044892971586382	0.9452758693745691
80	80	0.8188019047308867	0.7332525134692778	0.9743991995837391	0.9743991995837391	0.15212256630650092	0.2996736641490241	0.9525052141039139
90	90	0.8471566171977791	0.7369289803626324	0.9503892985936402	0.9725473477318873	0.19091352119560148	0.25748713246723165	0.9534842228659415
100	100	0.8425161507148878	0.7321215461802584	0.9522411504454918	0.9735374467417882	0.23782016158258318	0.24610499226972796	null
110	110	0.886395876530444	0.8142427453759952	0.9735374467417882	0.9522411504454918	0.24201892937257732	0.2721667286316408	null
120	120	0.8977435854253228	0.8348628363262749	0.9716855948899363	0.9716855948899363	0.26915892526408547	0.24934661206844572	null
130	130	0.9567467865212359	0.900237082698944	0.9716887119806283	0.9716887119806283	0.27691823738870347	0.2833656421653923	null
140	140	0.9644403058489889	0.928485043656103	0.9774032688119517	0.9774032688119517	0.305969851732685	0.2093964522543724	null
150	150	0.9459865011658398	0.894097978980288	0.9790356394129979	0.9790356394129979	0.28975358227646664	0.32515472459195605	null
160	160	0.9559736896121477	0.9143528608626061	0.9782203587235033	0.9782203587235033	0.17158544994960714	0.28003680871231773	null
170	170	0.9716981132075472	0.9716981132075472	0.9716981132075472	0.9716981132075472	0.41509433962264153	0.330188679245283	null