\addplot[color=green,mark=*] coordinates {
(10,10)(20,20)(30,30)(40,40)(50,50)(60,60)(70,70)(80,80)(90,90)(100,100)(110,110)(120,120)(130,130)(140,140)(150,150)(160,160)
};
\addlegendentry{dial}

\addplot[color=green,mark=*] coordinates {
(10,0.0772100876633257)(20,0.10575380639862389)(30,0.2124078664259624)(40,0.3823987296613961)(50,0.5319765046175677)(60,0.6936657498745862)(70,0.8093935849607619)(80,0.8838146453685068)(90,0.8947748981768788)(100,0.8932474465164306)(110,0.9213144522264404)(120,0.9301885759270563)(130,0.9654964431059492)(140,0.9685895049956924)(150,0.9617310159054122)(160,0.9703295662374947)
};
\addlegendentry{Natural\_Unigram\_SVM}

\addplot[color=green,mark=*] coordinates {
(10,0.11037642288378488)(20,0.10860995551967192)(30,0.2152782976271228)(40,0.3367012399473276)(50,0.4555168590225419)(60,0.6648081007911399)(70,0.7494607368579426)(80,0.829186730950348)(90,0.8222806691334889)(100,0.8151394460399176)(110,0.8712972487606034)(120,0.8933263208351683)(130,0.9319439306289706)(140,0.9507777955742684)(150,0.9292506451420112)(160,0.9450436433754156)
};
\addlegendentry{Natural\_Unigram+Context\_SVM}

\addplot[color=green,mark=*] coordinates {
(10,0.2954021037303069)(20,0.32729229541728405)(30,0.48665364491207386)(40,0.8760367197537022)(50,0.8809547525405875)(60,0.9114213351383178)(70,0.9736893019133266)(80,0.9736893019133266)(90,0.9607473935049082)(100,0.9594673162172228)(110,0.97321274552835)(120,0.9746102512588135)(130,0.9724374217791215)(140,0.9766997187838742)(150,0.9783003910541002)(160,0.9789660822269518)
};
\addlegendentry{Natural\_Unigram\_ADA}

\addplot[color=green,mark=*] coordinates {
(10,0.3245745466210308)(20,0.3096752485985566)(30,0.48665364491207386)(40,0.8809547525405875)(50,0.8760367197537022)(60,0.9114213351383178)(70,0.9736893019133266)(80,0.9736893019133266)(90,0.9717102837243807)(100,0.97321274552835)(110,0.97321274552835)(120,0.9724160457418791)(130,0.9732185472374347)(140,0.9766997187838742)(150,0.9783003910541002)(160,0.9789660822269518)
};
\addlegendentry{Natural\_Unigram+Context\_ADA}

\addplot[color=green,mark=*] coordinates {
(10,0.008798391151332328)(20,0.013531032247609787)(30,0.03306304041598159)(40,0.013250709088666912)(50,0.10220391822336465)(60,0.2670775401538137)(70,0.18442304671036946)(80,0.20452713809963957)(90,0.3250333918225904)(100,0.39521694916303274)(110,0.3527063864394776)(120,0.27796022304037293)(130,0.4004158198736654)(140,0.33131942925279195)(150,0.27775754650754647)(160,0.5343019769503047)
};
\addlegendentry{Natural\_Unigram\_RF}

\addplot[color=green,mark=*] coordinates {
(10,0.00196078431372549)(20,0.03387096774193548)(30,0.019311355311355312)(40,0.08091535529438773)(50,0.08271702290347706)(60,0.14349702802093472)(70,0.30420594041855653)(80,0.23519010766889042)(90,0.19135070455902276)(100,0.33102250521111903)(110,0.3797368335217809)(120,0.4188773888714183)(130,0.326867254550602)(140,0.32666796971363066)(150,0.24446824442850132)(160,0.39412568306010926)
};
\addlegendentry{Natural\_Unigram+Context\_RF}

\addplot[color=green,mark=*] coordinates {
(10,0.8865639748686182)(20,0.95112049454507)(30,0.9301167801401341)(40,0.9456773115496876)(50,0.9503686187450675)(60,0.962780764288721)(70,0.9601757141524402)(80,0.9649007427327622)(90,0.9638801698657758)(100,null)(110,null)(120,null)(130,null)(140,null)(150,null)(160,null)
};
\addlegendentry{Component}

