\addplot[color=green,mark=*] coordinates {
(1,1)(2,2)(3,3)(4,4)(5,5)(6,6)(7,7)(8,8)(9,9)(10,10)
};
\addlegendentry{dial}

\addplot[color=green,mark=*] coordinates {
(1,0.06632939292491788)(2,0.09423655761371996)(3,0.1428754843589522)(4,0.1644422502047176)(5,0.22607031095266392)(6,0.2568296644081126)(7,0.25793051002747347)(8,0.2790391076707157)(9,0.3033243606583408)(10,0.28840907741144506)
};
\addlegendentry{MYMO}

\addplot[color=green,mark=*] coordinates {
(1,0.03592592592592593)(2,0.04751509661835749)(3,0.0873259968137282)(4,0.12387451406215026)(5,0.14664276606903232)(6,0.15644483581962396)(7,0.2081539020683413)(8,0.21289782174342026)(9,0.23467866476340463)(10,0.25094311910063316)
};
\addlegendentry{Natural\_SVM}

\addplot[color=green,mark=*] coordinates {
(1,0.10030786671995931)(2,0.06833905803821959)(3,0.11895714849410263)(4,0.15452035056064045)(5,0.19094248970822597)(6,0.16188599004505566)(7,0.21023463282461624)(8,0.2280224581170076)(9,0.2718817199910928)(10,0.27241602603923454)
};
\addlegendentry{Natural\_ADA}

\addplot[color=green,mark=*] coordinates {
(1,0)(2,0)(3,0)(4,0)(5,0)(6,0)(7,0)(8,0)(9,0)(10,0)
};
\addlegendentry{Component\_ADA}

\addplot[color=green,mark=*] coordinates {
(1,0.08408060193774479)(2,0.15215963138981184)(3,0.15640221010288025)(4,0.18429728489293185)(5,0.2272550201798965)(6,0.2643849199521048)(7,0.2588080889984177)(8,0.26651546108931357)(9,0.2865177245218995)(10,0.31125185090178387)
};
\addlegendentry{Component\_SVM}

