\addplot[color=green,mark=*] coordinates {
(1,1)(2,2)(3,3)(4,4)(5,5)(6,6)(7,7)(8,8)(9,9)(10,10)
};
\addlegendentry{dial}

\addplot[color=green,mark=*] coordinates {
(1,0.02857142857142857)(2,0.04019607843137255)(3,0.07366666666666667)(4,0.07521367521367521)(5,0.09012751953928425)(6,0.08373365764670113)(7,0.0777056277056277)(8,0.08095238095238094)(9,0.08095238095238094)(10,0.14948717948717952)
};
\addlegendentry{Natural\_SVM}

\addplot[color=green,mark=*] coordinates {
(1,0.00909090909090909)(2,0.027332242225859248)(3,0.05286415711947627)(4,0.12753322259136213)(5,0.1355952380952381)(6,0.14765037593984964)(7,0.1425865800865801)(8,0.12595365161154634)(9,0.1252788877788878)(10,0.19724551764025447)
};
\addlegendentry{Natural\_ADA}

\addplot[color=green,mark=*] coordinates {
(1,0.016666666666666666)(2,0)(3,0)(4,0.053030303030303025)(5,0.04285714285714286)(6,0)(7,0.0404040404040404)(8,0.03333333333333333)(9,0.06666666666666667)(10,0.033566433566433566)
};
\addlegendentry{Natural\_RF}

\addplot[color=green,mark=*] coordinates {
(1,0.00909090909090909)(2,0.1431540389435126)(3,0.15259713821712037)(4,0.20490007068954436)(5,0.24197052947052944)(6,0.24596973202236358)(7,0.2296125891652207)(8,0.26048082034924136)(9,0.26902427637721754)(10,0.28439081058780097)
};
\addlegendentry{Component\_SVM}

\addplot[color=green,mark=*] coordinates {
(1,0.016216216216216217)(2,0.10858111187058554)(3,0.14761197348209232)(4,0.24720891082447144)(5,0.287231933200435)(6,0.2916604963663787)(7,0.27368519871716807)(8,0.31413304452215673)(9,0.28668464931219007)(10,0.34220705215724734)
};
\addlegendentry{Component\_ADA}

