\addplot[color=green,mark=*] coordinates {
(10,10)(20,20)(30,30)(40,40)(50,50)(60,60)(70,70)(80,80)(90,90)(100,100)(110,110)(120,120)(130,130)(140,140)(150,150)(160,160)
};
\addlegendentry{dial}

\addplot[color=green,mark=*] coordinates {
(10,0)(20,0)(30,0.004301075268817204)(40,0.004347826086956522)(50,0.0044444444444444444)(60,0.00449438202247191)(70,0.004597701149425287)(80,0.005263157894736842)(90,0.005797101449275362)(100,0.005797101449275362)(110,0.00909090909090909)(120,0.004878048780487805)(130,0.004878048780487805)(140,0.008130081300813009)(150,0.017094017094017092)(160,0)
};
\addlegendentry{Natural\_Unigram\_SVM}

\addplot[color=green,mark=*] coordinates {
(10,0)(20,0)(30,0.0022222222222222222)(40,0.002247191011235955)(50,0.0022988505747126436)(60,0.0022988505747126436)(70,0.0022727272727272726)(80,0.0028169014084507044)(90,0.003278688524590164)(100,0.003278688524590164)(110,0.005263157894736842)(120,0.005714285714285714)(130,0.005714285714285714)(140,0.009523809523809523)(150,0.018518518518518517)(160,0)
};
\addlegendentry{Natural\_Unigram+Context\_SVM}

\addplot[color=green,mark=*] coordinates {
(10,0.008)(20,0.014150409530900968)(30,0.0141624649859944)(40,0.00380952380952381)(50,0.0022988505747126436)(60,0.0022988505747126436)(70,0.011846153846153847)(80,0.0027397260273972603)(90,0.010898550724637681)(100,0.0029850746268656717)(110,0.01192156862745098)(120,0.0044444444444444444)(130,0.0044444444444444444)(140,0.007407407407407408)(150,0.014492753623188406)(160,0)
};
\addlegendentry{Natural\_Unigram\_ADA}

\addplot[color=green,mark=*] coordinates {
(10,0)(20,0.0033785822021116137)(30,0.006162464985994398)(40,0.002197802197802198)(50,0.0038461538461538464)(60,0.007704255980118049)(70,0.008824208824208825)(80,0.017025440313111546)(90,0.026035714285714284)(100,0.022285714285714287)(110,0.04453571428571428)(120,0.014285714285714285)(130,0.030285714285714284)(140,0)(150,0)(160,0)
};
\addlegendentry{Natural\_Unigram+Context\_ADA}

\addplot[color=green,mark=*] coordinates {
(10,0)(20,0)(30,0.008888888888888889)(40,0)(50,0)(60,0)(70,0.008888888888888889)(80,0)(90,0.005714285714285714)(100,0)(110,0)(120,0)(130,0)(140,0)(150,0)(160,0)
};
\addlegendentry{Natural\_Unigram\_RF}

\addplot[color=green,mark=*] coordinates {
(10,0)(20,0)(30,0.010526315789473684)(40,0.007407407407407407)(50,0.005714285714285714)(60,0.0058823529411764705)(70,0.009523809523809523)(80,0)(90,0.00909090909090909)(100,0)(110,0)(120,0)(130,0)(140,0)(150,0)(160,0)
};
\addlegendentry{Natural\_Unigram+Context\_RF}

\addplot[color=green,mark=*] coordinates {
(10,0.7455813869523547)(20,0.81081948219045)(30,0.8062610776320452)(40,0.8137295351005029)(50,0.8151581065290744)(60,0.8151581065290744)(70,0.8151581065290744)(80,0.8122480536190213)(90,0.8122480536190213)(100,0.8151581065290744)(110,0.8122480536190213)(120,null)(130,null)(140,null)(150,null)(160,null)
};
\addlegendentry{Component}

