\addplot[color=green,mark=*] coordinates {
(1,1)(2,2)(3,3)(4,4)(5,5)(6,6)(7,7)(8,8)(9,9)(10,10)
};
\addlegendentry{dial}

\addplot[color=green,mark=*] coordinates {
(1,0.1355025507435146)(2,0.2851420644589723)(3,0.5445726248504575)(4,0.6404410787389428)(5,0.8423906438228899)(6,0.8975232469692426)(7,0.9117324332570593)(8,0.9437418341812146)(9,0.9605222528923012)(10,0.9601971766195504)
};
\addlegendentry{Natural\_Unigram\_SVM}

\addplot[color=green,mark=*] coordinates {
(1,0.13377558518218535)(2,0.28304016349534306)(3,0.4751563507601982)(4,0.5628893830278673)(5,0.7613682115860222)(6,0.8492929870231855)(7,0.8754332450064034)(8,0.9108922251863418)(9,0.9451623236052796)(10,0.9502019580894849)
};
\addlegendentry{Natural\_Unigram+Context\_SVM}

\addplot[color=green,mark=*] coordinates {
(1,0.23449150981476913)(2,0.5091023301514908)(3,0.8196184098111783)(4,0.9165488430117478)(5,0.9705390589528455)(6,0.9705390589528455)(7,0.9697129658037216)(8,0.9705390589528455)(9,0.9679966860714897)(10,0.9688158517230263)
};
\addlegendentry{Natural\_Unigram\_ADA}

\addplot[color=green,mark=*] coordinates {
(1,0.26064833996162423)(2,0.5189929833194984)(3,0.725844615533765)(4,0.8252057420598472)(5,0.9705390589528455)(6,0.9701242695657328)(7,0.9697131141872466)(8,0.9705390589528455)(9,0.9696704608913024)(10,0.9696704608913024)
};
\addlegendentry{Natural\_Unigram+Context\_ADA}

\addplot[color=green,mark=*] coordinates {
(1,0.09542158308751228)(2,0.07859359691502646)(3,0.13928598094277317)(4,0.1673647435760775)(5,0.2138394490488586)(6,0.3294936689172571)(7,0.3601405846044039)(8,0.46327213137890844)(9,0.43242137022755206)(10,0.5871054797100296)
};
\addlegendentry{Natural\_Unigram\_RF}

\addplot[color=green,mark=*] coordinates {
(1,0.1554757223124547)(2,0.1076990026925064)(3,0.21127141590393608)(4,0.22613416361500738)(5,0.24757819566618178)(6,0.49851683725217616)(7,0.33583852818550386)(8,0.4564314571422462)(9,0.4993874730861075)(10,0.5811897674986622)
};
\addlegendentry{Natural\_Unigram+Context\_RF}

\addplot[color=green,mark=*] coordinates {
(1,0)(2,0)(3,0)(4,0)(5,0)(6,0)(7,0)(8,0)(9,0)(10,0)
};
\addlegendentry{Component}

