\addplot[color=green,mark=*] coordinates {
(5,5)(10,10)(15,15)(20,20)(25,25)(30,30)(35,35)(40,40)(45,45)(50,50)(55,55)(60,60)(65,65)(70,70)
};
\addlegendentry{dial}

\addplot[color=green,mark=*] coordinates {
(5,0.17698412698412697)(10,0.19)(15,0.16111111111111112)(20,0.34995337995337994)(25,0.3301892551892552)(30,0.3956859806859807)(35,0.41632811632811634)(40,0.3333549783549784)(45,0.2810644257703082)(50,0.283921568627451)(55,0.27281045751633987)(60,0.3221428571428572)(65,0.3528104575163399)(70,0.35603174603174603)
};
\addlegendentry{Natural\_SVM}

\addplot[color=green,mark=*] coordinates {
(5,0.08436681391924358)(10,0.20683982683982688)(15,0.3034965034965035)(20,0.35632586367880487)(25,0.4214227877385772)(30,0.5266445972328324)(35,0.5625288600288599)(40,0.5496166114587167)(45,0.5699023199023199)(50,0.5864124111182935)(55,0.5887615325850619)(60,0.5983053221288515)(65,0.5666971916971917)(70,0.5318070818070818)
};
\addlegendentry{Natural\_ADA}

\addplot[color=green,mark=*] coordinates {
(5,0.02222222222222222)(10,0)(15,0.06666666666666667)(20,0.23055555555555554)(25,0.17523809523809525)(30,0.2977777777777778)(35,0.29510989010989014)(40,0.301050061050061)(45,0.2569230769230769)(50,0.13444444444444445)(55,0.2411111111111111)(60,0.29999999999999993)(65,0.3180952380952381)(70,0.2855555555555555)
};
\addlegendentry{Natural\_RF}

\addplot[color=green,mark=*] coordinates {
(5,0.22666666666666666)(10,0.3054761904761904)(15,0.3215873015873016)(20,0.42051948051948057)(25,0.45189782439782433)(30,0.43225496725496726)(35,0.44749306249306253)(40,0.4427311577311577)(45,0.4874320124320124)(50,0.4603352203352203)(55,0.4548407148407148)(60,0.47474580974580977)(65,0.47474580974580977)(70,0.47963591963591956)
};
\addlegendentry{Component}

