\addplot[color=green,mark=*] coordinates {
(1,1)(2,2)(3,3)(4,4)(5,5)(6,6)(7,7)(8,8)(9,9)(10,10)(15,15)(20,20)(30,30)(40,40)(50,50)(60,60)(70,70)(80,80)(90,90)
};
\addlegendentry{dial}

\addplot[color=green,mark=*] coordinates {
(1,0)(2,0)(3,0)(4,0)(5,0)(6,0)(7,0)(8,0)(9,0)(10,0)(15,0)(20,0)(30,0)(40,0)(50,0)(60,0)(70,0)(80,0)(90,0)
};
\addlegendentry{Natural}

\addplot[color=green,mark=*] coordinates {
(1,0)(2,0)(3,0)(4,0)(5,0)(6,0)(7,0)(8,0)(9,0)(10,0)(15,0)(20,0)(30,0)(40,0)(50,0)(60,0)(70,0)(80,0)(90,0)
};
\addlegendentry{Natural+Context}

\addplot[color=green,mark=*] coordinates {
(1,0.7633083583083582)(2,0.685689223057644)(3,0.692148962148962)(4,0.8025207248891458)(5,0.7360550560550561)(6,0.7458407382091592)(7,0.6915440115440115)(8,0.7001697425381636)(9,0.6944554568238779)(10,0.6776184926184926)(15,0.7302741702741702)(20,0.8473919647603857)(30,0.7342606516290726)(40,0.709498746867168)(50,0.6480884904569115)(60,0.7230952380952381)(70,0.7442607392607392)(80,0.7942607392607393)(90,0.7947186147186147)
};
\addlegendentry{Component}

\addplot[color=green,mark=*] coordinates {
(1,0.866910866910867)(2,0.8158119658119658)(3,0.8158119658119658)(4,0.8158119658119658)(5,0.8964646464646464)(6,0.9055555555555556)(7,0.8375757575757575)(8,0.8465501165501166)(9,0.8465501165501166)(10,0.8643822843822845)(15,0.9103174603174603)(20,0.9154151404151405)(30,0.9158119658119658)(40,0.9158119658119658)(50,0.9158119658119658)(60,0.9158119658119658)(70,0.9158119658119658)(80,0.9158119658119658)(90,0.9158119658119658)
};
\addlegendentry{Component+Context}

