size	dial	Natural_SVM	Natural_ADA	Natural_RF	Component	Component+Context	Natural_SVM_Context	Natural_ADA_Context	Natural_RF_Context
1	1	0	0	0	0.3532828282828283	0.7422222222222222	0	0	0
2	2	0	0.08	0	0.504040404040404	0.8682323232323232	0	0.08	0
3	3	0	0	0	0.4446969696969697	0.8409595959595959	0	0	0
4	4	0	0	0	0.5268686868686868	0.8500505050505052	0	0	0
5	5	0.06	0.13999999999999999	0	0.5878282828282828	0.8409595959595959	0.07999999999999999	0.13999999999999999	0.04
6	6	0.05	0.13999999999999999	0.04	0.5238888888888888	0.832777777777778	0.06	0.15	0.02
7	7	0.03636363636363636	0.13999999999999999	0.03	0.5957070707070706	0.8509595959595961	0.045454545454545456	0.15	0.03
8	8	0	0.1511111111111111	0.01	0.6405555555555557	0.8426262626262627	0.01818181818181818	0.16111111111111112	0.02
9	9	0	0.13111111111111112	0.04	0.6787373737373738	0.8426262626262627	0	0.16111111111111112	0.09
10	10	0	0.2129292929292929	0.06727272727272728	0.6844949494949495	0.8426262626262627	0	0.25202020202020203	0.01