\addplot[color=green,mark=*] coordinates {
(1,1)(2,2)(3,3)(4,4)(5,5)(6,6)(7,7)(8,8)(9,9)(10,10)
};
\addlegendentry{dial}

\addplot[color=green,mark=*] coordinates {
(1,0)(2,0.02)(3,0.04)(4,0.04)(5,0.04)(6,0.06)(7,0.05)(8,0.06)(9,0.05)(10,0.05)
};
\addlegendentry{Natural\_SVM}

\addplot[color=green,mark=*] coordinates {
(1,0)(2,0.04)(3,0.06999999999999999)(4,0.09)(5,0.09)(6,0.12)(7,0.1481818181818182)(8,0.11000000000000001)(9,0.1281818181818182)(10,0.1081818181818182)
};
\addlegendentry{Natural\_ADA}

\addplot[color=green,mark=*] coordinates {
(1,0)(2,0)(3,0)(4,0.02)(5,0)(6,0)(7,0.02)(8,0.01)(9,0.01)(10,0)
};
\addlegendentry{Natural\_RF}

\addplot[color=green,mark=*] coordinates {
(1,0)(2,0.08)(3,0.09909090909090909)(4,0.10909090909090909)(5,0.08818181818181818)(6,0.1390909090909091)(7,0.18909090909090912)(8,0.19909090909090907)(9,0.19560606060606062)(10,0.22136363636363635)
};
\addlegendentry{Component}

\addplot[color=green,mark=*] coordinates {
(1,0)(2,0.13999999999999999)(3,0.17818181818181816)(4,0.17636363636363636)(5,0.18545454545454546)(6,0.22636363636363638)(7,0.3363636363636363)(8,0.3363636363636363)(9,0.41848484848484846)(10,0.4624242424242425)
};
\addlegendentry{Component+Context}

\addplot[color=green,mark=*] coordinates {
(1,0)(2,0.02)(3,0.05)(4,0.05)(5,0.0590909090909091)(6,0.08909090909090908)(7,0.1290909090909091)(8,0.1290909090909091)(9,0.08909090909090908)(10,0.08909090909090908)
};
\addlegendentry{Natural\_SVM\_Context}

\addplot[color=green,mark=*] coordinates {
(1,0)(2,0.06)(3,0.06999999999999999)(4,0.06999999999999999)(5,0.10818181818181818)(6,0.13818181818181818)(7,0.13)(8,0.1281818181818182)(9,0.2081818181818182)(10,0.1781818181818182)
};
\addlegendentry{Natural\_ADA\_Context}

\addplot[color=green,mark=*] coordinates {
(1,0)(2,0)(3,0.01)(4,0.01)(5,0)(6,0)(7,0.02)(8,0.01)(9,0.02727272727272727)(10,0.01)
};
\addlegendentry{Natural\_RF\_Context}

