size	dial	MYMO	Natural_SVM	Natural_ADA	Component_ADA	Component_SVM
1	1	0.06944444444444445	0	0	0	0.09769054474936827
2	2	0.06412698412698412	0	0	0	0.09990421455938696
3	3	0.1619047619047619	0	0	0	0.15103896103896103
4	4	0.29666666666666663	0	0	0	0.19523310023310023
5	5	0.3288888888888889	0	0	0	0.268975468975469
6	6	0.3969047619047619	0	0	0	0.3265873015873016
7	7	0.3438888888888889	0	0	0	0.3477128427128427
8	8	0.36333333333333334	0	0	0	0.3304906204906205
9	9	0.3092532467532467	0	0	0	0.24499999999999997
10	10	0.38416666666666666	0	0	0	0.26634920634920634