\addplot[color=green,mark=*] coordinates {
(1,1)(2,2)(3,3)(4,4)(5,5)(6,6)(7,7)(8,8)(9,9)(10,10)
};
\addlegendentry{dial}

\addplot[color=green,mark=*] coordinates {
(1,0.1662975912975913)(2,0.1916860916860917)(3,0.24762626262626258)(4,0.23484848484848486)(5,0.21929292929292932)(6,0.24373737373737375)(7,0.26604506604506606)(8,0.25604506604506605)(9,0.27142968142968144)(10,0.27142968142968144)
};
\addlegendentry{MYMO}

\addplot[color=green,mark=*] coordinates {
(1,0)(2,0.05)(3,0.08909090909090908)(4,0.07575757575757576)(5,0.06575757575757575)(6,0.1213131313131313)(7,0.13131313131313133)(8,0.13131313131313133)(9,0.13131313131313133)(10,0.12297979797979797)
};
\addlegendentry{Natural\_SVM}

\addplot[color=green,mark=*] coordinates {
(1,0)(2,0.01)(3,0.04909090909090909)(4,0.04742424242424242)(5,0.04742424242424242)(6,0.09464646464646465)(7,0.07464646464646466)(8,0.052424242424242415)(9,0.052424242424242415)(10,0.06353535353535353)
};
\addlegendentry{Natural\_SVM+Context}

\addplot[color=green,mark=*] coordinates {
(1,0)(2,0.05)(3,0.18575757575757573)(4,0.20949494949494948)(5,0.19131313131313132)(6,0.24686868686868685)(7,0.20464646464646466)(8,0.20464646464646466)(9,0.20464646464646466)(10,0.21575757575757576)
};
\addlegendentry{Natural\_ADA}

\addplot[color=green,mark=*] coordinates {
(1,0)(2,0.05)(3,0.21000000000000002)(4,0.22666666666666666)(5,0.18222222222222223)(6,0.24686868686868685)(7,0.20464646464646466)(8,0.20464646464646466)(9,0.20464646464646466)(10,0.20464646464646466)
};
\addlegendentry{Natural\_ADA+Context}

