size	dial	MYMO	Natural_SVM	Natural_ADA	Component_ADA	Component_SVM
1	1	0.2666666666666667	0	0	0	0.35
2	2	0.11666666666666665	0	0	0	0.3333333333333333
3	3	0.08333333333333333	0	0	0	0.26666666666666666
4	4	0.08333333333333333	0	0	0	0.21666666666666665
5	5	0.03333333333333333	0	0	0	0.2333333333333333
6	6	0.08333333333333333	0	0	0	0.26666666666666666
7	7	0.08333333333333333	0	0	0	0.29999999999999993
8	8	0.05	0	0	0	0.3833333333333333
9	9	0.05	0	0	0	0.3833333333333333
10	10	0.08333333333333333	0	0	0	0.3833333333333333