\addplot[color=green,mark=*] coordinates {
(10,10)(20,20)(30,30)(40,40)(50,50)(60,60)(70,70)(80,80)(90,90)(100,100)(110,110)(120,120)(130,130)(140,140)(150,150)(160,160)
};
\addlegendentry{dial}

\addplot[color=green,mark=*] coordinates {
(10,0)(20,0)(30,0)(40,0)(50,0)(60,0.006122448979591836)(70,0.00625)(80,0.011764705882352941)(90,0.01388888888888889)(100,0.013555555555555553)(110,0.013555555555555553)(120,0.011805555555555555)(130,0.013657407407407406)(140,0.010416666666666666)(150,0.05555555555555555)(160,0)
};
\addlegendentry{Natural\_Unigram\_SVM}

\addplot[color=green,mark=*] coordinates {
(10,0.013333333333333332)(20,0.011764705882352941)(30,0)(40,0)(50,0)(60,0.01694915254237288)(70,0.017543859649122806)(80,0.020689655172413793)(90,0.06190476190476191)(100,0.05833333333333333)(110,0.08055555555555556)(120,0.08810256410256409)(130,0.07352285395763657)(140,0.05128205128205129)(150,0.1149425287356322)(160,0)
};
\addlegendentry{Natural\_Unigram+Context\_SVM}

\addplot[color=green,mark=*] coordinates {
(10,0)(20,0.0034782608695652175)(30,0.0034782608695652175)(40,0.0034782608695652175)(50,0.0034782608695652175)(60,0.003333333333333333)(70,0.0036036036036036037)(80,0.005309734513274336)(90,0.025324675324675326)(100,0.012020905923344948)(110,0.015476190476190477)(120,0.022527472527472527)(130,0.01610305958132045)(140,0.025641025641025644)(150,0.05128205128205129)(160,0)
};
\addlegendentry{Natural\_Unigram\_ADA}

\addplot[color=green,mark=*] coordinates {
(10,0.008421052631578947)(20,0)(30,0)(40,0.0034782608695652175)(50,0)(60,0.046153846153846156)(70,0.046153846153846156)(80,0.05)(90,0.03636363636363636)(100,0.03636363636363636)(110,0.056616800920598384)(120,0.056876456876456885)(130,0.07606837606837606)(140,0)(150,0.24835309617918314)(160,0.13953488372093023)
};
\addlegendentry{Natural\_Unigram+Context\_ADA}

\addplot[color=green,mark=*] coordinates {
(10,0)(20,0)(30,0)(40,0)(50,0)(60,0)(70,0)(80,0)(90,0.02222222222222222)(100,0)(110,0.02222222222222222)(120,0)(130,0)(140,0)(150,0.07407407407407407)(160,0)
};
\addlegendentry{Natural\_Unigram\_RF}

\addplot[color=green,mark=*] coordinates {
(10,0)(20,0)(30,0)(40,0)(50,0)(60,0)(70,0)(80,0)(90,0.02222222222222222)(100,0.02222222222222222)(110,0)(120,0)(130,0)(140,0)(150,0)(160,0)
};
\addlegendentry{Natural\_Unigram+Context\_RF}

\addplot[color=green,mark=*] coordinates {
(10,0.09518867924528301)(20,0.16671188475390156)(30,0.25889535751604714)(40,0.20627005347593586)(50,0.2675046439628483)(60,0.29759853487674565)(70,0.29264915161466887)(80,0.31413787737317145)(90,0.30314371902607196)(100,0.35379840285500663)(110,0.411968031968032)(120,null)(130,null)(140,null)(150,null)(160,null)
};
\addlegendentry{Component}

