\addplot[color=green,mark=*] coordinates {
(1,1)(2,2)(3,3)(4,4)(5,5)(6,6)(7,7)(8,8)(9,9)(10,10)(15,15)(20,20)(30,30)(40,40)(50,50)(60,60)(70,70)(80,80)(90,90)
};
\addlegendentry{dial}

\addplot[color=green,mark=*] coordinates {
(1,null)(2,null)(3,null)(4,null)(5,0.08333333333333333)(6,0.10243506493506493)(7,0.12428571428571429)(8,0.12928571428571428)(9,0.12095238095238095)(10,0.1392857142857143)(15,0.15)(20,null)(30,null)(40,null)(50,null)(60,null)(70,null)(80,null)(90,null)
};
\addlegendentry{Natural}

\addplot[color=green,mark=*] coordinates {
(1,null)(2,null)(3,null)(4,null)(5,0.17178571428571426)(6,0.1256060606060606)(7,0.07261904761904761)(8,0.09166666666666666)(9,0.09166666666666666)(10,0.09833333333333334)(15,0.17857142857142855)(20,null)(30,null)(40,null)(50,null)(60,null)(70,null)(80,null)(90,null)
};
\addlegendentry{Natural+Context}

\addplot[color=green,mark=*] coordinates {
(1,0.900211038961039)(2,0.8733333333333333)(3,0.8628571428571428)(4,0.8995238095238095)(5,0.859004329004329)(6,0.8942857142857144)(7,0.9083333333333334)(8,0.8968253968253969)(9,0.9257142857142856)(10,0.9358333333333334)(15,0.9083333333333334)(20,0.9063492063492063)(30,0.9168253968253968)(40,0.9099999999999999)(50,0.9172222222222223)(60,0.9222222222222223)(70,0.9186111111111112)(80,0.9068253968253968)(90,0.9099999999999999)
};
\addlegendentry{Component}

\addplot[color=green,mark=*] coordinates {
(1,0.907559523809524)(2,0.918670634920635)(3,0.918670634920635)(4,0.918670634920635)(5,0.918670634920635)(6,0.906170634920635)(7,0.9079491341991343)(8,0.9079491341991343)(9,0.9079491341991343)(10,0.9304166666666667)(15,0.9182539682539683)(20,0.9177777777777779)(30,0.918670634920635)(40,0.918670634920635)(50,0.918670634920635)(60,0.918670634920635)(70,0.918670634920635)(80,0.918670634920635)(90,0.918670634920635)
};
\addlegendentry{Component+Context}

