size	dial	Natural_SVM	Natural_ADA	Natural_RF	Component	Component+Context	Natural_SVM_Context	Natural_ADA_Context	Natural_RF_Context
1	1	0	0	0	0.4333333333333333	0.26666666666666666	0	0	0
2	2	0	0.05	0	0.4	0.4	0	0	0
3	3	0	0	0	0.4666666666666666	0.5666666666666667	0	0	0
4	4	0	0	0	0.4666666666666666	0.5999999999999999	0	0	0
5	5	0	0	0	0.5	0.5833333333333333	0	0	0
6	6	0	0	0	0.5	0.6666666666666666	0	0	0
7	7	0	0	0	0.4666666666666667	0.7	0	0	0
8	8	0	0	0	0.5	0.7833333333333333	0	0	0
9	9	0	0	0	0.5166666666666665	0.7499999999999999	0	0	0
10	10	0	0	0	0.5166666666666665	0.75	0	0	0