size	dial	Natural	Natural+Context	Component	Component+Context
1	1	0	0	0	0.17777777777777778
2	2	0	0	0.19444444444444442	0.5158730158730158
3	3	0	0	0.3611111111111111	0.484126984126984
4	4	0	0	0.3611111111111111	0.4396825396825396
5	5	0	0	0.5396825396825397	0.5158730158730158
6	6	0	0	0.5396825396825397	0.6825396825396824
7	7	0	0	0.5222222222222223	0.6666666666666666
8	8	0	0	0.5222222222222223	0.6666666666666666
9	9	0	0	0.42777777777777776	0.6666666666666666
10	10	0	0	0.4777777777777778	0.6666666666666666
15	15	null	null	null	0.47619047619047616
20	20	0	0	0.5555555555555555	0.5555555555555555
30	30	0	0	0.5222222222222223	0.5222222222222223
40	40	null	0	null	null
50	50	0	0	0.4777777777777778	0.4777777777777778
60	60	null	0	null	null
70	70	null	0	null	null
80	80	null	0	null	null
90	90	null	0	null	null