size	dial	Natural_Unigram_SVM	Natural_Unigram+Context_SVM	Natural_Unigram_ADA	Natural_Unigram+Context_ADA	Natural_Unigram_RF	Natural_Unigram+Context_RF	Component
10	10	0.05454545454545454	0.07272727272727272	0.02727272727272727	0	0.00909090909090909	0	0.12954545454545455
20	20	0.057272727272727274	0.06727272727272728	0.04727272727272727	0.04727272727272727	0.028181818181818186	0.00909090909090909	0.2637878787878788
30	30	0.07727272727272727	0.05818181818181818	0.057272727272727274	0.03	0	0.038181818181818185	0.28015151515151515
40	40	0.07727272727272727	0.05818181818181818	0.057272727272727274	0.057272727272727274	0.019090909090909092	0	0.27742424242424246
50	50	0.06636363636363636	0.06727272727272728	0.08454545454545455	0.03	0	0	0.31287878787878787
60	60	0.06636363636363636	0.05818181818181818	0.08454545454545455	0.08454545454545455	0.01818181818181818	0.01	0.42272727272727273
70	70	0.06636363636363636	0.05818181818181818	0.06636363636363636	0.057272727272727274	0	0	0.43878787878787867
80	80	0.06636363636363636	0.06727272727272728	0.08454545454545455	0.039090909090909086	0.01	0	0.5271212121212121
90	90	0.13636363636363635	0.13727272727272727	0.14636363636363633	0.10636363636363635	0.00909090909090909	0.02	0.5204545454545453
100	100	0.17636363636363633	0.17727272727272728	0.15636363636363634	0.14454545454545456	0	0	0.5221212121212121
110	110	0.15636363636363634	0.1572727272727273	0.12454545454545456	0.09909090909090909	0.01	0	0.5630303030303029
120	120	0.15636363636363634	0.14727272727272728	0.12454545454545456	0.09909090909090909	0.02	0.01	null
130	130	0.17636363636363636	0.18636363636363634	0.18454545454545454	0.17636363636363636	0.02909090909090909	0.01	null
140	140	0.2287878787878788	0.2606060606060606	0.2287878787878788	0.18333333333333335	0.03333333333333333	0	null
150	150	0.3333333333333333	0.3666666666666667	0.3666666666666667	0.3666666666666667	0.13333333333333333	0.03333333333333333	null
160	160	0.3	0.3	0.1	0.1	0	0	null