\addplot[color=green,mark=*] coordinates {
(5,5)(10,10)(15,15)(20,20)(25,25)(30,30)(35,35)(40,40)(45,45)(50,50)(55,55)(60,60)(65,65)(70,70)
};
\addlegendentry{dial}

\addplot[color=green,mark=*] coordinates {
(5,0)(10,0)(15,0)(20,0)(25,0)(30,0)(35,0)(40,0)(45,0)(50,0)(55,0)(60,0)(65,0)(70,0)
};
\addlegendentry{Natural\_SVM}

\addplot[color=green,mark=*] coordinates {
(5,0)(10,0)(15,0)(20,0)(25,0)(30,0)(35,0.02)(40,0)(45,0)(50,0)(55,0)(60,0.01)(65,0)(70,0)
};
\addlegendentry{Natural\_ADA}

\addplot[color=green,mark=*] coordinates {
(5,0)(10,0)(15,0)(20,0)(25,0)(30,0)(35,0)(40,0)(45,0)(50,0)(55,0)(60,0)(65,0)(70,0)
};
\addlegendentry{Natural\_RF}

\addplot[color=green,mark=*] coordinates {
(5,0.7316666666666667)(10,0.715)(15,0.8216666666666667)(20,0.8916666666666668)(25,0.8816666666666666)(30,0.8616666666666667)(35,0.8150000000000001)(40,0.7150000000000001)(45,0.6816666666666666)(50,0.6816666666666666)(55,0.7316666666666667)(60,0.765)(65,0.8016666666666665)(70,0.8850000000000001)
};
\addlegendentry{Component}

