\addplot[color=green,mark=*] coordinates {
(1,1)(2,2)(3,3)(4,4)(5,5)(6,6)(7,7)(8,8)(9,9)(10,10)(15,15)(20,20)(30,30)(40,40)(50,50)(60,60)(70,70)(80,80)(90,90)
};
\addlegendentry{dial}

\addplot[color=green,mark=*] coordinates {
(1,0)(2,0)(3,0)(4,0)(5,0)(6,0)(7,0)(8,0.045)(9,0.045)(10,0.045)(15,0.06262626262626263)(20,0.08205128205128205)(30,0.025)(40,0.02)(50,0)(60,0.02)(70,0)(80,0)(90,0)
};
\addlegendentry{Natural}

\addplot[color=green,mark=*] coordinates {
(1,0)(2,0)(3,0.01818181818181818)(4,0.01818181818181818)(5,0)(6,0)(7,0)(8,0.11747474747474748)(9,0.11747474747474748)(10,0.10262626262626262)(15,0.15614718614718615)(20,0.16487179487179487)(30,0.059829059829059825)(40,0.06038461538461539)(50,0.037606837606837605)(60,0.09649572649572649)(70,0.12367632367632368)(80,0.09395604395604396)(90,0.09395604395604396)
};
\addlegendentry{Natural+Context}

\addplot[color=green,mark=*] coordinates {
(1,0.6716056166056166)(2,0.5272695441813089)(3,0.5320244461420932)(4,0.4492066267066267)(5,0.4975479422538246)(6,0.5716779788838613)(7,0.5901237350540756)(8,0.6210366602781463)(9,0.6031795174210035)(10,0.5876637767117643)(15,0.5929040550093181)(20,0.5665409753645048)(30,0.554895594601477)(40,0.5615622612681437)(50,0.5426546982429336)(60,0.5444334097275274)(70,0.5429978354978355)(80,0.5646428571428571)(90,0.5564432136490961)
};
\addlegendentry{Component}

\addplot[color=green,mark=*] coordinates {
(1,0.6473175586023884)(2,0.621858076563959)(3,0.6236709420610349)(4,0.6115497299398228)(5,0.623860386259767)(6,0.6160172490048651)(7,0.6695003534477219)(8,0.651624895572264)(9,0.651624895572264)(10,0.6337677527151211)(15,0.5832915622389306)(20,0.6276018572071204)(30,0.5996762740183793)(40,0.6324045407636739)(50,0.6283994299474175)(60,0.6368163054695561)(70,0.6303835569315445)(80,0.6348321784854292)(90,0.6354732041264548)
};
\addlegendentry{Component+Context}

