\addplot[color=green,mark=*] coordinates {
(1,1)(2,2)(3,3)(4,4)(5,5)(6,6)(7,7)(8,8)(9,9)(10,10)(15,15)(20,20)(30,30)(40,40)(50,50)(60,60)(70,70)(80,80)(90,90)
};
\addlegendentry{dial}

\addplot[color=green,mark=*] coordinates {
(1,null)(2,0.2502199408778356)(3,0.25695970695970693)(4,0.33152753679069463)(5,null)(6,null)(7,null)(8,null)(9,null)(10,0.34666666666666673)(15,null)(20,null)(30,0.32782051282051283)(40,null)(50,null)(60,null)(70,null)(80,null)(90,null)
};
\addlegendentry{Natural}

\addplot[color=green,mark=*] coordinates {
(1,null)(2,0.2128299513785447)(3,0.2325390922959573)(4,0.3331751581751582)(5,0.34071343688990746)(6,null)(7,null)(8,null)(9,null)(10,0.4519047619047619)(15,null)(20,null)(30,0.4443470418470419)(40,null)(50,null)(60,null)(70,null)(80,null)(90,null)
};
\addlegendentry{Natural+Context}

\addplot[color=green,mark=*] coordinates {
(1,0.9841176470588235)(2,0.9749509803921569)(3,0.9749509803921569)(4,0.9731652661064427)(5,0.9790476190476192)(6,0.9815277777777778)(7,0.9809273182957394)(8,0.981343984962406)(9,0.982514619883041)(10,0.9877777777777779)(15,0.9820833333333333)(20,0.9891812865497076)(30,0.9894736842105264)(40,0.9947368421052631)(50,0.9947368421052631)(60,0.9944444444444445)(70,0.9944444444444445)(80,0.9947368421052631)(90,0.9947368421052631)
};
\addlegendentry{Component}

\addplot[color=green,mark=*] coordinates {
(1,0.99)(2,0.99)(3,0.99)(4,0.99)(5,0.9894736842105264)(6,0.9894736842105264)(7,0.9838544891640867)(8,0.9838544891640867)(9,0.9838544891640867)(10,0.9841176470588235)(15,0.9897368421052631)(20,0.99)(30,0.99)(40,0.99)(50,0.99)(60,0.99)(70,0.99)(80,0.99)(90,0.99)
};
\addlegendentry{Component+Context}

