\addplot[color=green,mark=*] coordinates {
(1,1)(2,2)(3,3)(4,4)(5,5)(6,6)(7,7)(8,8)(9,9)(10,10)
};
\addlegendentry{dial}

\addplot[color=green,mark=*] coordinates {
(1,0.01770529994175888)(2,0.029626593967109316)(3,0.04607904722855832)(4,0.057480516888508325)(5,0.09105260336313062)(6,0.08108511654416717)(7,0.08676808321694686)(8,0.09075679820687972)(9,0.10558926121998458)(10,0.11184097125351586)
};
\addlegendentry{Natural\_SVM}

\addplot[color=green,mark=*] coordinates {
(1,0.02652511961722488)(2,0.044823648639004274)(3,0.06665514791189131)(4,0.0886337661425585)(5,0.09739983759041886)(6,0.08963950015691077)(7,0.09857145649764423)(8,0.10872839242474655)(9,0.11238264425467341)(10,0.1114553561640427)
};
\addlegendentry{Natural\_ADA}

\addplot[color=green,mark=*] coordinates {
(1,0.008207282913165265)(2,0.013846153846153847)(3,0.02670162171661422)(4,0.012993629033232996)(5,0.01056681750284493)(6,0.016896436896436898)(7,0.02680430623074751)(8,0.023044015413777198)(9,0.03290427467585398)(10,0.03210114217878564)
};
\addlegendentry{Natural\_RF}

\addplot[color=green,mark=*] coordinates {
(1,0.5323463444233559)(2,0.6873464726722245)(3,0.7215195692406817)(4,0.7524343690184546)(5,0.7851022242817504)(6,0.766128826236246)(7,0.8050631988881086)(8,0.802457980509742)(9,0.8080651943223144)(10,0.8151329405721455)
};
\addlegendentry{Component}

\addplot[color=green,mark=*] coordinates {
(1,0.7427667230622934)(2,0.9046118096560379)(3,0.9126337283348038)(4,0.9049699762745057)(5,0.9079716801437053)(6,0.9034256962886229)(7,0.9026240323400341)(8,0.9022404289998585)(9,0.9011187560101256)(10,0.8962826825989654)
};
\addlegendentry{Component+Context}

\addplot[color=green,mark=*] coordinates {
(1,0.021590145576707725)(2,0.02791140229074688)(3,0.037151373692886125)(4,0.055559457041411)(5,0.09478171895579385)(6,0.08927940312683555)(7,0.09239318612426281)(8,0.09536348022431791)(9,0.10324508019734695)(10,0.1189343635732472)
};
\addlegendentry{Natural\_SVM\_Context}

\addplot[color=green,mark=*] coordinates {
(1,0.03269150880691259)(2,0.06125814399297921)(3,0.07239516030700954)(4,0.09544897229792475)(5,0.09484001764979526)(6,0.08083118426310062)(7,0.11652580391173913)(8,0.12101924097958683)(9,0.13470237474640945)(10,0.11673024516996004)
};
\addlegendentry{Natural\_ADA\_Context}

\addplot[color=green,mark=*] coordinates {
(1,0.007079646017699115)(2,0.013008130081300815)(3,0.01565963257901733)(4,0.02046581449301733)(5,0.027030687029267014)(6,0.018978233495232956)(7,0.010769918283963228)(8,0.019042192613370736)(9,0.031871002451552596)(10,0.02758073008477534)
};
\addlegendentry{Natural\_RF\_Context}

