size	dial	MYMO	Natural_SVM	Natural_SVM+Context	Natural_ADA	Natural_ADA+Context
1	1	0.07108695652173913	0	0	0	0
2	2	0.14523809523809525	0	0	0	0
3	3	0.16789449112978527	0	0	0	0
4	4	0.209640522875817	0	0	0	0
5	5	0.28709401709401716	0	0	0.012307692307692308	0
6	6	0.32131701631701626	0	0	0	0
7	7	0.3704273504273504	0	0.04	0	0.04
8	8	0.3429020979020979	0.02857142857142857	0.04	0	0.03333333333333333
9	9	0.45611638361638357	0.03333333333333333	0.09	0.016666666666666666	0.01875
10	10	0.45980876966171086	0.06190476190476191	0.09	0.0738095238095238	0.04375