size	dial	Natural_SVM	Natural_ADA	Natural_RF	Component	Component+Context	Natural_SVM_Context	Natural_ADA_Context	Natural_RF_Context
1	1	0	0	0	0.09146226532278472	0.0884812981330292	0	0	0
2	2	0	0.00851063829787234	0	0.1597636666738834	0.23402625152625153	0.015384615384615385	0.0009174311926605505	0
3	3	0.005128205128205128	0.016843971631205674	0	0.19554755008964536	0.2627760170863619	0.03643724696356275	0.016843971631205674	0.015384615384615385
4	4	0	0.01217391304347826	0	0.23934474131532957	0.3428043035395977	0.020512820512820513	0.017632850241545893	0.01818181818181818
5	5	0	0.01	0.01818181818181818	0.2640105674376774	0.3502482970246128	0.020512820512820513	0.022539682539682537	0
6	6	0.02	0.02399152029073289	0.016666666666666666	0.2637499457064675	0.36915586530831546	0.07076923076923078	0.032489688788901384	0
7	7	0	0.0202020202020202	0.01818181818181818	0.2772285455016853	0.4139700507566764	0.03076923076923077	0.058788515406162464	0.01818181818181818
8	8	0	0.02004981320049813	0.01818181818181818	0.32858489047710226	0.4998199797160243	0	0.05654761904761905	0.01818181818181818
9	9	0	0.03201219512195122	0.01818181818181818	0.3322935168459465	0.4980843570387508	0	0.06240842490842491	0.02
10	10	0	0.029166666666666664	0.02	0.36732051454625153	0.4858433798973529	0	0.06868349042262087	0.02