size	dial	Natural_SVM	Natural_ADA	Natural_RF	Component	Component+Context	Natural_SVM_Context	Natural_ADA_Context	Natural_RF_Context
1	1	0	0	0	0.03636363636363636	0.01818181818181818	0	0	0
2	2	0	0.02	0	0.08939393939393939	0.08825757575757576	0	0.01	0
3	3	0	0.01	0	0.13666666666666666	0.14212121212121212	0	0.02	0
4	4	0	0.01	0	0.21234848484848484	0.2632575757575758	0	0.01	0
5	5	0	0.045	0	0.2696212121212121	0.28795454545454546	0	0.034999999999999996	0
6	6	0.01	0.034999999999999996	0	0.33871212121212124	0.35628787878787876	0.01	0.095	0
7	7	0.01	0.034999999999999996	0	0.35704545454545455	0.35704545454545455	0.01	0.0740909090909091	0
8	8	0.01	0.034999999999999996	0	0.3397727272727272	0.32219696969696965	0.01	0.0740909090909091	0
9	9	0.01	0.034999999999999996	0	0.3365909090909091	0.32886363636363636	0.01	0.1040909090909091	0
10	10	0.01	0.06227272727272727	0	0.3538636363636364	0.32128787878787884	0.01	0.10136363636363636	0