size	dial	Natural_SVM	Natural_PolynomialSVM	Natural_RadialSVM	Natural_SigmoidSVM	Natural_ADA
1	1	0.009651162790697675	0	0.0025	0.009651162790697675	0.026627906976744185
2	2	0.08492894056847546	0	0.07777777777777778	0.08492894056847546	0.11800078642849118
3	3	0.08692389006342495	0	0.08	0.08942389006342495	0.3133268733850129
4	4	0.10035353535353535	0	0.09558080808080807	0.10035353535353535	0.303872879451747
5	5	0.11057033752155702	0	0.10079761024882976	0.11057033752155702	0.3348255813953488
6	6	0.34850577527974014	0	0.25015334857365484	0.25755968648481414	0.6087218513029877
7	7	0.3926471894211542	0	0.2989560093275352	0.296997083712909	0.6125580392696104
8	8	0.4397924222371188	0	0.398373969416227	0.3816651053931258	0.6157876310516943
9	9	0.4196175882477641	0	0.37587893970905883	0.3479719629648728	0.594851511489653
10	10	0.43947900731650025	0	0.39812652904541734	0.36095999702068904	0.5947986573670314