\addplot[color=green,mark=*] coordinates {
(1,1)(2,2)(3,3)(4,4)(5,5)(6,6)(7,7)(8,8)(9,9)(10,10)
};
\addlegendentry{dial}

\addplot[color=green,mark=*] coordinates {
(1,0.4293057329617572)(2,0.5924432388090839)(3,0.6747116698411948)(4,0.715736405670852)(5,0.7580974008565238)(6,0.7809765778831614)(7,0.7804173466953901)(8,0.79892358324131)(9,0.8127052362294018)(10,0.8162695402301703)
};
\addlegendentry{Natural\_SVM}

\addplot[color=green,mark=*] coordinates {
(1,0.3349233678484606)(2,0.48361921390150425)(3,0.553983200899941)(4,0.6437876556863469)(5,0.6599778083822347)(6,0.6849776884587857)(7,0.6856887952956543)(8,0.6971243118465063)(9,0.7140309859882159)(10,0.722848160862195)
};
\addlegendentry{Natural\_ADA}

\addplot[color=green,mark=*] coordinates {
(1,0.40369434292250805)(2,0.5251687123937226)(3,0.6455738964179665)(4,0.6706721694345421)(5,0.724308768519272)(6,0.7485132678130092)(7,0.7712000540864163)(8,0.8116131033065803)(9,0.8422708502092654)(10,0.8393247473572536)
};
\addlegendentry{Natural\_RF}

\addplot[color=green,mark=*] coordinates {
(1,0.587708583646368)(2,0.6776183340565698)(3,0.6779976491859216)(4,0.6749834741549359)(5,0.6970923731797701)(6,0.7090045913101841)(7,0.7064578965446456)(8,0.7106345732822543)(9,0.7211417765058808)(10,0.723580933940394)
};
\addlegendentry{Component\_SVM}

\addplot[color=green,mark=*] coordinates {
(1,0.6421435441644985)(2,0.6185673213818152)(3,0.6292440368804099)(4,0.6456635550240936)(5,0.6723020111152628)(6,0.7121493049807593)(7,0.7078858366014771)(8,0.7178722265696276)(9,0.704019579320774)(10,0.7171197827708448)
};
\addlegendentry{Component\_ADA}

