size	dial	Natural_SVM	Natural_ADA	Natural_RF	Component_SVM	Component_ADA
1	1	0	0	0	0.009523809523809523	0.12095238095238095
2	2	0	0	0	0.09	0.19548654244306418
3	3	0	0	0	0.1571428571428571	0.27358178053830223
4	4	0	0	0	0.25666666666666665	0.2752380952380952
5	5	0	0	0	0.18357142857142858	0.13833333333333334
6	6	0	0	0	0.3904761904761905	0.29912698412698413
7	7	0	0	0	0.31111111111111106	0.3472222222222222
8	8	0	0	0	0.3271428571428571	0.33388888888888885
9	9	0	0	0	0.4438095238095238	0.4681746031746032
10	10	0	0	0	0.5371428571428571	0.5260317460317461