\addplot[color=green,mark=*] coordinates {
(1,1)(2,2)(3,3)(4,4)(5,5)(6,6)(7,7)(8,8)(9,9)(10,10)
};
\addlegendentry{dial}

\addplot[color=green,mark=*] coordinates {
(1,0.09090909090909091)(2,0.09090909090909091)(3,0.09090909090909091)(4,0.09090909090909091)(5,0.16363636363636364)(6,0.09090909090909091)(7,0.09090909090909091)(8,0.045454545454545456)(9,0.0202020202020202)(10,0.030202020202020202)
};
\addlegendentry{Natural\_SVM}

\addplot[color=green,mark=*] coordinates {
(1,0.09090909090909091)(2,0.10202020202020201)(3,0.09090909090909091)(4,0.09090909090909091)(5,0.09090909090909091)(6,0)(7,0.00909090909090909)(8,0.03727272727272727)(9,0.041313131313131315)(10,0.11131313131313132)
};
\addlegendentry{Natural\_ADA}

\addplot[color=green,mark=*] coordinates {
(1,0)(2,0)(3,0)(4,0)(5,0)(6,0)(7,0)(8,0)(9,0)(10,0)
};
\addlegendentry{Natural\_RF}

\addplot[color=green,mark=*] coordinates {
(1,0.16696969696969696)(2,0.17424242424242423)(3,0.15252525252525254)(4,0.2281313131313131)(5,0.18035353535353535)(6,0.2088888888888889)(7,0.2581313131313131)(8,0.25888888888888884)(9,0.26949494949494945)(10,0.242979797979798)
};
\addlegendentry{Component\_SVM}

\addplot[color=green,mark=*] coordinates {
(1,0.09742424242424244)(2,0.18484848484848487)(3,0.16111111111111115)(4,0.21686868686868682)(5,0.2515656565656565)(6,0.21429292929292929)(7,0.22853535353535354)(8,0.22929292929292933)(9,0.24020202020202022)(10,0.2596464646464647)
};
\addlegendentry{Component\_ADA}

