\addplot[color=green,mark=*] coordinates {
(1,1)(2,2)(3,3)(4,4)(5,5)(6,6)(7,7)(8,8)(9,9)(10,10)
};
\addlegendentry{dial}

\addplot[color=green,mark=*] coordinates {
(1,0.009651162790697675)(2,0.08492894056847546)(3,0.08692389006342495)(4,0.10035353535353535)(5,0.11057033752155702)(6,0.34850577527974014)(7,0.3926471894211542)(8,0.4397924222371188)(9,0.4196175882477641)(10,0.43947900731650025)
};
\addlegendentry{Natural\_SVM}

\addplot[color=green,mark=*] coordinates {
(1,0)(2,0)(3,0)(4,0)(5,0)(6,0)(7,0)(8,0)(9,0)(10,0)
};
\addlegendentry{Natural\_PolynomialSVM}

\addplot[color=green,mark=*] coordinates {
(1,0.0025)(2,0.07777777777777778)(3,0.08)(4,0.09558080808080807)(5,0.10079761024882976)(6,0.25015334857365484)(7,0.2989560093275352)(8,0.398373969416227)(9,0.37587893970905883)(10,0.39812652904541734)
};
\addlegendentry{Natural\_RadialSVM}

\addplot[color=green,mark=*] coordinates {
(1,0.009651162790697675)(2,0.08492894056847546)(3,0.08942389006342495)(4,0.10035353535353535)(5,0.11057033752155702)(6,0.25755968648481414)(7,0.296997083712909)(8,0.3816651053931258)(9,0.3479719629648728)(10,0.36095999702068904)
};
\addlegendentry{Natural\_SigmoidSVM}

\addplot[color=green,mark=*] coordinates {
(1,0.026627906976744185)(2,0.11800078642849118)(3,0.3133268733850129)(4,0.303872879451747)(5,0.3348255813953488)(6,0.6087218513029877)(7,0.6125580392696104)(8,0.6157876310516943)(9,0.594851511489653)(10,0.5947986573670314)
};
\addlegendentry{Natural\_ADA}

