size	dial	Natural_Unigram_SVM	Natural_Unigram+Context_SVM	Natural_Unigram_ADA	Natural_Unigram+Context_ADA	Natural_Unigram_RF	Natural_Unigram+Context_RF	Component
1	1	0.029195953710880084	0.032235347569286685	0.04583270230703216	0.1196178971361375	0.00967741935483871	0.004634257155838256	0.5409722362966838
2	2	0.053920358218944885	0.04422188743936822	0.1224407093641902	0.08242934249860338	0.004614695340501792	0.007594945411544702	0.6701550803968579
3	3	0.0657918078234227	0.05578675798468265	0.17614639386628622	0.19208842285179345	0.002898550724637681	0.004675081813931744	0.6119462279642743
4	4	0.18882805858042473	0.17622085063816265	0.2543038942574069	0.26355852199877633	0.03544989898019733	0.012662493981704381	0.6189511575131504
5	5	0.2522612506588686	0.24532600669344765	0.36193819526860793	0.33748620742277397	0.073181419343292	0.06125786267635551	0.6498117660219884
6	6	0.3042171088300486	0.2852349872878233	0.40284195147438073	0.36864075854163514	0.10378582699929222	0.05115513159452402	0.6656920212026111
7	7	0.3892152426737836	0.35604459785004405	0.4032402132263873	0.4231587269496061	0.11485525472468314	0.04086120754275277	0.6683629015572025
8	8	0.3874051724118732	0.37331836390788	0.43213325729362556	0.4005880886158498	0.08166944913556519	0.03293874097933004	0.6639882729178679
9	9	0.3933265489232861	0.3720530724582058	0.40878846539709135	0.36912174203342313	0.09923942075194711	0.07656403159240137	0.6537975642233229
10	10	0.40629309297351923	0.3665650940829035	0.43867567645983757	0.40526485499983833	0.08132970913810415	0.09625157805933245	0.6466065930845473