size	dial	Natural_Unigram_SVM	Natural_Unigram+Context_SVM	Natural_Unigram_ADA	Natural_Unigram+Context_ADA	Natural_Unigram_RF	Natural_Unigram+Context_RF	Component
10	10	null	null	null	null	null	null	0.9282274022840417
20	20	null	null	null	null	null	null	0.9232169031638563
30	30	null	null	0.293855909854442	0.29650484108891495	null	null	0.9242506849029157
40	40	0.37253708503513205	0.42549187824780166	0.35362547556237983	0.38991043287579935	null	null	0.9240493868847013
50	50	0.3432441177792558	0.3872726018098707	0.35738503740161576	0.3829256852593418	null	null	0.924397981026903
60	60	0.34752244840805124	0.39680548668438176	0.3738079676081093	0.39058438140711854	null	null	0.9245052807066401
70	70	0.3538064310993078	0.39752810005850864	0.37090319601654864	0.414953081834139	null	null	0.9243830024645462
80	80	0.3062989637882899	0.3489196252492198	0.3361407870095705	0.38259087465034464	0.3469055109715355	0.4770079886805722	0.9245082769918451
90	90	0.3384101826570536	0.39072416756600215	0.33473153456996013	0.3986225278736584	null	0.4183278920594861	0.9246665480756509
100	100	0.36836813147963365	0.38296621917987117	0.36303327500712756	0.43300705922197097	0.3331776609440843	0.4743470948428781	0.923974939101344
110	110	0.31371545796387784	0.34550888455950873	0.3670118881057581	0.42466668016333725	null	0.5091547716039729	0.9253635703649342
120	120	0.3345638076686357	0.3448163089929673	0.41337671548199995	0.4112930394741007	0.563288035960959	0.5417938197749549	null
130	130	0.3123017150474174	0.3290686058004531	0.399224578586868	0.4415031966007401	0.4592327122331323	0.46576484397273116	null
140	140	0.31017947087546055	0.3462012171276607	0.4199025170275749	0.45277350415354195	0.42968370169245657	0.5052458337276051	null
150	150	0.37463939052067147	0.40587818507526535	0.5880741382592541	0.45534624771201954	0.5018942003030721	0.5306409483624673	null
160	160	0.42073170731707316	0.4550898203592814	0.6050420168067226	0.5546218487394958	0.4444444444444444	0.5	null