\addplot[color=green,mark=*] coordinates {
(1,1)(2,2)(3,3)(4,4)(5,5)(6,6)(7,7)(8,8)(9,9)(10,10)
};
\addlegendentry{dial}

\addplot[color=green,mark=*] coordinates {
(1,0)(2,0)(3,0.0023809523809523807)(4,0)(5,0)(6,0)(7,0.003278688524590164)(8,0.0032258064516129032)(9,0.003333333333333333)(10,0.004081632653061224)
};
\addlegendentry{Natural\_SVM}

\addplot[color=green,mark=*] coordinates {
(1,0)(2,0.0034398034398034397)(3,0.011773136773136772)(4,0.008333333333333333)(5,0.008333333333333333)(6,0.008333333333333333)(7,0.011231884057971014)(8,0.02116096207215541)(9,0.02116096207215541)(10,0.022806163437128442)
};
\addlegendentry{Natural\_ADA}

\addplot[color=green,mark=*] coordinates {
(1,0)(2,0)(3,0)(4,0)(5,0.0013157894736842105)(6,0)(7,0)(8,0)(9,0)(10,0)
};
\addlegendentry{Natural\_RF}

\addplot[color=green,mark=*] coordinates {
(1,0.38130086230902926)(2,0.5037175693848318)(3,0.49080719117435095)(4,0.5520482401005656)(5,0.5771203564637678)(6,0.5647576979453102)(7,0.5559034583656484)(8,0.581578189252608)(9,0.574272940369675)(10,0.5716343599270428)
};
\addlegendentry{Component}

\addplot[color=green,mark=*] coordinates {
(1,0.515571399911437)(2,0.6501834614525117)(3,0.6763204593266907)(4,0.6656020454950694)(5,0.6857511149986151)(6,0.7088387626964919)(7,0.7172141719596342)(8,0.738827819782159)(9,0.7038504521950293)(10,0.7128177719016419)
};
\addlegendentry{Component+Context}

\addplot[color=green,mark=*] coordinates {
(1,0)(2,0.001941747572815534)(3,0.002)(4,0)(5,0.002898550724637681)(6,0.003333333333333333)(7,0.011666666666666667)(8,0.025733990147783253)(9,0.023)(10,0.02412280701754386)
};
\addlegendentry{Natural\_SVM\_Context}

\addplot[color=green,mark=*] coordinates {
(1,0)(2,0.0034398034398034397)(3,0.011773136773136772)(4,0.008333333333333333)(5,0.008333333333333333)(6,0.008333333333333333)(7,0.016495041952707852)(8,0.03595452273863069)(9,0.029576060611102788)(10,0.0346989966555184)
};
\addlegendentry{Natural\_ADA\_Context}

\addplot[color=green,mark=*] coordinates {
(1,0)(2,0)(3,0)(4,0)(5,0)(6,0)(7,0)(8,0)(9,0)(10,0)
};
\addlegendentry{Natural\_RF\_Context}

