size	dial	Natural_SVM	Natural_ADA	Natural_RF	Component	Component+Context	Natural_SVM_Context	Natural_ADA_Context	Natural_RF_Context
1	1	0	0	0	0.1558831672203765	0.14053030303030303	0	0	0
2	2	0	0.0012658227848101266	0	0.34491565905359006	0.3961877011877012	0	0.0012658227848101266	0
3	3	0	0.0012658227848101266	0	0.3675910364145658	0.31264957264957266	0	0.0012658227848101266	0
4	4	0	0	0	0.40285714285714286	0.3505984211866564	0	0	0
5	5	0	0	0	0.3500891265597148	0.3792409812409812	0	0	0
6	6	0	0	0	0.420248712640017	0.5470497737556561	0	0	0
7	7	0	0	0	0.4524525474525475	0.514110334110334	0	0	0
8	8	0	0	0	0.39476190476190476	0.631962265804371	0	0	0
9	9	0	0	0	0.3778463203463204	0.6244362282597576	0	0	0
10	10	0	0	0	0.42447635697635694	0.5617016918410106	0	0	0