\addplot[color=green,mark=*] coordinates {
(1,1)(2,2)(3,3)(4,4)(5,5)(6,6)(7,7)(8,8)(9,9)(10,10)(15,15)(20,20)(25,25)(30,30)(35,35)(40,40)(45,45)(50,50)(55,55)(60,60)(65,65)(70,70)(75,75)(80,80)(85,85)(90,90)
};
\addlegendentry{dial}

\addplot[color=green,mark=*] coordinates {
(1,0)(2,0)(3,0)(4,0)(5,0)(6,0.07929292929292929)(7,0.00909090909090909)(8,0.00909090909090909)(9,0.014285714285714285)(10,0.014285714285714285)(15,0.01111111111111111)(20,0)(25,0)(30,0)(35,0)(40,0)(45,0)(50,0)(55,0)(60,0)(65,0)(70,0)(75,0)(80,0)(85,0)(90,0)
};
\addlegendentry{Natural\_SVM}

\addplot[color=green,mark=*] coordinates {
(1,0.025)(2,0.04242424242424242)(3,0.00909090909090909)(4,0.00909090909090909)(5,0.00909090909090909)(6,0.17175324675324677)(7,0.19318181818181818)(8,null)(9,null)(10,null)(15,null)(20,null)(25,null)(30,null)(35,null)(40,null)(45,null)(50,null)(55,null)(60,null)(65,null)(70,null)(75,null)(80,null)(85,null)(90,null)
};
\addlegendentry{Natural\_Ada}

\addplot[color=green,mark=*] coordinates {
(1,0)(2,0)(3,0)(4,0)(5,0)(6,0.054292929292929296)(7,0.04318181818181818)(8,0.01818181818181818)(9,0)(10,null)(15,null)(20,null)(25,null)(30,null)(35,null)(40,null)(45,null)(50,null)(55,null)(60,null)(65,null)(70,null)(75,null)(80,null)(85,null)(90,null)
};
\addlegendentry{Natural\_RF}

