\addplot[color=green,mark=*] coordinates {
(1,1)(2,2)(3,3)(4,4)(5,5)(6,6)(7,7)(8,8)(9,9)(10,10)
};
\addlegendentry{dial}

\addplot[color=green,mark=*] coordinates {
(1,0)(2,0)(3,0)(4,0)(5,0)(6,0.014285714285714285)(7,0.016666666666666666)(8,0.016666666666666666)(9,0.016666666666666666)(10,0.016666666666666666)
};
\addlegendentry{Natural\_SVM}

\addplot[color=green,mark=*] coordinates {
(1,0)(2,0.02205128205128205)(3,0.015384615384615385)(4,0.015384615384615385)(5,0.034954507857733665)(6,0.01927966101694915)(7,0.01939655172413793)(8,0.015345592897907417)(9,0.014819277108433736)(10,0.04266848816029144)
};
\addlegendentry{Natural\_ADA}

\addplot[color=green,mark=*] coordinates {
(1,0)(2,0)(3,0)(4,0)(5,0)(6,0)(7,0)(8,0)(9,0)(10,0)
};
\addlegendentry{Natural\_RF}

\addplot[color=green,mark=*] coordinates {
(1,0.04523809523809523)(2,0.122296918767507)(3,0.196344537815126)(4,0.2904366539892856)(5,0.33405233569320253)(6,0.39859857978279034)(7,0.42817787303855415)(8,0.40771453520679524)(9,0.40964912280701754)(10,0.4066267581747457)
};
\addlegendentry{Component}

\addplot[color=green,mark=*] coordinates {
(1,0.03076923076923077)(2,0.11646825396825396)(3,0.1788533834586466)(4,0.3225624530268493)(5,0.36168287852498376)(6,0.41639429455992927)(7,0.4160706802657267)(8,0.3791995448651796)(9,0.40133699633699627)(10,0.3889055389055389)
};
\addlegendentry{Component+Context}

\addplot[color=green,mark=*] coordinates {
(1,0)(2,0)(3,0)(4,0)(5,0)(6,0.013333333333333332)(7,0.01111111111111111)(8,0.01111111111111111)(9,0.013333333333333332)(10,0.013333333333333332)
};
\addlegendentry{Natural\_SVM\_Context}

\addplot[color=green,mark=*] coordinates {
(1,0)(2,0.015384615384615385)(3,0.02205128205128205)(4,0.015384615384615385)(5,0.028287841191066997)(6,0.03372819793577157)(7,0.049441572919833796)(8,0.0523931623931624)(9,0.03948622973581083)(10,0.07669830169830169)
};
\addlegendentry{Natural\_ADA\_Context}

\addplot[color=green,mark=*] coordinates {
(1,0)(2,0)(3,0)(4,0)(5,0)(6,0)(7,0)(8,0)(9,0)(10,0)
};
\addlegendentry{Natural\_RF\_Context}

