\addplot[color=green,mark=*] coordinates {
(1,1)(2,2)(3,3)(4,4)(5,5)(6,6)(7,7)(8,8)(9,9)(10,10)
};
\addlegendentry{dial}

\addplot[color=green,mark=*] coordinates {
(1,0.5361962482228578)(2,0.6842526055513379)(3,0.726915209741731)(4,0.7595378066625443)(5,0.7657665704913763)(6,0.7993423078797084)(7,0.8241875409646301)(8,0.8337970329362833)(9,0.8136063635849642)(10,0.821559858764752)
};
\addlegendentry{MYMO}

\addplot[color=green,mark=*] coordinates {
(1,0.11375763868080743)(2,0.2478151794363625)(3,0.2687424135295858)(4,0.2829826386899562)(5,0.3093503698427464)(6,0.5421616191779404)(7,0.6337085851303437)(8,0.7287055972854128)(9,0.7399502023669029)(10,0.7389105399425697)
};
\addlegendentry{Natural\_SVM}

\addplot[color=green,mark=*] coordinates {
(1,0.12289379211202753)(2,0.258570908192692)(3,0.2704745578805692)(4,0.2908792923855311)(5,0.2930461352911814)(6,0.50574649758015)(7,0.5877680614257121)(8,0.7029812512484248)(9,0.7349620487815482)(10,0.7195646904101165)
};
\addlegendentry{Natural\_SVM+Context}

\addplot[color=green,mark=*] coordinates {
(1,0.2862706832958549)(2,0.3733520050974688)(3,0.4784911534224614)(4,0.7197996320767116)(5,0.6444477615152925)(6,0.7041726634808085)(7,0.7880453464894499)(8,0.794312348600101)(9,0.8337107552986179)(10,0.8479637613655819)
};
\addlegendentry{Natural\_ADA}

\addplot[color=green,mark=*] coordinates {
(1,0.30581657077013114)(2,0.3812430232051556)(3,0.4488857766224923)(4,0.651755502339711)(5,0.7408244038849475)(6,0.7041726634808085)(7,0.8227580995151884)(8,0.7948201883766515)(9,0.8337012446289582)(10,0.8479637613655819)
};
\addlegendentry{Natural\_ADA+Context}

