size	dial	Natural_Unigram_SVM	Natural_Unigram+Context_SVM	Natural_Unigram_ADA	Natural_Unigram+Context_ADA	Natural_Unigram_RF	Natural_Unigram+Context_RF	Component
10	10	0	0	0	0	0	0	0.1108974358974359
20	20	0	0	0.01	0.01	0	0	0.23093240093240092
30	30	0	0	0	0.01	0	0	0.2746037296037296
40	40	0.043333333333333335	0	0.043333333333333335	0.01	0	0	0.2579370629370629
50	50	0.043333333333333335	0.02	0.06333333333333332	0.03	0	0	0.33396270396270394
60	60	0.043333333333333335	0.01	0.06000000000000001	0.026666666666666665	0.01	0	0.43508158508158506
70	70	0.043333333333333335	0.01	0.06	0.018333333333333333	0	0	0.4438228438228438
80	80	0.05333333333333333	0.03	0.06	0.04666666666666667	0.01	0.01	0.49766899766899775
90	90	0.05333333333333333	0.01	0.06	0.03833333333333333	0	0	0.5067599067599068
100	100	0.05333333333333333	0.01	0.06833333333333333	0.04833333333333333	0	0	0.49766899766899775
110	110	0.05333333333333333	0.01	0.05166666666666666	0.04833333333333333	0.008333333333333333	0	0.5408508158508158
120	120	0.07333333333333333	0.01	0.06	0.04833333333333333	0	0	null
130	130	0.07333333333333333	0.02	0.06	0.026666666666666665	0	0	null
140	140	0.12222222222222223	0.03333333333333333	0.09999999999999999	0.027777777777777776	0	0	null
150	150	0.24444444444444446	0.06666666666666667	0.17222222222222225	0	0	0	null
160	160	0	0	0	0	0	0	null