size	dial	Natural_Unigram_SVM	Natural_Unigram+Context_SVM	Natural_Unigram_ADA	Natural_Unigram+Context_ADA	Natural_Unigram_RF	Natural_Unigram+Context_RF	Component
10	10	0.16191384875481746	0.11149507542955625	0.3885114533664901	0.30246289727142245	0.031849810211535476	0.04225284948228043	0.8179919746885098
20	20	0.24944987145045308	0.20218577992534276	0.4987131215646947	0.3995216322029926	0.04689782771041569	0.12220977364355905	0.9178102986916761
30	30	0.34955267927943934	0.2811821009116297	0.6625611073144133	0.5368907776440837	0.1796068357387466	0.1194000685626401	0.8635577012463719
40	40	0.4017113382102182	0.3242180810421619	0.86621023720738	0.7258243116134759	0.09774537387332978	0.1800368127425326	0.8890460502491091
50	50	0.46717619766384555	0.4017636630989876	0.7324659668825468	0.5775988291552213	0.13957872708593305	0.10330391295254966	0.9013925825093223
60	60	0.48480737445343147	0.41051053374553115	0.7728589868265374	0.7717353913209194	0.1920341939461139	0.13500654792603012	0.9211066796707899
70	70	0.5781058993683775	0.4561182486711729	0.937655512178251	0.9479704563510157	0.12288777534372004	0.0833366027708122	0.9144435794531081
80	80	0.5763907057714919	0.4876347452164153	0.9377481798488174	0.9321474516017977	0.18557355826718794	0.16087115856344156	0.9348671172069924
90	90	0.623244381561882	0.546616236112035	0.9366784726081484	0.9344873102836001	0.22088464810785688	0.1559071496856991	0.937003409592109
100	100	0.6687538508160321	0.586703532825389	0.9357402124436633	0.935610905789218	0.1568718428978622	0.18168522264985346	null
110	110	0.6993725926250582	0.6209269842713845	0.9321108126179188	0.9311165237667461	0.2192387279084488	0.21044678902099107	null
120	120	0.6740398362185948	0.5830802599787536	0.933251769270901	0.9482737526612285	0.22897808088055108	0.26933675265140367	null
130	130	0.7752181407951078	0.7177326876019942	0.9270024044003273	0.9213844268722374	0.30192386636113133	0.31671199114658466	null
140	140	0.763323321259687	0.7207552760383251	0.9125596660486186	0.9013237109924388	0.3200031968102059	0.3102540548047504	null
150	150	0.8483361694414293	0.8425772885338372	0.9579658986018921	0.9579658986018921	0.33218819855708753	0.2947567651701716	null
160	160	0.9776623966377288	0.9666733856487176	0.9776623966377288	0.9776623966377288	0.6643210468637414	0.42595704948646124	null