\addplot[color=green,mark=*] coordinates {
(10,10)(20,20)(30,30)(40,40)(50,50)(60,60)(70,70)(80,80)(90,90)(100,100)(110,110)(120,120)(130,130)(140,140)(150,150)(160,160)(170,170)
};
\addlegendentry{dial}

\addplot[color=green,mark=*] coordinates {
(10,0.049427198817442716)(20,0.18063329788062227)(30,0.2987409916099677)(40,0.38683638407542326)(50,0.4665526218704824)(60,0.6062305002320051)(70,0.7129995065546657)(80,0.7751252447367613)(90,0.7971532060917996)(100,0.819750382739352)(110,0.9064994093342135)(120,0.9192409643357413)(130,0.916762265484346)(140,0.8979567940417226)(150,0.9314009265070872)(160,0.9198426642950622)(170,0.9606299212598425)
};
\addlegendentry{Natural\_Unigram\_SVM}

\addplot[color=green,mark=*] coordinates {
(10,0.04536215816703622)(20,0.19596200032893646)(30,0.27751682564859376)(40,0.31475279158073743)(50,0.3872463393750966)(60,0.5323881916130541)(70,0.6055167220985551)(80,0.6980533098805284)(90,0.7317626759860197)(100,0.7626982911286625)(110,0.8632945248626529)(120,0.8900989956119136)(130,0.8948091630493684)(140,0.873477652521456)(150,0.9083523483851375)(160,0.9077062681214435)(170,0.9448818897637795)
};
\addlegendentry{Natural\_Unigram+Context\_SVM}

\addplot[color=green,mark=*] coordinates {
(10,0.11411677753141167)(20,0.48187084005999103)(30,0.7456541343697867)(40,0.6706884402270543)(50,0.8012728491497978)(60,0.9644358840029991)(70,0.9644358840029991)(80,0.9644358840029991)(90,0.9644358840029991)(100,0.9636484824281959)(110,0.9636484824281959)(120,0.9644358840029991)(130,0.9658689098989084)(140,0.9680269975430112)(150,0.962170499065516)(160,0.9547370628258246)(170,0.9606299212598425)
};
\addlegendentry{Natural\_Unigram\_ADA}

\addplot[color=green,mark=*] coordinates {
(10,0.17699556541019956)(20,0.44340930159845254)(30,0.7282898889575351)(40,0.7096614532158153)(50,0.8007904854738797)(60,0.9635811831482982)(70,0.9635811831482982)(80,0.9644358840029991)(90,0.9644358840029991)(100,0.9644358840029991)(110,0.9636484824281959)(120,0.9644358840029991)(130,0.9658689098989084)(140,0.9680269975430112)(150,0.962170499065516)(160,0.9574918837624636)(170,0.9606299212598425)
};
\addlegendentry{Natural\_Unigram+Context\_ADA}

\addplot[color=green,mark=*] coordinates {
(10,0.012195121951219513)(20,0.07179815739970777)(30,0.05534451456179956)(40,0.07816767540985461)(50,0.06801290905906206)(60,0.13655701533725334)(70,0.15922762683256872)(80,0.24991592328568307)(90,0.25719717352858107)(100,0.29219992491602104)(110,0.2859124922916868)(120,0.3849961277332872)(130,0.3712456669550376)(140,0.3512015460210902)(150,0.5498659675005301)(160,0.3055519403049825)(170,0.6692913385826772)
};
\addlegendentry{Natural\_Unigram\_RF}

\addplot[color=green,mark=*] coordinates {
(10,0.004065040650406504)(20,0.04868992849115761)(30,0.1098459961861606)(40,0.09711748071684687)(50,0.0924958218546799)(60,0.11726041381455296)(70,0.18512053944618828)(80,0.3208493801539461)(90,0.19443364705708055)(100,0.25625084969699385)(110,0.3134213972617755)(120,0.3053811860303445)(130,0.3114502445912083)(140,0.4332291396588161)(150,0.37496440144395443)(160,0.3297488123901868)(170,0.5590551181102362)
};
\addlegendentry{Natural\_Unigram+Context\_RF}

\addplot[color=green,mark=*] coordinates {
(10,0.8134685742369345)(20,0.9106882576995637)(30,0.8893928586349166)(40,0.9285684435470711)(50,0.919862999809574)(60,0.9335468172009724)(70,0.9333954864191)(80,0.9354073171074404)(90,0.9315959959104919)(100,null)(110,null)(120,null)(130,null)(140,null)(150,null)(160,null)(170,null)
};
\addlegendentry{Component}

