size	dial	Natural_SVM	Natural_ADA	Natural_RF	Component	Component+Context	Natural_SVM_Context	Natural_ADA_Context	Natural_RF_Context
1	1	0.002325581395348837	0	0	0.13428272876548739	0.1616896551724138	0.006060606060606061	0	0.04
2	2	0	0	0	0.459570707070707	0.373956043956044	0.03333333333333333	0.02857142857142857	0
3	3	0	0	0	0.5503846153846154	0.42936507936507934	0	0.05	0
4	4	0	0	0	0.519047619047619	0.40636363636363637	0	0.05	0
5	5	0	0	0	0.594047619047619	0.5235064935064935	0	0.05	0
6	6	0	0	0	0.6328571428571428	0.615	0	0.05	0
7	7	0	0	0	0.6233333333333333	0.5166666666666667	0	0.05	0
8	8	0	0	0	0.5966666666666667	0.47547619047619055	0	0.05	0
9	9	0	0	0	0.5533333333333335	0.485	0	0.05	0
10	10	0	0	0	0.5833333333333334	0.4461904761904762	0	0.05	0