\addplot[color=green,mark=*] coordinates {
(1,1)(2,2)(3,3)(4,4)(5,5)(6,6)(7,7)(8,8)(9,9)(10,10)(15,15)(20,20)(30,30)(40,40)(50,50)(60,60)(70,70)(80,80)(90,90)
};
\addlegendentry{dial}

\addplot[color=green,mark=*] coordinates {
(1,0)(2,0)(3,0)(4,0)(5,0)(6,0)(7,0)(8,0)(9,0)(10,0)(15,0)(20,0)(30,0)(40,0)(50,0)(60,0)(70,0)(80,0)(90,0)
};
\addlegendentry{Natural}

\addplot[color=green,mark=*] coordinates {
(1,0)(2,0)(3,0)(4,0)(5,0)(6,0)(7,0)(8,0)(9,0)(10,0)(15,0)(20,0)(30,0)(40,0)(50,0)(60,0)(70,0)(80,0)(90,0)
};
\addlegendentry{Natural+Context}

\addplot[color=green,mark=*] coordinates {
(1,0.5138644688644688)(2,0.4196243952126305)(3,0.4999815380697733)(4,0.46091269841269844)(5,0.5275702075702075)(6,0.5545378151260503)(7,0.5735731373889268)(8,0.5542748917748918)(9,0.5229549535431888)(10,0.49675096832991567)(15,0.5372527472527472)(20,0.5370593149540517)(30,0.551204481792717)(40,0.5678711484593837)(50,0.5551817042606516)(60,0.5706349206349206)(70,0.5596459096459097)(80,0.5523443223443223)(90,0.5389857364857364)
};
\addlegendentry{Component}

\addplot[color=green,mark=*] coordinates {
(1,0.5872765469824293)(2,0.6522549019607843)(3,0.6522549019607843)(4,0.6522549019607843)(5,0.585952380952381)(6,0.5993977591036416)(7,0.5463564213564214)(8,0.5463564213564214)(9,0.5463564213564214)(10,0.5669492925375277)(15,0.604538451744334)(20,0.6119264069264069)(30,0.6468003565062389)(40,0.6468003565062389)(50,0.6432289279348102)(60,0.6432289279348102)(70,0.6432289279348102)(80,0.6432289279348102)(90,0.6468003565062389)
};
\addlegendentry{Component+Context}

