size	dial	Natural_Unigram_SVM	Natural_Unigram+Context_SVM	Natural_Unigram_ADA	Natural_Unigram+Context_ADA	Natural_Unigram_RF	Natural_Unigram+Context_RF	Component
1	1	0	0	0	0	0	0	0.31666666666666665
2	2	0	0	0	0	0	0	0.4833333333333333
3	3	0	0	0	0	0	0	0.6333333333333333
4	4	0.05	0.05	0.05	0.05	0	0	0.55
5	5	0	0	0.05	0	0	0	0.7166666666666667
6	6	0	0	0	0	0	0	0.7499999999999999
7	7	0	0	0	0	0	0	0.7833333333333333
8	8	0	0	0	0	0	0	0.8166666666666668
9	9	0	0	0	0	0	0	0.7833333333333334
10	10	0	0	0	0	0	0	0.85