\addplot[color=green,mark=*] coordinates {
(1,1)(2,2)(3,3)(4,4)(5,5)(6,6)(7,7)(8,8)(9,9)(10,10)
};
\addlegendentry{dial}

\addplot[color=green,mark=*] coordinates {
(1,0.066)(2,0.13933692920220783)(3,0.15865548537679686)(4,0.17770078115853988)(5,0.31806779020583065)(6,0.5234956606176598)(7,0.6190074249284563)(8,0.676420925674073)(9,0.6853966405962357)(10,0.6922261820758547)
};
\addlegendentry{Natural\_SVM}

\addplot[color=green,mark=*] coordinates {
(1,0)(2,0)(3,0)(4,0)(5,0)(6,0)(7,0)(8,0)(9,0)(10,0)
};
\addlegendentry{Natural\_PolynomialSVM}

\addplot[color=green,mark=*] coordinates {
(1,0.06067415730337079)(2,0.12286090912956585)(3,0.14403934355898768)(4,0.17317178913905978)(5,0.2848715216225322)(6,0.48637343744751294)(7,0.5815662029152929)(8,0.6137387344157071)(9,0.6474521289630357)(10,0.6579140025123216)
};
\addlegendentry{Natural\_RadialSVM}

\addplot[color=green,mark=*] coordinates {
(1,0.06534653465346535)(2,0.13933692920220783)(3,0.15865548537679686)(4,0.17770078115853988)(5,0.31806779020583065)(6,0.4815573856688216)(7,0.5614240623384871)(8,0.614331640580907)(9,0.6349157415233608)(10,0.6358593634492035)
};
\addlegendentry{Natural\_SigmoidSVM}

\addplot[color=green,mark=*] coordinates {
(1,0.09577861163227017)(2,0.27575425236483553)(3,0.19187486335351994)(4,0.5159908390964513)(5,0.6995746719804662)(6,0.805095876707312)(7,0.8316808656699927)(8,0.8617028928925479)(9,0.8477904986602596)(10,0.8474791253400366)
};
\addlegendentry{Natural\_ADA}

