size	dial	Natural_SVM	Natural_ADA	Natural_RF	Component	Component+Context	Natural_SVM_Context	Natural_ADA_Context	Natural_RF_Context
1	1	0	0.006818181818181818	0	null	null	0	0	0
2	2	0	0	0	null	null	0	0.006818181818181818	0
3	3	0	0.0018867924528301887	0	null	null	0.05	0.0018867924528301887	0
4	4	0	0	0	null	null	0.05	0.006818181818181818	0
5	5	0.025	0.024	0	null	null	0.02857142857142857	0.03636363636363636	0
6	6	0.03333333333333333	0.006666666666666666	0	null	null	0.02857142857142857	0.01818181818181818	0
7	7	0.03333333333333333	0.006666666666666666	0	null	null	0.02857142857142857	0.01818181818181818	0
8	8	0.03333333333333333	0.011764705882352941	0	null	null	0.06857142857142857	0.03333333333333333	0
9	9	0.03333333333333333	0.011764705882352941	0	null	null	0.06857142857142857	0.03333333333333333	0
10	10	0.03333333333333333	0.013333333333333332	0	null	null	0.06857142857142857	0.03333333333333333	0