size	dial	Natural_SVM	Natural_ADA	Natural_RF	Component	Component+Context	Natural_SVM_Context	Natural_ADA_Context	Natural_RF_Context
1	1	0	0	0	0.34363636363636363	0.21424242424242426	0	0	0
2	2	0	0	0	0.15106060606060606	0.14106060606060605	0	0.01	0
3	3	0	0.01	0	0.15212121212121216	0.2866666666666667	0	0	0
4	4	0	0.01	0	0.16954545454545455	0.31303030303030305	0	0	0
5	5	0	0	0	0.2593939393939394	0.35393939393939394	0	0.01	0
6	6	0	0	0	0.23772727272727273	0.4292424242424243	0	0.03	0
7	7	0	0.01	0	0.22772727272727278	0.4427272727272727	0.01	0.04	0
8	8	0	0.01	0	0.22515151515151516	0.5168181818181817	0.01	0.02	0
9	9	0.01	0.030000000000000006	0	0.21515151515151518	0.48045454545454547	0.01	0.030000000000000006	0
10	10	0	0.01	0	0.23257575757575757	0.4563636363636364	0	0.030000000000000006	0