\addplot[color=green,mark=*] coordinates {
(1,1)(2,2)(3,3)(4,4)(5,5)(6,6)(7,7)(8,8)(9,9)(10,10)
};
\addlegendentry{dial}

\addplot[color=green,mark=*] coordinates {
(1,0.28209335669423946)(2,0.33183777250816565)(3,0.3757060030343514)(4,0.3980852788516935)(5,0.4845312248158737)(6,0.4916864402238989)(7,0.5676509480782401)(8,0.576779389450425)(9,0.5819176899763334)(10,0.5966623952297678)
};
\addlegendentry{Natural\_Unigram\_SVM}

\addplot[color=green,mark=*] coordinates {
(1,0.2134812077712686)(2,0.3045485244760197)(3,0.334758878570923)(4,0.36964248558244445)(5,0.4772608048049401)(6,0.47171993862308986)(7,0.5502730885753356)(8,0.5684854524655822)(9,0.5819537367977687)(10,0.5990826327228268)
};
\addlegendentry{Natural\_Unigram+Context\_SVM}

\addplot[color=green,mark=*] coordinates {
(1,0.38115607426477754)(2,0.5085443634449381)(3,0.4820490443310098)(4,0.49613800156757265)(5,0.5383004953272407)(6,0.5405773927667546)(7,0.7598654682109901)(8,0.7313554947998087)(9,0.7090450471224509)(10,0.7032985365244544)
};
\addlegendentry{Natural\_Unigram\_ADA}

\addplot[color=green,mark=*] coordinates {
(1,0.3378978332432039)(2,0.4976641033855425)(3,0.5165440736158979)(4,0.504571461164164)(5,0.5940346178487919)(6,0.6071228711185632)(7,0.7619577099033286)(8,0.7303248261220812)(9,0.7096560385047874)(10,0.6951263472478013)
};
\addlegendentry{Natural\_Unigram+Context\_ADA}

\addplot[color=green,mark=*] coordinates {
(1,0.17418471822679535)(2,0.1569026383580022)(3,0.2810579307901928)(4,0.17292135035215733)(5,0.22562618075822388)(6,0.2284142517306019)(7,0.26336004960358256)(8,0.26863195029756715)(9,0.2775862806677819)(10,0.33833880554302015)
};
\addlegendentry{Natural\_Unigram\_RF}

\addplot[color=green,mark=*] coordinates {
(1,0.0847289156626506)(2,0.17719075221461206)(3,0.11949574278161154)(4,0.11647753263222035)(5,0.1840717237489117)(6,0.22669018324806806)(7,0.2571862186522835)(8,0.2516310679180367)(9,0.23570126587192158)(10,0.24099308402081157)
};
\addlegendentry{Natural\_Unigram+Context\_RF}

\addplot[color=green,mark=*] coordinates {
(1,0.7055403833113824)(2,0.8315445366978578)(3,0.822275016293441)(4,0.830187921570747)(5,0.8397913324271654)(6,0.8521161679390135)(7,0.8612820018007886)(8,0.8627626986281862)(9,0.8585601689117374)(10,0.8560976855976301)
};
\addlegendentry{Component}

