size	dial	Natural_SVM	Natural_ADA	Natural_RF	Component	Component+Context	Natural_SVM_Context	Natural_ADA_Context	Natural_RF_Context
1	1	0.08105480210863034	0.09004960520535146	0.006666666666666666	null	null	0.049604428924640495	0.09685577348857806	0.029190863337204803
2	2	0.17650035640035638	0.19719089805882617	0.08313256791517662	null	null	0.15903627234558282	0.19600748675444613	0.10941424942214595
3	3	0.2192604584693269	0.26555755669124487	0.08677064870613257	null	null	0.21960142355583456	0.2640614283933174	0.06713868805584142
4	4	0.1887046584879402	0.21203377405576296	0.06512580677692618	null	null	0.1933731368537298	0.2188194661682632	0.08358979778283812
5	5	0.23842973996421332	0.2816433289086099	0.03706209419006662	null	null	0.2341731886178069	0.2975656598600232	0.06243457003163647
6	6	0.31673958407976566	0.4108173527114217	0.047491960142896444	null	null	0.328525635045334	0.4160298043665368	0.07938712422496934
7	7	0.3148777782033484	0.41106111318317246	0.07919919161298472	null	null	0.3229119924729492	0.4521568683780785	0.09159654964467111
8	8	0.3440283905081169	0.4186842109842693	0.06426445130212254	null	null	0.3481062318262047	0.41825900861476556	0.06999773310569275
9	9	0.3989667639297806	0.5135840450654959	0.060044236273744465	null	null	0.4000096432728011	0.49759080139119416	0.09703251173509023
10	10	0.39612070619114925	0.518861519936606	0.11679841262893742	null	null	0.40110403448463494	0.5670922483298828	0.09517023870727194