size	dial	Natural_SVM	Natural_ADA	Natural_RF	Component_SVM	Component_ADA
1	1	null	null	null	0.9811236491671981	0.9690285300435265
2	2	null	null	null	0.981813872385542	0.9819237449174342
3	3	0.9458319050754845	0.9148687870387493	null	0.9889082964913605	0.9881430601390478
4	4	0.9457796937744298	0.9697390909688084	0.8933249506857255	0.9877512624753239	0.9851259861201838
5	5	0.9589432998077045	0.9782504979532037	0.8902787575378314	0.9874066999092198	0.9910420476562765
6	6	0.9672847542579006	0.9636739501296268	null	0.9883278812796835	0.9855994959767516
7	7	0.9690937085266391	0.9775133929036942	0.881571094358903	0.9871524039815854	0.9862724105482629
8	8	0.9717614401390936	0.9638026328210817	0.9688633040935672	0.9868481909113458	0.9859835457320477
9	9	0.9713614403367326	0.9619178099530961	0.9782039894970929	0.9864950299080757	0.9854530358879225
10	10	0.9749133870721283	0.9548374870193248	0.9712613111753712	0.9885368412469878	0.9836797714793921