size	dial	Natural_SVM	Natural_ADA	Natural_RF	Component	Component+Context	Natural_SVM_Context	Natural_ADA_Context	Natural_RF_Context
1	1	0	0	0	0.025	0	0	0	0
2	2	0	0	0	0.15333333333333332	0.16666666666666666	0	0	0
3	3	0	0	0	0.25	0.3019047619047619	0	0	0
4	4	0	0	0	0.38	0.34523809523809523	0	0	0
5	5	0	0	0	0.4352380952380953	0.27999999999999997	0	0	0
6	6	0	0	0	0.4438095238095238	0.33714285714285713	0	0	0
7	7	0	0	0	0.4276190476190475	0.3304761904761905	0	0	0
8	8	0	0	0	0.4585714285714285	0.3238095238095238	0	0	0
9	9	0	0	0	0.44857142857142857	0.36380952380952375	0	0	0
10	10	0	0	0	0.6052380952380954	0.4133333333333334	0	0	0