size	dial	Natural_SVM	Natural_ADA	Natural_RF	Component	Component+Context	Natural_SVM_Context	Natural_ADA_Context	Natural_RF_Context
1	1	0.040417280100717067	0.06637315012103029	0.020380194518125554	0.48363428435033173	0.7916306147375778	0.03555101390036382	0.060373187440033116	0.049942435555776425
2	2	0.10987840716155109	0.17539791070347496	0.05566108199814427	0.612500003216111	0.9650866911474602	0.13598494882285903	0.18313866684319277	0.06061327588985945
3	3	0.14867766298194582	0.20972854106052735	0.0745900251430063	0.6427327916906269	0.9845797717336371	0.19850553950279487	0.21880764354151627	0.13025467984060407
4	4	0.1459270477472108	0.23527511695219042	0.11495035846899819	0.6875702885049463	0.9827453429384772	0.20946947013792688	0.24534739681536313	0.14879625766812996
5	5	0.20462317295992588	0.23626652324764663	0.13848146823820712	0.7179602254564565	0.9809098466953474	0.24228387235834714	0.28218633662547715	0.1714501057959768
6	6	0.2021293043034819	0.22549753668666214	0.13460418952136693	0.7026428177688959	0.9775887537713099	0.24867374566277228	0.28197932744700405	0.1626424322828402
7	7	0.20384185206693334	0.23049530403517862	0.1208607924482297	0.7384432098086501	0.9828833165109299	0.2445336502272228	0.2764655453759012	0.15509976634858677
8	8	0.22493088858368898	0.2440846440816332	0.14010334268910427	0.7653680718987405	0.9850128925518382	0.2652001888314751	0.28915883368521117	0.16067289211121474
9	9	0.22380956595157148	0.2470297264673492	0.15555499392373037	0.7677807951647834	0.9761465696991385	0.2696069877883108	0.2699334611210879	0.18453005621084775
10	10	0.2282538209040931	0.23520982167014579	0.1424999777005138	0.7729871386061339	0.9761227664724789	0.2513244627498565	0.28175436643270835	0.17412243932049884