\addplot[color=green,mark=*] coordinates {
(10,10)(20,20)(30,30)(40,40)(50,50)(60,60)(70,70)(80,80)(90,90)(100,100)(110,110)(120,120)(130,130)(140,140)(150,150)(160,160)
};
\addlegendentry{dial}

\addplot[color=green,mark=*] coordinates {
(10,0.025960555147356058)(20,0.056202707069134286)(30,0.07959709226013083)(40,0.10687508227984281)(50,0.127813851474206)(60,0.14784630698578288)(70,0.17291805837302252)(80,0.18710167669598182)(90,0.20155813281083107)(100,0.20887683182050862)(110,0.21749965710496727)(120,0.2238109114688131)(130,0.22677561914938252)(140,0.2368924006975665)(150,0.25107938007898434)(160,0.25991094634140377)
};
\addlegendentry{Natural\_Unigram\_SVM}

\addplot[color=green,mark=*] coordinates {
(10,0.028221918974338095)(20,0.05524905400720324)(30,0.07561167344909328)(40,0.10375826681208718)(50,0.12227676092092206)(60,0.14233199263321436)(70,0.1642734297229964)(80,0.18182976633696474)(90,0.19582363074140585)(100,0.20282828521263027)(110,0.21055202193361028)(120,0.21614825247655423)(130,0.21718454534147888)(140,0.22822012299546418)(150,0.24290649352969956)(160,0.2509442711942271)
};
\addlegendentry{Natural\_Unigram+Context\_SVM}

\addplot[color=green,mark=*] coordinates {
(10,0.04056396314736234)(20,0.09204953521233669)(30,0.12441407461753315)(40,0.15075593439868668)(50,0.17012460483520941)(60,0.18886045291290757)(70,0.21000452675097536)(80,0.22160236304017764)(90,0.23246887669351626)(100,0.23656743614338555)(110,0.2414052732391414)(120,0.2511756404376448)(130,0.24968424090361255)(140,0.25028782727559223)(150,0.2675203320567056)(160,0.2801467027431374)
};
\addlegendentry{Natural\_Unigram\_ADA}

\addplot[color=green,mark=*] coordinates {
(10,0.047737594525417856)(20,0.08919824193484457)(30,0.11436252638836138)(40,0.14681286772532942)(50,0.16236644252820923)(60,0.18935614739311485)(70,0.20530774045526767)(80,0.22433415996187883)(90,0.2321792633435249)(100,0.23828039046789948)(110,0.24493528495968636)(120,0.2510052908762436)(130,0.24890290823361108)(140,0.2599614909933101)(150,0.26517591985904365)(160,0.26900841762694533)
};
\addlegendentry{Natural\_Unigram+Context\_ADA}

\addplot[color=green,mark=*] coordinates {
(10,0.009515304825653634)(20,0.022597139475566012)(30,0.027600044872319505)(40,0.03552886785770405)(50,0.037437231804395885)(60,0.05028440725732787)(70,0.06101557684590549)(80,0.0691378086778484)(90,0.07642244624304266)(100,0.07931045123781294)(110,0.07944453778839218)(120,0.08392561420911354)(130,0.0930594530872929)(140,0.09264391012010081)(150,0.09889667844432336)(160,0.10272676367134374)
};
\addlegendentry{Natural\_Unigram\_RF}

\addplot[color=green,mark=*] coordinates {
(10,0.01122614304308818)(20,0.024775956551148733)(30,0.027818809675379298)(40,0.03221935484772801)(50,0.04405355788577169)(60,0.045352785134469956)(70,0.06041231757337099)(80,0.06625588126528355)(90,0.06883984444946756)(100,0.07077957288158608)(110,0.08401912009247045)(120,0.08320358873861919)(130,0.08498538608630903)(140,0.0877866408979789)(150,0.08423938220256556)(160,0.10023412251437336)
};
\addlegendentry{Natural\_Unigram+Context\_RF}

\addplot[color=green,mark=*] coordinates {
(10,0.2694446766383292)(20,0.2887966020008657)(30,0.28855485278517773)(40,0.3016463429505279)(50,0.31785669124974436)(60,0.32220134798641964)(70,0.32875414145988535)(80,0.33379934852174925)(90,0.33554259494616573)(100,null)(110,null)(120,null)(130,null)(140,null)(150,null)(160,null)
};
\addlegendentry{Component}

