\addplot[color=green,mark=*] coordinates {
(1,1)(2,2)(3,3)(4,4)(5,5)(6,6)(7,7)(8,8)(9,9)(10,10)
};
\addlegendentry{dial}

\addplot[color=green,mark=*] coordinates {
(1,0.5943030543600563)(2,0.7467858731120869)(3,0.8071026476420288)(4,0.807056512445331)(5,0.8210323527569638)(6,0.8499511603395138)(7,0.8620516120410657)(8,0.8648898634411891)(9,0.8929455112047464)(10,0.9050435787971445)
};
\addlegendentry{MYMO}

\addplot[color=green,mark=*] coordinates {
(1,0.12476000291789768)(2,0.22370255952842796)(3,0.33101019997083514)(4,0.4918413169094579)(5,0.5223480700977537)(6,0.6819930913253069)(7,0.6791716528659313)(8,0.7680000341714754)(9,0.8474807933634937)(10,0.8618975311989189)
};
\addlegendentry{Natural\_SVM}

\addplot[color=green,mark=*] coordinates {
(1,0.18745426036736598)(2,0.21376164610004378)(3,0.31724273148681154)(4,0.4534433453257211)(5,0.4934143447709496)(6,0.657632025955832)(7,0.6654812212010526)(8,0.7526784737565737)(9,0.8426686533561201)(10,0.8515923485109582)
};
\addlegendentry{Natural\_SVM+Context}

\addplot[color=green,mark=*] coordinates {
(1,0.308939037395005)(2,0.6736266377806912)(3,0.582019369612575)(4,0.8657722630194883)(5,0.8417962390434642)(6,0.9609428545899956)(7,0.8652439298588128)(8,0.9593250053777718)(9,0.9538731246280291)(10,0.9549461311502256)
};
\addlegendentry{Natural\_ADA}

\addplot[color=green,mark=*] coordinates {
(1,0.35997450831351685)(2,0.5832562674103208)(3,0.6777182943437579)(4,0.8657722630194883)(5,0.8417962390434642)(6,0.8647101778964894)(7,0.8647101778964894)(8,0.8652439298588128)(9,0.9562647176009342)(10,0.9538731246280291)
};
\addlegendentry{Natural\_ADA+Context}

