size	dial	MYMO	Natural_SVM	Natural_SVM+Context	Natural_ADA	Natural_ADA+Context
1	1	0.6721557748954103	null	null	null	null
2	2	0.7284620225007931	null	null	null	null
3	3	0.7628753329727586	null	null	null	null
4	4	0.777081202900413	null	null	null	null
5	5	0.7830967569977386	0.7074338624338624	0.6697062414709473	0.612452464611616	0.6523398574840835
6	6	0.7770458468611176	0.7844873084440562	0.7817915980480332	0.7960512428682511	0.7580974332416592
7	7	0.7866655285572863	0.8157768213245162	0.8334593102035306	0.7563881279517181	0.789787685205185
8	8	0.7742201235801351	0.8201118257911245	0.827470150278035	0.7930241196456895	0.7891720395224231
9	9	0.7659277572045049	0.8179803743711707	0.8314321240088185	0.7860375355275606	0.7898174795142915
10	10	0.7647894027970626	0.8099499792367396	0.8136618802854265	0.7851757889002847	0.786840913784651