size	dial	Natural_Unigram_SVM	Natural_Unigram+Context_SVM	Natural_Unigram_ADA	Natural_Unigram+Context_ADA	Natural_Unigram_RF	Natural_Unigram+Context_RF	Component
10	10	0	0	0	0.06	0	0	0.5779946315442881
20	20	0	0	0.06	0	0	0	0.6397461843393192
30	30	0.008695652173913044	0.016666666666666666	0.11964912280701753	0.11964912280701753	0	0	0.6313897757955933
40	40	0.008695652173913044	0.016666666666666666	0.05964912280701754	0.11964912280701753	0	0	0.6270983810151496
50	50	0.024695652173913042	0.024695652173913042	0.11964912280701753	0.05964912280701754	0	0	0.6213203821486646
60	60	0.034453227931488806	0.00909090909090909	0.13926634768740032	0.0746223848391031	0	0	0.6234582091092766
70	70	0.06778656126482215	0.031313131313131314	0.15226944366263254	0.09226944366263252	0	0	0.6268731328717616
80	80	0.07334211682037768	0.04019607843137255	0.17291426057306275	0.16250167448599634	0	0	0.6295815763651224
90	90	0.07419681767507855	0.04019607843137255	0.16382335148215366	0.18198661678827613	0	0	0.6272705044402314
100	100	0.08328772676598764	0.029166666666666664	0.2211120277181983	0.21947137145569334	0	0	0.619231722410207
110	110	0.081639375117636	0.029166666666666664	0.22039901524047995	0.15130810614957085	0	0	0.6104380127786079
120	120	0.07226835398190896	0.029166666666666664	0.10666362707135957	0.08326461769115442	0	0	null
130	130	0.11250371881507926	0.04019607843137255	0.2657814527079895	0.15647890340544013	0	0	null
140	140	0.23825487891984057	0.12111111111111111	0.3290521405963685	0.31994348737580897	0.020833333333333332	0	null
150	150	0.28502415458937197	0.11130434782608696	0.4068965517241379	0.4068965517241379	0	0	null
160	160	0	0	0	0	0	0	null