\addplot[color=green,mark=*] coordinates {
(1,1)(2,2)(3,3)(4,4)(5,5)(6,6)(7,7)(8,8)(9,9)(10,10)
};
\addlegendentry{dial}

\addplot[color=green,mark=*] coordinates {
(1,0.018633540372670808)(2,0.014285714285714285)(3,0.017717789456919892)(4,0.013871635610766046)(5,0.02156394330307374)(6,0.004347826086956522)(7,0.009109730848861283)(8,0.01295588469501513)(9,0.01295588469501513)(10,0.008193979933110367)
};
\addlegendentry{Natural\_SVM}

\addplot[color=green,mark=*] coordinates {
(1,0)(2,0.014285714285714285)(3,0)(4,0)(5,0.008608058608058609)(6,0)(7,0.008608058608058609)(8,0.0038461538461538464)(9,0)(10,0)
};
\addlegendentry{Natural\_ADA}

\addplot[color=green,mark=*] coordinates {
(1,0.009109730848861283)(2,0.0047619047619047615)(3,0)(4,0.0038461538461538464)(5,0.0038461538461538464)(6,0)(7,0.007692307692307693)(8,0.0038461538461538464)(9,0.007692307692307693)(10,0)
};
\addlegendentry{Natural\_RF}

\addplot[color=green,mark=*] coordinates {
(1,0.47846447655293234)(2,0.6668060200668896)(3,0.6805131774771955)(4,0.720028706647897)(5,0.7469465206346765)(6,0.7198371967862223)(7,0.7395055982387317)(8,0.7723455579902356)(9,0.7860186664909303)(10,0.7932937987660627)
};
\addlegendentry{Component}

\addplot[color=green,mark=*] coordinates {
(1,0.7464798583614176)(2,0.8761979053208439)(3,0.8926821845487511)(4,0.8901721147973023)(5,0.8935074129601865)(6,0.8744282773143341)(7,0.8859667388527959)(8,0.8743367022227593)(9,0.8857327136187706)(10,0.877124655010712)
};
\addlegendentry{Component+Context}

\addplot[color=green,mark=*] coordinates {
(1,0.02298136645962733)(2,0.018633540372670808)(3,0.013871635610766046)(4,0.022567287784679087)(5,0.022567287784679087)(6,0.009109730848861283)(7,0.03053122400948488)(8,0.024351896091026524)(9,0.025410097149227585)(10,0.020648192387322822)
};
\addlegendentry{Natural\_SVM\_Context}

\addplot[color=green,mark=*] coordinates {
(1,0.014285714285714285)(2,0.014285714285714285)(3,0)(4,0.0391304347826087)(5,0.047738493390667304)(6,0.034782608695652174)(7,0.04505494505494505)(8,0.01336996336996337)(9,0.008608058608058609)(10,0.0035714285714285713)
};
\addlegendentry{Natural\_ADA\_Context}

\addplot[color=green,mark=*] coordinates {
(1,0.027329192546583846)(2,0.0047619047619047615)(3,0)(4,0.0038461538461538464)(5,0.0038461538461538464)(6,0.0038461538461538464)(7,0)(8,0)(9,0.008608058608058609)(10,0)
};
\addlegendentry{Natural\_RF\_Context}

