size	dial	MYMO	Natural_SVM	Natural_SVM+Context	Natural_ADA	Natural_ADA+Context
1	1	0.29323232323232323	0.09090909090909091	0.06363636363636363	0.09090909090909091	0.09090909090909091
2	2	0.2221212121212121	0.09090909090909091	0.06363636363636363	0.09090909090909091	0.01111111111111111
3	3	0.28191919191919196	0.09090909090909091	0.06363636363636363	0.10202020202020201	0.09090909090909091
4	4	0.27414141414141413	0.09090909090909091	0.03636363636363636	0.10202020202020201	0.10202020202020201
5	5	0.3014141414141414	0.16363636363636364	0.06363636363636363	0.10202020202020201	0
6	6	0.24373737373737372	0.09090909090909091	0.05454545454545454	0	0.01111111111111111
7	7	0.25888888888888884	0.09090909090909091	0.06363636363636363	0.00909090909090909	0.00909090909090909
8	8	0.34994949494949495	0.045454545454545456	0.06545454545454546	0.03727272727272727	0.019090909090909092
9	9	0.3677272727272727	0.0202020202020202	0.0694949494949495	0.030202020202020202	0.052424242424242415
10	10	0.31601010101010096	0.030202020202020202	0.07949494949494948	0.08909090909090908	0.12242424242424241