size	dial	Natural_Unigram_SVM	Natural_Unigram+Context_SVM	Natural_Unigram_ADA	Natural_Unigram+Context_ADA	Natural_Unigram_RF	Natural_Unigram+Context_RF	Component
10	10	0	0	0	0	0	0	0.08
20	20	0	0	0	0	0	0	0.02
30	30	0	0	0	0	0	0	0
40	40	0	0	0	0	0	0	0
50	50	0	0	0.06	0.02	0	0	0.02857142857142857
60	60	0	0	0.06	0.02	0	0.02	0.02857142857142857
70	70	0	0	0.06	0.02	0	0	0.07142857142857142
80	80	0	0	0.06	0.02	0	0	0.04285714285714286
90	90	0	0	0.06	0.02	0	0	0.02857142857142857
100	100	0	0	0.06	0.02	0	0	null
110	110	0	0	0.06	0.02	0	0	null
120	120	0	0	0.06666666666666667	0.022222222222222223	0	0	null
130	130	0	0	0	0	0	0	null
140	140	0.03333333333333333	0.03333333333333333	0.06666666666666667	0.06666666666666667	0	0	null
150	150	0.041666666666666664	0.041666666666666664	0.08333333333333333	0.041666666666666664	0	0	null
160	160	0.05555555555555555	0	0.1111111111111111	0.05555555555555555	0	0	null