size	dial	Natural_SVM	Natural_ADA	Natural_RF	Component	Component+Context	Natural_SVM_Context	Natural_ADA_Context	Natural_RF_Context
1	1	0.011766735679779159	0.021571849978929625	0.020606060606060607	0.45614800609201894	0.6578462175691946	0.013688284716322099	0.01723149088447217	0.0186593707250342
2	2	0.030888260675494716	0.029863994559782392	0.01111111111111111	0.6661619513799601	0.8324749706416515	0.028516441912454026	0.03150351930275778	0.018759291023441965
3	3	0.033063400245955325	0.043714568177242494	0.008354866494401378	0.7017021331242979	0.8563069877597413	0.03048917334813171	0.05405488448283395	0.004545454545454545
4	4	0.0333709571904127	0.043043248945147675	0.00625	0.720013681976529	0.8526945788161042	0.030708042942085494	0.04567065219895408	0.011063218390804597
5	5	0.043584002159690195	0.04493435634243213	0.006950013365410318	0.7399584476952025	0.8595905200711209	0.039186595186019614	0.05299866790866977	0.011102831594634873
6	6	0.04637212886013654	0.032998858267204376	0.0037037037037037034	0.7271307567638694	0.8651267751553385	0.040630177800563196	0.04772782772782772	0.00828752642706131
7	7	0.0434811539993542	0.046724162513636196	0.008792270531400966	0.7458153480794506	0.8760458768349558	0.052287964136703634	0.0539442227065425	0.00425531914893617
8	8	0.038798728371899106	0.04883668188803345	0	0.7739193976346602	0.8914559198154816	0.04755694440330559	0.056872540476492026	0.004081632653061224
9	9	0.0256227617275983	0.044840943810148685	0	0.7713868619303402	0.8882534867792986	0.03466021851193416	0.06295228249562615	0
10	10	0.019442567924169814	0.03484302979047451	0	0.763294301945125	0.8878577506280466	0.026917752375247506	0.051968147214048854	0.00425531914893617