\addplot[color=green,mark=*] coordinates {
(1,1)(2,2)(3,3)(4,4)(5,5)(6,6)(7,7)(8,8)(9,9)(10,10)
};
\addlegendentry{dial}

\addplot[color=green,mark=*] coordinates {
(1,0.47652101365223676)(2,0.5668503584169875)(3,0.5974906146485093)(4,0.5803489116120109)(5,0.5966765280634309)(6,0.6191887738957086)(7,0.6174006751081741)(8,0.6191280760595546)(9,0.6176948901360164)(10,0.6296596725990277)
};
\addlegendentry{MYMO}

\addplot[color=green,mark=*] coordinates {
(1,0)(2,0.06323529411764707)(3,0.05)(4,0.05)(5,0.05)(6,0.06739130434782609)(7,0.1719903223510994)(8,0.1629442789251909)(9,0.1587179487179487)(10,0.20243754181834675)
};
\addlegendentry{Natural\_SVM}

\addplot[color=green,mark=*] coordinates {
(1,0)(2,0.032911392405063286)(3,0.04390243902439024)(4,0.04390243902439024)(5,0.05213675213675213)(6,0.07838383838383838)(7,0.15919527500922848)(8,0.1342981637099284)(9,0.11652038593215064)(10,0.15354234001292824)
};
\addlegendentry{Natural\_SVM+Context}

\addplot[color=green,mark=*] coordinates {
(1,0)(2,0.12983334727333556)(3,0.06476703889102811)(4,0.063718820861678)(5,0.14496388028895768)(6,0.16401149933657674)(7,0.31909872436362324)(8,0.2677912503348123)(9,0.23749386354286034)(10,0.31133204363694383)
};
\addlegendentry{Natural\_ADA}

\addplot[color=green,mark=*] coordinates {
(1,0)(2,0.07045834727333557)(3,0.06698679471788715)(4,0.06698679471788715)(5,0.20320765856950068)(6,0.22116674350971768)(7,0.26243865649032005)(8,0.20587541548907726)(9,0.281399900924277)(10,0.33801232607380516)
};
\addlegendentry{Natural\_ADA+Context}

