size	dial	MYMO	Natural_SVM	Natural_SVM+Context	Natural_ADA	Natural_ADA+Context
1	1	0.025	0	0	0	0
2	2	0.0375	0	0	0	0
3	3	0.10892857142857144	0.014285714285714285	0.014285714285714285	0	0
4	4	0.13392857142857145	0	0	0	0
5	5	0.1505952380952381	0	0.014285714285714285	0	0
6	6	0.16488095238095238	0	0	0	0
7	7	0.18749999999999997	0.016666666666666666	0.016666666666666666	0.03333333333333333	0.03333333333333333
8	8	0.20416666666666666	0.016666666666666666	0.016666666666666666	0.03333333333333333	0.03333333333333333
9	9	0.2125	0.016666666666666666	0.016666666666666666	0.03333333333333333	0.03333333333333333
10	10	0.22916666666666666	0.05	0.05	0.08333333333333333	0.08333333333333333