size	dial	Natural_SVM	Natural_ADA	Natural_RF	Component	Component+Context	Natural_SVM_Context	Natural_ADA_Context	Natural_RF_Context
1	1	0	0	0	0.5178321678321679	0.7384915084915085	0	0	0
2	2	0	0	0	0.6291508491508492	0.914975024975025	0	0	0
3	3	0	0	0	0.6058541458541458	0.9221178821178821	0	0	0
4	4	0	0	0	0.6492607392607392	0.9221178821178821	0	0	0
5	5	0	0	0	0.6332167832167832	0.9221178821178821	0	0	0
6	6	0	0	0	0.6149750249750249	0.9221178821178821	0	0	0
7	7	0	0	0	0.6326673326673327	0.9292607392607393	0	0	0
8	8	0	0	0	0.6364635364635364	0.9221178821178821	0	0	0
9	9	0	0	0	0.6875324675324676	0.9121178821178821	0	0	0
10	10	0	0	0	0.6687412587412588	0.9121178821178821	0	0	0