\addplot[color=green,mark=*] coordinates {
(1,1)(2,2)(3,3)(4,4)(5,5)(6,6)(7,7)(8,8)(9,9)(10,10)
};
\addlegendentry{dial}

\addplot[color=green,mark=*] coordinates {
(1,0.08739018087855296)(2,0.09635722869058559)(3,0.2102031585518918)(4,0.2931248048617435)(5,0.325759451727252)(6,0.4291987773832937)(7,0.44061893540831487)(8,0.4646726817295385)(9,0.5048793635116031)(10,0.5404890142661818)
};
\addlegendentry{Natural\_Unigram\_SVM}

\addplot[color=green,mark=*] coordinates {
(1,0.08718346253229974)(2,0.1070724961599352)(3,0.17157347953200744)(4,0.2374763493390099)(5,0.2703652382278988)(6,0.34745846364275546)(7,0.3240374496491653)(8,0.34743541500387054)(9,0.3889626040091115)(10,0.4457683687692461)
};
\addlegendentry{Natural\_Unigram+Context\_SVM}

\addplot[color=green,mark=*] coordinates {
(1,0.19644444444444445)(2,0.31964172335600904)(3,0.7243451536643026)(4,0.6693162393162393)(5,0.7555555555555555)(6,0.8666666666666666)(7,0.8546666666666667)(8,0.8455555555555556)(9,0.8363059642461635)(10,0.8250036386647682)
};
\addlegendentry{Natural\_Unigram\_ADA}

\addplot[color=green,mark=*] coordinates {
(1,0.10304909560723514)(2,0.3477848360572613)(3,0.5627585903568091)(4,0.6516553287981859)(5,0.7804273504273505)(6,0.7804273504273505)(7,0.8675555555555554)(8,0.8675555555555554)(9,0.8357736645045616)(10,0.8334480831092128)
};
\addlegendentry{Natural\_Unigram+Context\_ADA}

\addplot[color=green,mark=*] coordinates {
(1,0.01111111111111111)(2,0.0022222222222222222)(3,0.04480032012805122)(4,0.033544468950370845)(5,0.05338256153525239)(6,0.07235114266719388)(7,0.06737099022356757)(8,0.08991459529548254)(9,0.09365005999100942)(10,0.15918657286434285)
};
\addlegendentry{Natural\_Unigram\_RF}

\addplot[color=green,mark=*] coordinates {
(1,0.0578811369509044)(2,0)(3,0.017588652482269505)(4,0.04836435039131932)(5,0.05065116279069768)(6,0.049393343350865)(7,0.07538976349240009)(8,0.047271317829457364)(9,0.06732816537467701)(10,0.13531949279794384)
};
\addlegendentry{Natural\_Unigram+Context\_RF}

\addplot[color=green,mark=*] coordinates {
(1,0)(2,0)(3,0)(4,0)(5,0)(6,0)(7,0)(8,0)(9,0)(10,0)
};
\addlegendentry{Component}

