\addplot[color=green,mark=*] coordinates {
(1,1)(2,2)(3,3)(4,4)(5,5)(6,6)(7,7)(8,8)(9,9)(10,10)
};
\addlegendentry{dial}

\addplot[color=green,mark=*] coordinates {
(1,0.04230769230769231)(2,0.09015384615384617)(3,0.13630769230769232)(4,0.13630769230769232)(5,0.1593846153846154)(6,0.17419943019943024)(7,0.17819943019943024)(8,0.1823660968660969)(9,0.20576353276353276)(10,0.3050156695156695)
};
\addlegendentry{MYMO}

\addplot[color=green,mark=*] coordinates {
(1,0.05769230769230769)(2,0.11753846153846155)(3,0.17907692307692308)(4,0.18676923076923077)(5,0.20984615384615388)(6,0.2246609686609687)(7,0.2286609686609687)(8,0.23282763532763534)(9,0.26776353276353276)(10,0.42417378917378923)
};
\addlegendentry{Natural\_SVM}

\addplot[color=green,mark=*] coordinates {
(1,0.05769230769230769)(2,0.12984615384615386)(3,0.1826267806267806)(4,0.16723076923076924)(5,0.19430769230769232)(6,0.2206609686609687)(7,0.2286609686609687)(8,0.23699430199430202)(9,0.2719301994301994)(10,0.4626709401709402)
};
\addlegendentry{Natural\_SVM+Context}

\addplot[color=green,mark=*] coordinates {
(1,0.07723076923076924)(2,0.14237179487179488)(3,0.29504273504273504)(4,0.33735042735042736)(5,0.3604273504273504)(6,0.3145940170940171)(7,0.3182977207977208)(8,0.3895940170940171)(9,0.36142450142450144)(10,0.6195441595441595)
};
\addlegendentry{Natural\_ADA}

\addplot[color=green,mark=*] coordinates {
(1,0.09421794871794872)(2,0.1441880341880342)(3,0.212991452991453)(4,0.29376068376068376)(5,0.29746438746438747)(6,0.3812606837606837)(7,0.3182977207977208)(8,0.3932977207977208)(9,0.4873504273504274)(10,0.5528774928774929)
};
\addlegendentry{Natural\_ADA+Context}

