\addplot[color=green,mark=*] coordinates {
(1,1)(2,2)(3,3)(4,4)(5,5)(6,6)(7,7)(8,8)(9,9)(10,10)
};
\addlegendentry{dial}

\addplot[color=green,mark=*] coordinates {
(1,0)(2,0)(3,0)(4,0)(5,0)(6,0)(7,0)(8,0)(9,0.006666666666666666)(10,0)
};
\addlegendentry{Natural\_SVM}

\addplot[color=green,mark=*] coordinates {
(1,0)(2,0.023076923076923078)(3,0.03076923076923077)(4,0.03076923076923077)(5,0)(6,0)(7,0.026250000000000002)(8,0.026666666666666665)(9,0.013333333333333332)(10,0.013333333333333332)
};
\addlegendentry{Natural\_ADA}

\addplot[color=green,mark=*] coordinates {
(1,0)(2,0.007692307692307693)(3,0)(4,0.007692307692307693)(5,0)(6,0)(7,0)(8,0)(9,0)(10,0.00625)
};
\addlegendentry{Natural\_RF}

\addplot[color=green,mark=*] coordinates {
(1,0.4914423076923078)(2,0.6786714429361489)(3,0.7020783056812469)(4,0.7092313976872799)(5,0.7387248617395675)(6,0.6658239064856712)(7,0.6550848416289592)(8,0.6696103569632981)(9,0.7071719457013574)(10,0.74087732528909)
};
\addlegendentry{Component}

\addplot[color=green,mark=*] coordinates {
(1,0.7403412518853696)(2,0.9261884112619407)(3,0.9379531171442936)(4,0.9209596530920061)(5,0.9142929864253395)(6,0.9010903720462545)(7,0.9066459276018101)(8,0.9242929864253396)(9,0.906972724987431)(10,0.9003060583207644)
};
\addlegendentry{Component+Context}

\addplot[color=green,mark=*] coordinates {
(1,0)(2,0.015384615384615385)(3,0.007692307692307693)(4,0)(5,0)(6,0)(7,0)(8,0)(9,0)(10,0)
};
\addlegendentry{Natural\_SVM\_Context}

\addplot[color=green,mark=*] coordinates {
(1,0)(2,0.03076923076923077)(3,0.023076923076923078)(4,0.015384615384615385)(5,0.011764705882352941)(6,0.011764705882352941)(7,0.013333333333333332)(8,0.02)(9,0.021025641025641025)(10,0.027275641025641027)
};
\addlegendentry{Natural\_ADA\_Context}

\addplot[color=green,mark=*] coordinates {
(1,0)(2,0.007692307692307693)(3,0.015384615384615385)(4,0.007692307692307693)(5,0)(6,0)(7,0)(8,0)(9,0)(10,0.00625)
};
\addlegendentry{Natural\_RF\_Context}

