\addplot[color=green,mark=*] coordinates {
(10,10)(20,20)(30,30)(40,40)(50,50)(60,60)(70,70)(80,80)(90,90)(100,100)(110,110)(120,120)(130,130)(140,140)(150,150)(160,160)(170,170)
};
\addlegendentry{dial}

\addplot[color=green,mark=*] coordinates {
(10,0.08)(20,0.1657142857142857)(30,0.1514285714285714)(40,0.12714285714285714)(50,0.12714285714285714)(60,0.19)(70,0.19)(80,0.25999999999999995)(90,0.25)(100,0.23571428571428568)(110,0.23571428571428568)(120,0.25)(130,0.24285714285714285)(140,0.33999999999999997)(150,0.425)(160,0.5666666666666667)(170,0.7142857142857143)
};
\addlegendentry{Natural\_Unigram\_SVM}

\addplot[color=green,mark=*] coordinates {
(10,0.05)(20,0.08142857142857143)(30,0.06714285714285714)(40,0.03857142857142857)(50,0.05285714285714286)(60,0.16999999999999998)(70,0.16999999999999998)(80,0.24)(90,0.24909090909090909)(100,0.2305194805194805)(110,0.2305194805194805)(120,0.2348051948051948)(130,0.23543599257884967)(140,0.3114285714285714)(150,0.38928571428571423)(160,0.519047619047619)(170,0.8571428571428571)
};
\addlegendentry{Natural\_Unigram+Context\_SVM}

\addplot[color=green,mark=*] coordinates {
(10,0)(20,0.08571428571428572)(30,0)(40,0)(50,0.07142857142857142)(60,0.17142857142857143)(70,0.26142857142857145)(80,0.3314285714285714)(90,0.40415584415584416)(100,0.3141558441558442)(110,0.29415584415584417)(120,0.2798701298701299)(130,0.2855287569573284)(140,0.11428571428571428)(150,0.14285714285714285)(160,0.19047619047619047)(170,0.5714285714285714)
};
\addlegendentry{Natural\_Unigram\_ADA}

\addplot[color=green,mark=*] coordinates {
(10,0)(20,0.1)(30,0.07142857142857142)(40,0)(50,0.07142857142857142)(60,0.17142857142857143)(70,0.17142857142857143)(80,0.24142857142857146)(90,0.3141558441558442)(100,0.3141558441558442)(110,0.29415584415584417)(120,0.2798701298701299)(130,0.2855287569573284)(140,0.11428571428571428)(150,0.14285714285714285)(160,0.19047619047619047)(170,0.5714285714285714)
};
\addlegendentry{Natural\_Unigram+Context\_ADA}

\addplot[color=green,mark=*] coordinates {
(10,0)(20,0.05)(30,0)(40,0.03428571428571429)(50,0)(60,0.09285714285714286)(70,0.05)(80,0.06428571428571428)(90,0.13285714285714287)(100,0.05428571428571429)(110,0.11000000000000001)(120,0.15285714285714286)(130,0.06938775510204082)(140,0.05714285714285714)(150,0.19285714285714284)(160,0.09523809523809523)(170,0.2857142857142857)
};
\addlegendentry{Natural\_Unigram\_RF}

\addplot[color=green,mark=*] coordinates {
(10,0)(20,0)(30,0)(40,0.014285714285714285)(50,0.024285714285714285)(60,0.02857142857142857)(70,0.03428571428571429)(80,0)(90,0.014285714285714285)(100,0.014285714285714285)(110,0.05714285714285714)(120,0.05285714285714286)(130,0.04081632653061224)(140,0.05714285714285714)(150,0)(160,0.09523809523809523)(170,0.2857142857142857)
};
\addlegendentry{Natural\_Unigram+Context\_RF}

\addplot[color=green,mark=*] coordinates {
(10,0.7399567099567099)(20,0.8566233766233766)(30,0.7863852813852814)(40,0.8323376623376623)(50,0.8473376623376623)(60,0.8882900432900434)(70,0.8766233766233766)(80,0.8799567099567099)(90,0.8982900432900432)(100,null)(110,null)(120,null)(130,null)(140,null)(150,null)(160,null)(170,null)
};
\addlegendentry{Component}

