\addplot[color=green,mark=*] coordinates {
(1,1)(2,2)(3,3)(4,4)(5,5)(6,6)(7,7)(8,8)(9,9)(10,10)
};
\addlegendentry{dial}

\addplot[color=green,mark=*] coordinates {
(1,0.011764705882352941)(2,0.02)(3,0)(4,0)(5,0)(6,0.023076923076923078)(7,0.016666666666666666)(8,0.016666666666666666)(9,0.017391304347826087)(10,0.07127929541722645)
};
\addlegendentry{Natural\_SVM}

\addplot[color=green,mark=*] coordinates {
(1,0.015066988798594333)(2,0.045164410058027085)(3,0.06144779839379673)(4,0.0770034843205575)(5,0.1703933747412008)(6,0.15777005585173903)(7,0.13575220578158156)(8,0.14744130127298444)(9,0.10577463460631778)(10,0.12006211180124222)
};
\addlegendentry{Natural\_ADA}

\addplot[color=green,mark=*] coordinates {
(1,0)(2,0)(3,0)(4,0)(5,0)(6,0)(7,0)(8,0)(9,0)(10,0.014285714285714285)
};
\addlegendentry{Natural\_RF}

\addplot[color=green,mark=*] coordinates {
(1,0.12040531931836282)(2,0.2342321637036334)(3,0.32150161666290694)(4,0.3292382133995037)(5,0.3654800372881129)(6,0.4037722032883323)(7,0.4107916599965281)(8,0.4311488379505609)(9,0.5449297369297369)(10,0.5382709119313118)
};
\addlegendentry{Component\_SVM}

\addplot[color=green,mark=*] coordinates {
(1,0.21677834666965104)(2,0.26244811892637976)(3,0.3561811706664648)(4,0.3944532907032906)(5,0.3396153846153846)(6,0.3804232608898227)(7,0.3850058397050023)(8,0.42061037198336965)(9,0.5316270350673431)(10,0.5175815010236725)
};
\addlegendentry{Component\_ADA}

