size	dial	Natural_Unigram_SVM	Natural_Unigram+Context_SVM	Natural_Unigram_ADA	Natural_Unigram+Context_ADA	Natural_Unigram_RF	Natural_Unigram+Context_RF	Component
10	10	0	0	0	0	0	0	0.060444444444444446
20	20	0	0	0	0	0	0	0.013333333333333332
30	30	0	0	0	0	0	0	0.0125
40	40	0	0	0	0	0	0	0.05345238095238095
50	50	0	0	0	0	0	0	0.04538461538461538
60	60	0	0	0	0	0	0	0.06323676323676324
70	70	0	0	0	0	0	0	0.07004300047778309
80	80	0.04	0.05	0.00909090909090909	0.03462282398452611	0	0	0.10689177489177489
90	90	0.07848484848484849	0.09285714285714286	0.04297326203208557	0.04413992869875223	0.01818181818181818	0.01818181818181818	0.10328005328005327
100	100	0.0744360902255639	0.08666666666666667	0.03262032085561497	0.03262032085561497	0.03333333333333333	0	0.08671794871794872
110	110	0.07602339181286549	0.05	0.023684210526315787	0.023684210526315787	0	0	0.11294859221632676
120	120	0.08235294117647059	0.05	0.02857142857142857	0.02857142857142857	0	0	null
130	130	0.08235294117647059	0.06428571428571428	0.02857142857142857	0.02857142857142857	0	0	null
140	140	0.12605042016806722	0.11666666666666665	0.05185185185185185	0.05185185185185185	0	0	null
150	150	0.1851851851851852	0.05555555555555555	0	0	0	0	null
160	160	0.45161290322580644	0.42857142857142855	0.4827586206896552	0	0	0	null