\addplot[color=green,mark=*] coordinates {
(10,10)(20,20)(30,30)(40,40)(50,50)(60,60)(70,70)(80,80)(90,90)(100,100)(110,110)(120,120)(130,130)(140,140)(150,150)(160,160)
};
\addlegendentry{dial}

\addplot[color=green,mark=*] coordinates {
(10,0.055922673469996034)(20,0.07692036884862466)(30,0.08830163583772975)(40,0.1128650007984539)(50,0.1399576358878222)(60,0.15482887397349984)(70,0.16486084840074205)(80,0.17126480845692965)(90,0.17582191924679463)(100,0.18177436998111055)(110,0.18644311534994484)(120,0.1914152184712286)(130,0.19913892426563257)(140,0.19728483754378487)(150,0.20694195721525208)(160,0.20975096457383374)
};
\addlegendentry{Natural\_Unigram\_SVM}

\addplot[color=green,mark=*] coordinates {
(10,0.09916530371816132)(20,0.1115520183846089)(30,0.12416470177375469)(40,0.14829583411516872)(50,0.16474471266822988)(60,0.18145453985990845)(70,0.1970910784165697)(80,0.20458127455830294)(90,0.21589594322385017)(100,0.2204250482693732)(110,0.22795433851663832)(120,0.23194917720657618)(130,0.23721649980760615)(140,0.24168814419684673)(150,0.2500040702186514)(160,0.26592616791898077)
};
\addlegendentry{Natural\_Unigram+Context\_SVM}

\addplot[color=green,mark=*] coordinates {
(10,0.057361373292760365)(20,0.09605364589248097)(30,0.09720960243735345)(40,0.12012061678498513)(50,0.1430697021004923)(60,0.15853625760066598)(70,0.15812313609978285)(80,0.16514909858218482)(90,0.16883901968814216)(100,0.17572637730637575)(110,0.17844686392908754)(120,0.18263073044274847)(130,0.189326860065738)(140,0.18605108281860164)(150,0.19962419479363605)(160,0.20127675553886595)
};
\addlegendentry{Natural\_Unigram\_ADA}

\addplot[color=green,mark=*] coordinates {
(10,0.08886935853361949)(20,0.12506845095372637)(30,0.15238754022785445)(40,0.17517609420921645)(50,0.19031147324094394)(60,0.21211939091434168)(70,0.23492285304936864)(80,0.2412144001678814)(90,0.2453493950163308)(100,0.2554083744839156)(110,0.2571052866335175)(120,0.26060699153327727)(130,0.26859685439192627)(140,0.2655552560170115)(150,0.27085293965543605)(160,0.2670080468178493)
};
\addlegendentry{Natural\_Unigram+Context\_ADA}

\addplot[color=green,mark=*] coordinates {
(10,0.037958385620984615)(20,0.049438457325535326)(30,0.0555126510297382)(40,0.07004760684889097)(50,0.08343112072811401)(60,0.09231504744698274)(70,0.08980796427217659)(80,0.09878223692274878)(90,0.09528111971559455)(100,0.10402541417723117)(110,0.11571406068110965)(120,0.11780664372458975)(130,0.12170793463868326)(140,0.11707234661953432)(150,0.11695963237919409)(160,0.104052573932092)
};
\addlegendentry{Natural\_Unigram\_RF}

\addplot[color=green,mark=*] coordinates {
(10,0.05991388598680415)(20,0.07374560784286069)(30,0.08346412015247918)(40,0.09500271951020614)(50,0.12034336504102298)(60,0.1174598420170208)(70,0.12503758302281714)(80,0.1192405548130799)(90,0.1373026399056547)(100,0.1357850363893183)(110,0.15312331534724827)(120,0.1585644407640096)(130,0.16312018021535052)(140,0.1593412421515971)(150,0.15575827766552097)(160,0.15005359056806003)
};
\addlegendentry{Natural\_Unigram+Context\_RF}

\addplot[color=green,mark=*] coordinates {
(10,0.6520920402531303)(20,0.7012433018751618)(30,0.7074579917594485)(40,0.7078530518172912)(50,0.721422959327038)(60,0.7301185599733758)(70,0.7321063947019674)(80,0.7406756874791424)(90,0.7436030935354752)(100,0.7434529443589346)(110,0.7498331020527829)(120,null)(130,null)(140,null)(150,null)(160,null)
};
\addlegendentry{Component}

