size	dial	Natural_SVM	Natural_ADA	Natural_RF	Component_SVM	Component_ADA
1	1	0	0	0	0.16232905982905982	0.09857142857142857
2	2	0.031578947368421054	0.02127659574468085	0.03333333333333333	0.2643663774173519	0.2973491214667685
3	3	0.045768025078369905	0.044806007509386736	0	0.33902347652347653	0.2966172716172716
4	4	0.07752247752247751	0.07352941176470588	0	0.3744749694749695	0.41085303585303584
5	5	0.07948717948717948	0.06757703081232494	0	0.42449883449883447	0.311809660927308
6	6	0.076007326007326	0.044582043343653247	0.03333333333333333	0.4870454545454546	0.43188644688644684
7	7	0.076007326007326	0.05210084033613445	0	0.48908258408258404	0.438040293040293
8	8	0.047384615384615386	0.059893048128342244	0	0.5066849816849818	0.48152347652347655
9	9	0.046285714285714284	0.04171122994652406	0	0.49028749028749025	0.5343512043512044
10	10	0.046285714285714284	0.0383442265795207	0	0.46669996669996666	0.5516971916971917