\addplot[color=green,mark=*] coordinates {
(1,1)(2,2)(3,3)(4,4)(5,5)(6,6)(7,7)(8,8)(9,9)(10,10)(15,15)(20,20)(30,30)(40,40)(50,50)(60,60)(70,70)(80,80)(90,90)
};
\addlegendentry{dial}

\addplot[color=green,mark=*] coordinates {
(1,0)(2,0)(3,0)(4,0)(5,0)(6,0)(7,0)(8,0)(9,0)(10,0)(15,0)(20,0)(30,0)(40,0)(50,0)(60,0)(70,0)(80,0)(90,0)
};
\addlegendentry{Natural}

\addplot[color=green,mark=*] coordinates {
(1,0)(2,0)(3,0)(4,0)(5,0)(6,0)(7,0)(8,0)(9,0)(10,0)(15,0)(20,0)(30,0)(40,0)(50,0)(60,0)(70,0)(80,0)(90,0)
};
\addlegendentry{Natural+Context}

\addplot[color=green,mark=*] coordinates {
(1,0.8901785714285714)(2,0.7916666666666666)(3,0.7916666666666666)(4,0.75)(5,0.48214285714285715)(6,0.5416666666666666)(7,0.7485119047619048)(8,0.8110119047619048)(9,0.8526785714285714)(10,0.8110119047619048)(15,0.8229166666666666)(20,0.6860119047619048)(30,0.8645833333333334)(40,0.88125)(50,0.8229166666666666)(60,0.8645833333333334)(70,0.8645833333333334)(80,0.8526785714285714)(90,0.8303571428571428)
};
\addlegendentry{Component}

\addplot[color=green,mark=*] coordinates {
(1,0.8901785714285714)(2,0.9151785714285714)(3,0.8901785714285714)(4,0.8901785714285714)(5,0.8604166666666666)(6,0.8901785714285714)(7,0.8901785714285714)(8,0.8901785714285714)(9,0.8901785714285714)(10,0.8901785714285714)(15,0.8901785714285714)(20,0.8901785714285714)(30,0.8901785714285714)(40,0.8901785714285714)(50,0.8901785714285714)(60,0.8901785714285714)(70,0.8901785714285714)(80,0.8901785714285714)(90,0.8901785714285714)
};
\addlegendentry{Component+Context}

