\addplot[color=green,mark=*] coordinates {
(1,1)(2,2)(3,3)(4,4)(5,5)(6,6)(7,7)(8,8)(9,9)(10,10)(15,15)(20,20)(30,30)(40,40)(50,50)(60,60)(70,70)(80,80)(90,90)
};
\addlegendentry{dial}

\addplot[color=green,mark=*] coordinates {
(1,0)(2,null)(3,0)(4,0)(5,null)(6,null)(7,0)(8,0)(9,0)(10,0.044444444444444446)(15,0.1111111111111111)(20,null)(30,null)(40,null)(50,null)(60,null)(70,null)(80,0)(90,0)
};
\addlegendentry{Natural}

\addplot[color=green,mark=*] coordinates {
(1,0)(2,null)(3,0.031746031746031744)(4,0.031746031746031744)(5,null)(6,null)(7,0.05555555555555555)(8,0.05555555555555555)(9,0.05555555555555555)(10,0)(15,0.18518518518518517)(20,0.2)(30,0.2)(40,0.1)(50,0.125)(60,0.15)(70,0.12857142857142856)(80,0.0873015873015873)(90,0.1111111111111111)
};
\addlegendentry{Natural+Context}

\addplot[color=green,mark=*] coordinates {
(1,0.031746031746031744)(2,null)(3,0.15555555555555556)(4,0.2037037037037037)(5,0.2966666666666667)(6,0.3516666666666667)(7,0.4294853294853295)(8,0.37392977392977395)(9,0.5026455026455027)(10,0.5396825396825398)(15,0.4740740740740741)(20,null)(30,null)(40,null)(50,null)(60,null)(70,null)(80,0.6965811965811964)(90,0.685999185999186)
};
\addlegendentry{Component}

\addplot[color=green,mark=*] coordinates {
(1,0.16137566137566137)(2,0.22999999999999998)(3,0.36666666666666664)(4,0.35185185185185186)(5,0.30666666666666664)(6,0.38)(7,0.4728395061728395)(8,0.46851851851851856)(9,0.40185185185185185)(10,0.42407407407407405)(15,0.48821548821548827)(20,null)(30,null)(40,null)(50,null)(60,0.6232600732600732)(70,0.6232600732600732)(80,0.7023809523809523)(90,0.7023809523809523)
};
\addlegendentry{Component+Context}

