size	dial	Natural_SVM	Natural_ADA	Natural_RF	Component	Component+Context	Natural_SVM_Context	Natural_ADA_Context	Natural_RF_Context
1	1	0	0.004	0	0.5156194045046747	0.7169726104919906	0	0	0
2	2	0.010779661016949152	0.028830943496296856	0.0037037037037037034	0.684955083857163	0.8524304699724112	0.013559322033898305	0.0249294471431876	0.004
3	3	0.03585240263965052	0.024286577737957997	0.01534765897973445	0.6912469166264946	0.8663948709845102	0.026879240162822247	0.023437509016056905	0.011940251572327042
4	4	0.031242634889109562	0.03888665325285044	0.0077735849056603775	0.7073656193464071	0.8606612085497585	0.02702279202279202	0.028826925144329295	0.010753768283359283
5	5	0.04964007370699142	0.056521570686123665	0.03793229877329981	0.7600019158567434	0.8608947270873875	0.05579403984579421	0.0630755259318109	0.04231059974022545
6	6	0.04732777652812896	0.04621674470992894	0.0433870838662332	0.7464809187509622	0.8546731253094458	0.054236499601265406	0.05168986581634709	0.031527464603689645
7	7	0.034927852054602235	0.0521514769671516	0.03351940035273369	0.7761035540603898	0.85654456202155	0.051035977910977914	0.05330351176126248	0.02361166688897781
8	8	0.03293464650490348	0.05487325899410572	0.03119960450897218	0.7872097730245498	0.8589547783049809	0.05075416746548513	0.06270930900794722	0.027412513255567338
9	9	0.03356269261626675	0.05489000873117215	0.02418803418803419	0.803190839154438	0.8597082590584619	0.04683080104779795	0.07518995622560637	0.03451271034729681
10	10	0.02934314414599874	0.049113728908092714	0.03170106438213915	0.8061330624491803	0.8588840832342861	0.045231168397142175	0.06823393342782541	0.03184827968981532