size	dial	Natural_SVM	Natural_ADA	Natural_RF	Component	Component+Context	Natural_SVM_Context	Natural_ADA_Context	Natural_RF_Context
1	1	0.11927086379874427	0.19768405652421311	0.06633563138025514	null	null	0.14387940209199615	0.2693134885901913	0.09854881299621637
2	2	0.2161123273119164	0.39834404350464325	0.10259678955714832	null	null	0.23334287424652328	0.3911178454451393	0.13693483422691718
3	3	0.3254363226544955	0.4941843539658586	0.14795698131090956	null	null	0.3408603792233873	0.5022719747570739	0.1630302653780244
4	4	0.40328910430661014	0.5841413979940777	0.1626094205694227	null	null	0.4175916850094536	0.5898764745004021	0.1991191078330008
5	5	0.46791282631006775	0.6064047032530351	0.19069147310529527	null	null	0.4843968720107951	0.6237823099298853	0.2240218219742737
6	6	0.550861122429045	0.6334553913921062	0.25357275347671826	null	null	0.5592643080958292	0.6550117431878435	0.298382253561131
7	7	0.5885292852745831	0.6452186861002426	0.2937663713468909	null	null	0.5960803601912298	0.6657420780950034	0.3385214513778207
8	8	0.628733754717626	0.6554560262748063	0.31640564589975206	null	null	0.6426366697470248	0.6760438246962465	0.375298644744979
9	9	0.6478764756388306	0.6698577840018045	0.366589696350567	null	null	0.6631213493538445	0.693689127006066	0.4025237355864128
10	10	0.6585330477465863	0.6809035638515739	0.37265097639858424	null	null	0.6776483601454442	0.7046259937977835	0.4049382750975486