size	dial	Natural_SVM	Natural_ADA	Natural_RF	Component	Component+Context	Natural_SVM_Context	Natural_ADA_Context	Natural_RF_Context
1	1	0	0	0	0	0	0	0	0
2	2	0.02	0.04	0	0.08	0.13999999999999999	0.02	0.06	0
3	3	0.04	0.06999999999999999	0	0.09909090909090909	0.17818181818181816	0.05	0.06999999999999999	0.01
4	4	0.04	0.09	0.02	0.10909090909090909	0.17636363636363636	0.05	0.06999999999999999	0.01
5	5	0.04	0.09	0	0.08818181818181818	0.18545454545454546	0.0590909090909091	0.10818181818181818	0
6	6	0.06	0.12	0	0.1390909090909091	0.22636363636363638	0.08909090909090908	0.13818181818181818	0
7	7	0.05	0.1481818181818182	0.02	0.18909090909090912	0.3363636363636363	0.1290909090909091	0.13	0.02
8	8	0.06	0.11000000000000001	0.01	0.19909090909090907	0.3363636363636363	0.1290909090909091	0.1281818181818182	0.01
9	9	0.05	0.1281818181818182	0.01	0.19560606060606062	0.41848484848484846	0.08909090909090908	0.2081818181818182	0.02727272727272727
10	10	0.05	0.1081818181818182	0	0.22136363636363635	0.4624242424242425	0.08909090909090908	0.1781818181818182	0.01