size	dial	Natural_SVM	Natural_ADA	Natural_RF	Component	Component+Context	Natural_SVM_Context	Natural_ADA_Context	Natural_RF_Context
1	1	0	0	0	0	0	0	0	0
2	2	0	0.02222222222222222	0	0.04444444444444444	0.07777777777777777	0	0.02222222222222222	0
3	3	0	0	0	0.05353535353535353	0.08666666666666667	0	0	0
4	4	0	0	0	0.05353535353535353	0.09555555555555555	0	0	0
5	5	0	0	0	0.03333333333333333	0.10373737373737373	0	0	0
6	6	0.01111111111111111	0	0.01111111111111111	0.06555555555555555	0.11595959595959596	0.01111111111111111	0	0
7	7	0.01111111111111111	0	0	0.08575757575757574	0.2119191919191919	0.01111111111111111	0	0.02222222222222222
8	8	0.01111111111111111	0	0.01111111111111111	0.08575757575757574	0.2119191919191919	0.01111111111111111	0	0
9	9	0.01111111111111111	0	0	0.1602020202020202	0.25191919191919193	0.02222222222222222	0.04444444444444444	0
10	10	0.03111111111111111	0.01	0.01111111111111111	0.2224242424242424	0.353030303030303	0.042222222222222223	0.05444444444444444	0