size	dial	Natural	Natural+Context	Component	Component+Context
1	1	0	0	0.29166666666666663	0.45
2	2	null	null	null	0.17777777777777778
3	3	0	0	0.2	0.325
4	4	null	null	0.2	0.16
5	5	null	null	0.24761904761904763	null
6	6	null	null	0.3	null
7	7	0	0	0.325	0.2
8	8	0	0	0.375	0.2
9	9	0	0	0.375	0.25
10	10	0	0	0.375	0.25
15	15	0	0	0.41666666666666663	0.375
20	20	0	0	0.5	0.25
30	30	null	null	0.1	0.2333333333333333
40	40	null	null	0.3	0.3
50	50	null	null	0.3	0.3
60	60	null	null	0.36	0.3
70	70	null	null	0.36	0.3
80	80	null	null	0.36	0.3
90	90	null	null	0.49333333333333335	0.3