size	dial	Natural_Unigram_SVM	Natural_Unigram+Context_SVM	Natural_Unigram_ADA	Natural_Unigram+Context_ADA	Natural_Unigram_RF	Natural_Unigram+Context_RF	Component
1	1	0	0	0	0	0	0	0.7664607244607244
2	2	0.023076923076923078	0.019230769230769232	0.12692307692307692	0.12692307692307692	0	0	0.9294936914936915
3	3	0.015384615384615385	0.019230769230769232	0.02692307692307692	0.02692307692307692	0	0	0.9172836792836792
4	4	0.07476923076923077	0.039384615384615386	0.14415384615384616	0.15157142857142858	0.004	0.007846153846153846	0.9091945461945462
5	5	0.07017663817663818	0.02353846153846154	0.23665974765974768	0.15172527472527472	0	0.004	0.9387899877899878
6	6	0.19602279202279202	0.1453846153846154	0.2974289784289784	0.2937252747252747	0.0038461538461538464	0	0.9504936914936915
7	7	0.23772649572649573	0.1716923076923077	0.35281929181929184	0.22126373626373627	0	0.004	0.9502189662189663
8	8	0.24986894586894587	0.1756923076923077	0.33970370370370373	0.29726373626373626	0	0	0.9540651200651201
9	9	0.2606381766381766	0.16384615384615386	0.3628135938135938	0.33984615384615385	0	0	0.9466475376475376
10	10	0.22206837606837607	0.12892307692307692	0.43246031746031743	0.41168538868538873	0.015846153846153847	0	0.9502189662189663