\addplot[color=green,mark=*] coordinates {
(1,1)(2,2)(3,3)(4,4)(5,5)(6,6)(7,7)(8,8)(9,9)(10,10)(15,15)(20,20)(30,30)(40,40)(50,50)(60,60)(70,70)(80,80)(90,90)
};
\addlegendentry{dial}

\addplot[color=green,mark=*] coordinates {
(1,0)(2,0)(3,0)(4,0)(5,0)(6,0)(7,0)(8,0)(9,0)(10,0)(15,0)(20,0)(30,0)(40,0)(50,0)(60,0)(70,0)(80,0)(90,0)
};
\addlegendentry{Natural}

\addplot[color=green,mark=*] coordinates {
(1,0)(2,0)(3,0)(4,0)(5,0)(6,0)(7,0)(8,0)(9,0)(10,0)(15,0)(20,0)(30,0)(40,0)(50,0)(60,0)(70,0)(80,0)(90,0)
};
\addlegendentry{Natural+Context}

\addplot[color=green,mark=*] coordinates {
(1,0.375)(2,0.3125)(3,0.3125)(4,0.3125)(5,0.375)(6,0.375)(7,0.375)(8,0.375)(9,0.375)(10,0.375)(15,0.375)(20,0.25)(30,0.1875)(40,0.125)(50,0.125)(60,0.1875)(70,0.25)(80,0.25)(90,0.1875)
};
\addlegendentry{Component}

\addplot[color=green,mark=*] coordinates {
(1,0.375)(2,0.375)(3,0.375)(4,0.375)(5,0.375)(6,0.375)(7,0.375)(8,0.375)(9,0.375)(10,0.375)(15,0.375)(20,0.375)(30,0.375)(40,0.375)(50,0.375)(60,0.375)(70,0.375)(80,0.375)(90,0.375)
};
\addlegendentry{Component+Context}

