size	dial	Natural_SVM	Natural_ADA	Natural_RF	Component	Component+Context	Natural_SVM_Context	Natural_ADA_Context	Natural_RF_Context
1	1	0	0	0	0	0	0	0	0
2	2	0	0	0	0.09090909090909091	0.1	0	0	0
3	3	0	0	0	0.10769230769230768	0.14405594405594405	0	0	0
4	4	0	0	0	0.11678321678321676	0.14405594405594405	0	0	0
5	5	0	0	0	0.10769230769230768	0.1993006993006993	0	0	0
6	6	0	0.00909090909090909	0	0.11602564102564102	0.20687645687645687	0.008333333333333333	0.00909090909090909	0
7	7	0	0.00909090909090909	0	0.15163170163170164	0.29551282051282046	0.008333333333333333	0.00909090909090909	0
8	8	0	0.00909090909090909	0	0.16829836829836828	0.3121794871794872	0.008333333333333333	0.00909090909090909	0
9	9	0	0.01818181818181818	0	0.23041958041958047	0.36596736596736595	0.017424242424242425	0.03636363636363636	0
10	10	0	0.045454545454545456	0.00909090909090909	0.25349650349650354	0.4163170163170163	0.026515151515151512	0.07272727272727272	0.00909090909090909