\addplot[color=green,mark=*] coordinates {
(1,1)(2,2)(3,3)(4,4)(5,5)(6,6)(7,7)(8,8)(9,9)(10,10)
};
\addlegendentry{dial}

\addplot[color=green,mark=*] coordinates {
(1,0)(2,0.03484848484848485)(3,0.06493506493506493)(4,0.06303030303030303)(5,0.0696969696969697)(6,0.10303030303030303)(7,0.0715151515151515)(8,0.08433566433566435)(9,0.08251748251748252)(10,0.08121212121212122)
};
\addlegendentry{Natural\_SVM}

\addplot[color=green,mark=*] coordinates {
(1,0)(2,0.011212121212121211)(3,0.0874025974025974)(4,0.08666666666666667)(5,0.12285714285714286)(6,0.16285714285714287)(7,0.1423684210526316)(8,0.1272727272727273)(9,0.13584313725490196)(10,0.0999798893916541)
};
\addlegendentry{Natural\_ADA}

\addplot[color=green,mark=*] coordinates {
(1,0)(2,0)(3,0)(4,0.03333333333333333)(5,0)(6,0)(7,0.032467532467532464)(8,0.0125)(9,0.014285714285714285)(10,0)
};
\addlegendentry{Natural\_RF}

\addplot[color=green,mark=*] coordinates {
(1,0)(2,0.07393162393162393)(3,0.09592074592074593)(4,0.11445449974861739)(5,0.13424908424908427)(6,0.18221033352612298)(7,0.21470075444365389)(8,0.22888839746424883)(9,0.2141556647686679)(10,0.2529960235842589)
};
\addlegendentry{Component}

\addplot[color=green,mark=*] coordinates {
(1,0)(2,0.12387287509238729)(3,0.19451923076923078)(4,0.19921122994652407)(5,0.2601415251415251)(6,0.2865705931495405)(7,0.36360877684407095)(8,0.38130743525480365)(9,0.48001973258939207)(10,0.5169240975742524)
};
\addlegendentry{Component+Context}

\addplot[color=green,mark=*] coordinates {
(1,0)(2,0.03636363636363636)(3,0.07922077922077922)(4,0.07922077922077922)(5,0.08722077922077921)(6,0.13407027754853842)(7,0.1571928071928072)(8,0.1571928071928072)(9,0.13636363636363638)(10,0.1302097902097902)
};
\addlegendentry{Natural\_SVM\_Context}

\addplot[color=green,mark=*] coordinates {
(1,0)(2,0.04666666666666667)(3,0.05121212121212121)(4,0.08416666666666668)(5,0.1311904761904762)(6,0.17119047619047617)(7,0.13403508771929826)(8,0.13560606060606062)(9,0.17521885521885522)(10,0.11829577829577828)
};
\addlegendentry{Natural\_ADA\_Context}

\addplot[color=green,mark=*] coordinates {
(1,0)(2,0)(3,0.01818181818181818)(4,0.01818181818181818)(5,0)(6,0)(7,0.032467532467532464)(8,0.013333333333333332)(9,0.03333333333333333)(10,0.014285714285714285)
};
\addlegendentry{Natural\_RF\_Context}

