size	dial	MYMO	Natural_SVM	Natural_ADA	Component_ADA	Component_SVM
1	1	0.052362707535121324	0	0	0	0.133801785975699
2	2	0.1962962962962963	0	0	0	0.16137566137566137
3	3	0.24413580246913577	0	0	0	0.21164021164021163
4	4	0.23703703703703705	0	0	0	0.3111111111111111
5	5	0.2628908128908129	0	0	0	0.31339031339031337
6	6	0.26381766381766386	0	0	0	0.3194163860830528
7	7	0.355	null	null	null	0.440952380952381
8	8	0.4348484848484848	0	0	0	0.4786596119929454
9	9	0.37722222222222224	0	null	null	null
10	10	0.3638095238095238	0	null	null	null