\addplot[color=green,mark=*] coordinates {
(1,1)(2,2)(3,3)(4,4)(5,5)(6,6)(7,7)(8,8)(9,9)(10,10)
};
\addlegendentry{dial}

\addplot[color=green,mark=*] coordinates {
(1,0)(2,0)(3,0.006666666666666666)(4,0.008333333333333333)(5,0.016666666666666666)(6,0.016666666666666666)(7,0.016666666666666666)(8,0.016666666666666666)(9,0.008333333333333333)(10,0.020098039215686276)
};
\addlegendentry{Natural\_Unigram\_SVM}

\addplot[color=green,mark=*] coordinates {
(1,0)(2,0)(3,0)(4,0.008333333333333333)(5,0.023333333333333334)(6,0.015)(7,0.028333333333333332)(8,0.03666666666666667)(9,0.028333333333333332)(10,0.034215686274509806)
};
\addlegendentry{Natural\_Unigram+Context\_SVM}

\addplot[color=green,mark=*] coordinates {
(1,0.008333333333333333)(2,0.006666666666666666)(3,0)(4,0.016666666666666666)(5,0)(6,0)(7,0.04958333333333333)(8,0.012916666666666665)(9,0.06254901960784313)(10,0.08208333333333333)
};
\addlegendentry{Natural\_Unigram\_ADA}

\addplot[color=green,mark=*] coordinates {
(1,0.008333333333333333)(2,0.006666666666666666)(3,0)(4,0.016666666666666666)(5,0.016666666666666666)(6,0.030882352941176472)(7,0.043333333333333335)(8,0.03879901960784314)(9,0.019166666666666665)(10,0.09024509803921568)
};
\addlegendentry{Natural\_Unigram+Context\_ADA}

\addplot[color=green,mark=*] coordinates {
(1,0)(2,0)(3,0)(4,0)(5,0)(6,0.008333333333333333)(7,0)(8,0.008333333333333333)(9,0.016666666666666666)(10,0)
};
\addlegendentry{Natural\_Unigram\_RF}

\addplot[color=green,mark=*] coordinates {
(1,0)(2,0)(3,0)(4,0)(5,0.008333333333333333)(6,0)(7,0)(8,0)(9,0)(10,0)
};
\addlegendentry{Natural\_Unigram+Context\_RF}

\addplot[color=green,mark=*] coordinates {
(1,0)(2,0)(3,0)(4,0)(5,0)(6,0)(7,0)(8,0)(9,0)(10,0)
};
\addlegendentry{Component}

