size	dial	Natural_Unigram_SVM	Natural_Unigram+Context_SVM	Natural_Unigram_ADA	Natural_Unigram+Context_ADA	Natural_Unigram_RF	Natural_Unigram+Context_RF	Component
1	1	0.06223752792256143	0.06720588235294118	0.18478866579368544	0.18478866579368544	0.01125	0.06375	0.7205924944576607
2	2	0.16441672018917322	0.16875254774573495	0.5520880553146112	0.46474628316271255	0.03837164750957854	0.034991830065359476	0.8691321951955271
3	3	0.23548600172487597	0.22281654515879312	0.6830977465474263	0.5320378334659923	0.025886015325670496	0.07694607353186153	0.854057100576046
4	4	0.34712181310064744	0.29285572589728964	0.678554907672746	0.7744801803305347	0.03789520587807362	0.04935295832475919	0.8536773797886363
5	5	0.5220477202451145	0.4438113659104922	0.899057475016525	0.863257874816625	0.060683025947934455	0.058567444219066934	0.8729428302106083
6	6	0.6792952115404198	0.5923297289677325	0.9159540267406628	0.914929538984541	0.07456770203257765	0.13698251767638145	0.8838099053600527
7	7	0.7070915094698866	0.6116035356918215	0.9057145631391303	0.9092492541269698	0.1745384579986006	0.1081921835371716	0.8850486828439837
8	8	0.7409250338841501	0.6538242460427767	0.9082770319047475	0.9038184278734297	0.1251311149463739	0.18899874274825854	0.8859949254089757
9	9	0.7535500449080499	0.6572976563964233	0.9082770319047475	0.9060548096825253	0.11472517572809524	0.20427193374645514	0.8872638007752143
10	10	0.761794326992622	0.6638603528032458	0.9146061458287982	0.9060548096825253	0.14690206848052767	0.2857791109409306	0.8859978161204827