size	dial	Natural_Unigram_SVM	Natural_Unigram+Context_SVM	Natural_Unigram_ADA	Natural_Unigram+Context_ADA	Natural_Unigram_RF	Natural_Unigram+Context_RF	Component
10	10	0.038671331072674356	0.038845683806293	0.0611964771732566	0.051203124007049086	0.014064376889660921	0.013609776899136375	0.2601547752300206
20	20	0.05677249882164463	0.05399218673347639	0.10320025984330583	0.09039882729322699	0.019857725558870658	0.01859436427968682	0.2923895212215828
30	30	0.07759476697401195	0.0745514802922064	0.12132179450707463	0.10988015947887844	0.020735271835669415	0.029022492291128254	0.30050331663792573
40	40	0.10039030385405638	0.09462129198793005	0.13987784832887923	0.1421569373043688	0.036248667720683254	0.03516042549478001	0.3010397187971294
50	50	0.12364260425514004	0.11495276960902387	0.15953241157371265	0.1594607262714859	0.044648963033382	0.03847161051680019	0.3096102495025338
60	60	0.14375786458346837	0.13620330873514608	0.17883050977697817	0.1813987415263417	0.04795041592569074	0.0447346351727011	0.32214161228826865
70	70	0.1619969695085536	0.15410128774259635	0.19935106380191817	0.20002655362723254	0.058400848556616	0.05817875927513201	0.3209820655507306
80	80	0.1781129006117644	0.1734044050878249	0.2124034626693181	0.21552356022760547	0.06429617980056875	0.05945794397709301	0.32656170166039805
90	90	0.18932814145514065	0.18751886424459113	0.22314596014452276	0.2219902531355323	0.06595834409365917	0.057789898608241276	0.3296286565907894
100	100	0.20043553795903443	0.19750172261660243	0.2292684817524669	0.23623506382344367	0.07383906579774048	0.069641366073609	0.3319962861282371
110	110	0.21224458577647506	0.2069261637679478	0.24004351268296334	0.2427202554889639	0.08110583928537231	0.07335964174454036	0.33131908006540134
120	120	0.22135629672372653	0.21766129495001993	0.2424983464935991	0.24537139344115352	0.08667700249690422	0.0786683078574396	null
130	130	0.2295765582856189	0.22580318844924388	0.24818347487231834	0.2497193184366723	0.09048790342294225	0.08363628836202633	null
140	140	0.23470112667696208	0.23020522348412864	0.25153881836669273	0.2517817464421052	0.08992142078486558	0.08016931131164333	null
150	150	0.25902991514819257	0.2439467490839401	0.2693401528643667	0.28180496642083314	0.10351957831801269	0.09179560545255955	null
160	160	0.283909240440552	0.26089552121411824	0.29951452067348006	0.26865162112483676	0.10838816579709766	0.0935002920414951	null