\addplot[color=green,mark=*] coordinates {
(10,10)(20,20)(30,30)(40,40)(50,50)(60,60)(70,70)(80,80)(90,90)(100,100)(110,110)(120,120)(130,130)(140,140)(150,150)(160,160)(170,170)
};
\addlegendentry{dial}

\addplot[color=green,mark=*] coordinates {
(10,0.14791666666666664)(20,0.19083333333333333)(30,0.19708333333333333)(40,0.1963888888888889)(50,0.1651388888888889)(60,0.16555555555555554)(70,0.21013888888888888)(80,0.21013888888888888)(90,0.21013888888888888)(100,0.2301388888888889)(110,0.2238888888888889)(120,0.25680555555555556)(130,0.2628968253968254)(140,0.2577777777777778)(150,0.18218954248366015)(160,0.2058823529411765)(170,0.4375)
};
\addlegendentry{Natural\_Unigram\_SVM}

\addplot[color=green,mark=*] coordinates {
(10,0.18)(20,0.19833333333333333)(30,0.19833333333333333)(40,0.19583333333333336)(50,0.18958333333333335)(60,0.2029166666666667)(70,0.24)(80,0.22666666666666666)(90,0.2525)(100,0.2673611111111111)(110,0.2423611111111111)(120,0.2823611111111111)(130,0.27242063492063495)(140,0.2727777777777778)(150,0.15257352941176472)(160,0.20234204793028324)(170,0.375)
};
\addlegendentry{Natural\_Unigram+Context\_SVM}

\addplot[color=green,mark=*] coordinates {
(10,0.12666666666666665)(20,0.1575)(30,0.18291666666666667)(40,0.19333333333333333)(50,0.14541666666666667)(60,0.22958333333333333)(70,0.2375)(80,0.2520833333333333)(90,0.19208333333333333)(100,0.2758333333333333)(110,0.26958333333333334)(120,0.25625)(130,0.27923669467787116)(140,0.2320424836601307)(150,0.09283088235294118)(160,0.12377450980392157)(170,0.3125)
};
\addlegendentry{Natural\_Unigram\_ADA}

\addplot[color=green,mark=*] coordinates {
(10,0.17333333333333334)(20,0.16)(30,0.18666666666666668)(40,0.17930555555555555)(50,0.19708333333333333)(60,0.27041666666666664)(70,0.19041666666666668)(80,0.19)(90,0.27666666666666667)(100,0.33083333333333337)(110,0.3129166666666667)(120,0.35291666666666666)(130,0.4156162464985994)(140,0.3860294117647059)(150,0.21783088235294118)(160,0.30895969498910675)(170,0.8125)
};
\addlegendentry{Natural\_Unigram+Context\_ADA}

\addplot[color=green,mark=*] coordinates {
(10,0.026250000000000002)(20,0.032916666666666664)(30,0.09666666666666666)(40,0.0625)(50,0.08291666666666667)(60,0.0375)(70,0.05)(80,0.01875)(90,0.09541666666666666)(100,0.06333333333333332)(110,0.10916666666666666)(120,0.032916666666666664)(130,0.008928571428571428)(140,0.03916666666666667)(150,0.03125)(160,0.041666666666666664)(170,0.1875)
};
\addlegendentry{Natural\_Unigram\_RF}

\addplot[color=green,mark=*] coordinates {
(10,0.045)(20,0.05708333333333333)(30,0.0875)(40,0.0625)(50,0.019166666666666665)(60,0.05)(70,0.04458333333333333)(80,0.05)(90,0.06999999999999999)(100,0.05708333333333333)(110,0.05791666666666666)(120,0.11583333333333332)(130,0.08095238095238096)(140,0.05166666666666666)(150,0.04411764705882353)(160,0.020833333333333332)(170,0.375)
};
\addlegendentry{Natural\_Unigram+Context\_RF}

\addplot[color=green,mark=*] coordinates {
(10,0.12333333333333334)(20,0.11458333333333333)(30,0.2004166666666667)(40,0.18713235294117647)(50,0.20148692810457516)(60,0.1706045751633987)(70,0.1643545751633987)(80,0.17768790849673202)(90,0.18)(100,null)(110,null)(120,null)(130,null)(140,null)(150,null)(160,null)(170,null)
};
\addlegendentry{Component}

