\addplot[color=green,mark=*] coordinates {
(1,1)(2,2)(3,3)(4,4)(5,5)(6,6)(7,7)(8,8)(9,9)(10,10)(15,15)(20,20)(30,30)(40,40)(50,50)(60,60)(70,70)(80,80)(90,90)
};
\addlegendentry{dial}

\addplot[color=green,mark=*] coordinates {
(1,0)(2,0)(3,0)(4,0)(5,0)(6,0)(7,0)(8,0)(9,0)(10,0)(15,null)(20,0)(30,0)(40,null)(50,0)(60,null)(70,null)(80,null)(90,null)
};
\addlegendentry{Natural}

\addplot[color=green,mark=*] coordinates {
(1,0)(2,0)(3,0)(4,0)(5,0)(6,0)(7,0)(8,0)(9,0)(10,0)(15,null)(20,0)(30,0)(40,null)(50,0)(60,null)(70,null)(80,null)(90,null)
};
\addlegendentry{Natural+Context}

\addplot[color=green,mark=*] coordinates {
(1,0)(2,0.13888888888888887)(3,0.3055555555555555)(4,0.3055555555555555)(5,0.5)(6,0.5)(7,0.4444444444444444)(8,0.4444444444444444)(9,0.34722222222222215)(10,0.40277777777777773)(15,null)(20,0.5)(30,0.4444444444444444)(40,null)(50,0.40277777777777773)(60,null)(70,null)(80,null)(90,null)
};
\addlegendentry{Component}

\addplot[color=green,mark=*] coordinates {
(1,0.15277777777777776)(2,0.5)(3,0.4444444444444444)(4,0.40277777777777773)(5,0.5)(6,0.75)(7,0.6666666666666666)(8,0.6666666666666666)(9,0.6666666666666666)(10,0.6666666666666666)(15,null)(20,0.5)(30,0.4444444444444444)(40,null)(50,0.40277777777777773)(60,null)(70,null)(80,null)(90,null)
};
\addlegendentry{Component+Context}

