size	dial	Natural_Unigram_SVM	Natural_Unigram+Context_SVM	Natural_Unigram_ADA	Natural_Unigram+Context_ADA	Natural_Unigram_RF	Natural_Unigram+Context_RF	Component
1	1	0.1245351547677129	0.1078840861259511	0.20186751233262862	0.1318453639383872	0.06862170087976541	0.09345238095238095	0
2	2	0.160873440285205	0.1789478321805908	0.31188778961721886	0.32568089306549475	0.09602910828717279	0.08387096774193548	0
3	3	0.21219919786096259	0.21836218001599125	0.3479702980557973	0.41206604273664843	0.10652717233362394	0.11123152709359604	0
4	4	0.24969919786096256	0.22157312515071137	0.3381951269903037	0.41206604273664843	0.1478709530891694	0.17409812409812409	0
5	5	0.34323663101604274	0.27789173165314135	0.49585728215360036	0.5046616299796873	0.1958389703675315	0.2003608187045157	0
6	6	0.39336418203645096	0.310322816239233	0.5425543325152471	0.5375543325152471	0.2136914856032503	0.18820549273405388	0
7	7	0.5371639581836962	0.4613124656230843	0.5804788792740837	0.5782227817131081	0.3035453960453961	0.25336234394764345	0
8	8	0.538878243897982	0.48254177249192615	0.5679788792740836	0.640081684288696	0.293881731526793	0.3320200086568884	0
9	9	0.5483068153265535	0.5112018221197177	0.6497925491549685	0.7138882938358195	0.32214049924963234	0.29421917993346564	0
10	10	0.5682816052425197	0.5156409320763755	0.6521003327335162	0.6646003327335162	0.27771708418767244	0.22934174305142047	0