\addplot[color=green,mark=*] coordinates {
(1,1)(2,2)(3,3)(4,4)(5,5)(6,6)(7,7)(8,8)(9,9)(10,10)(15,15)(20,20)(30,30)(40,40)(50,50)(60,60)(70,70)(80,80)(90,90)
};
\addlegendentry{dial}

\addplot[color=green,mark=*] coordinates {
(1,null)(2,0.19944444444444445)(3,null)(4,null)(5,null)(6,null)(7,null)(8,null)(9,null)(10,null)(15,null)(20,0.4061111111111111)(30,0.45325396825396824)(40,null)(50,null)(60,null)(70,null)(80,null)(90,null)
};
\addlegendentry{Natural}

\addplot[color=green,mark=*] coordinates {
(1,null)(2,null)(3,null)(4,null)(5,null)(6,null)(7,null)(8,null)(9,null)(10,null)(15,null)(20,0.39666666666666667)(30,0.4818253968253968)(40,null)(50,0.5373809523809523)(60,null)(70,null)(80,null)(90,null)
};
\addlegendentry{Natural+Context}

\addplot[color=green,mark=*] coordinates {
(1,0.45753018910913656)(2,0.5015552584670232)(3,0.4871108140225788)(4,0.4571108140225787)(5,0.5791275391275391)(6,0.5522011322011322)(7,0.4725974025974026)(8,0.47431784589679327)(9,0.48981620718462826)(10,0.5398015873015872)(15,0.4941969507101086)(20,0.5203134284016636)(30,0.528707264957265)(40,0.5886477411477411)(50,0.6009888804006451)(60,0.6010317460317459)(70,0.5519841269841269)(80,0.5317390289449113)(90,0.5385803309177922)
};
\addlegendentry{Component}

\addplot[color=green,mark=*] coordinates {
(1,0.47659811292938226)(2,0.6329303539597658)(3,0.6362391774891776)(4,0.6317519980019981)(5,0.625003885003885)(6,0.6119597967392085)(7,0.5542133520074697)(8,0.5356489262371615)(9,0.5398155929038282)(10,0.524296157059315)(15,0.5965126050420169)(20,0.634092712842713)(30,0.5729438178780285)(40,0.5756944444444445)(50,0.5773394222736329)(60,0.5536977861319967)(70,0.5483406432748538)(80,0.5771410095752201)(90,0.605685286935287)
};
\addlegendentry{Component+Context}

