size	dial	Natural_SVM	Natural_ADA	Natural_RF	Component	Component+Context	Natural_SVM_Context	Natural_ADA_Context	Natural_RF_Context
1	1	0	0	0	0.30833333333333335	0.21666666666666665	0	0	0
2	2	0	0	0	0.19999999999999998	0.20833333333333334	0	0	0
3	3	0	0	0	0.29166666666666663	0.24166666666666664	0	0	0
4	4	0	0	0	0.31666666666666665	0.3833333333333333	0	0	0
5	5	0	0	0	0.31666666666666665	0.32499999999999996	0	0	0
6	6	0	0	0	0.29166666666666663	0.3416666666666667	0	0	0
7	7	0	0	0	0.32499999999999996	0.4083333333333333	0	0	0
8	8	0	0	0	0.29166666666666663	0.4916666666666667	0	0	0
9	9	0	0	0	0.2583333333333333	0.5166666666666667	0	0	0
10	10	0	0	0	0.3083333333333333	0.4916666666666667	0	0	0