size	dial	Natural_Unigram_SVM	Natural_Unigram+Context_SVM	Natural_Unigram_ADA	Natural_Unigram+Context_ADA	Natural_Unigram_RF	Natural_Unigram+Context_RF	Component
10	10	0	0	0	0	0	0	0.04285714285714286
20	20	0	0	0	0	0	0	0.18214285714285713
30	30	0	0	0	0	0	0	0.17142857142857143
40	40	0	0	0	0	0	0	0.24642857142857139
50	50	0	0.025	0	0.025	0	0.025	0.24285714285714283
60	60	0	0.025	0	0.025	0	0	0.4142857142857143
70	70	0	0.025	0	0.025	0.025	0.025	0.4607142857142857
80	80	0	0.025	0	0.025	0	0.025	0.5321428571428571
90	90	0	0.025	0	0.025	0.025	0.025	0.575
100	100	0	0.05	0	0.025	0.025	0.025	0.5178571428571429
110	110	0	0.025	0	0.025	0.025	0.025	0.5535714285714285
120	120	0	0.025	0	0.1	0.025	0.025	null
130	130	0	0.025	0	0.1	0	0.025	null
140	140	0	0.08333333333333333	0	0.125	0	0	null
150	150	0	0.16666666666666666	0	0.3333333333333333	0	0	null
160	160	0	0	0	0	0	0	null