size	dial	Natural_Unigram_SVM	Natural_Unigram+Context_SVM	Natural_Unigram_ADA	Natural_Unigram+Context_ADA	Natural_Unigram_RF	Natural_Unigram+Context_RF	Component
1	1	0.2663639601419753	0.20407196094096305	0.2950506756706409	0.35034591497253187	0.11105849473102017	0.13535847725281341	0.7714340883860844
2	2	0.3405864010380913	0.2855821995100802	0.6519195925738795	0.5848162553708762	0.16186327773460124	0.12655184897657126	0.9262991178239688
3	3	0.45769395268449997	0.3919263431326308	0.7602591987163692	0.6950500032267625	0.2201837835520853	0.18321257959978463	0.8941043410657615
4	4	0.4968383929422201	0.41687631792446816	0.8287930687527082	0.6786189539659869	0.18885190265085408	0.14753776654221987	0.8868429078385762
5	5	0.5895358583676786	0.5027287361793006	0.8406683406888937	0.8487184057951733	0.1945410751764892	0.2255348469497406	0.9189508864822813
6	6	0.6339720304845111	0.542466039981082	0.9392396536239754	0.9358803812491778	0.20113777431747804	0.21652171046525606	0.9354290712782529
7	7	0.7204586688010374	0.6427557187634203	0.9516669503330402	0.935415378543676	0.30897109394396843	0.23660567318537531	0.9423507386625749
8	8	0.7455512000718494	0.6833256044021765	0.935457645246571	0.9444514730050981	0.32868434138888664	0.3079939614823794	0.9416429673834056
9	9	0.7793304294136437	0.7223045346486834	0.9462341028315393	0.9316217367940668	0.3990623794901792	0.36956813726274135	0.9333012422346811
10	10	0.8156801581775746	0.7671152325133093	0.9523843543549397	0.9565204385223394	0.45022244566885117	0.4174048201530393	0.9301720842543908