size	dial	MYMO	Natural_SVM	Natural_SVM+Context	Natural_ADA	Natural_ADA+Context
1	1	0.12273809523809524	0	0	0	0
2	2	0.13	0	0	0	0
3	3	0.13636363636363638	0	0	0	0
4	4	0.046153846153846156	0	0	0	0
5	5	0.08222222222222222	0.03076923076923077	0.03076923076923077	0.01	0.01
6	6	0.15857142857142859	0.04	0.03636363636363636	0	0
7	7	0.18	0.02	0.02	0.04	0.04
8	8	0.18	0.02	0.02	0.03333333333333333	0.03333333333333333
9	9	0.16666666666666666	0.025	0.02222222222222222	0.03076923076923077	0.02857142857142857
10	10	0.25666666666666665	0.025	0.02222222222222222	0.03076923076923077	0.02857142857142857