size	dial	Natural	Natural+Context	Component	Component+Context
1	1	null	null	0.976388888888889	0.976388888888889
2	2	null	null	0.984659090909091	0.976388888888889
3	3	null	null	0.9833333333333334	0.976388888888889
4	4	null	null	0.9828571428571429	0.976388888888889
5	5	0.10633699633699634	0.1572222222222222	0.9816176470588236	0.9871212121212121
6	6	0.15169413919413918	0.143495670995671	0.9841176470588235	0.976388888888889
7	7	0.09895604395604396	0.22344599844599844	0.9869047619047621	0.9762077294685991
8	8	0.09534493284493284	0.17702380952380953	0.9866666666666667	0.976388888888889
9	9	0.09285714285714285	0.19222222222222224	0.9869047619047621	0.976388888888889
10	10	0.10416666666666666	0.21999999999999997	0.9869047619047621	0.976388888888889
15	15	0.15705128205128205	0.20984848484848487	0.9869047619047621	0.9762077294685991
20	20	null	0.195	0.9741666666666667	0.9762077294685991
30	30	null	null	0.9791666666666667	0.976388888888889
40	40	null	null	0.9916666666666668	0.976388888888889
50	50	null	null	0.986111111111111	0.976388888888889
60	60	null	null	0.9850267379679145	0.976388888888889
70	70	null	null	0.9869047619047621	0.976388888888889
80	80	null	null	0.9866666666666667	0.976388888888889
90	90	null	null	0.9869047619047621	0.976388888888889