size	dial	Natural_SVM	Natural_PolynomialSVM	Natural_RadialSVM	Natural_SigmoidSVM	Natural_ADA
1	1	0.007692307692307693	0	0.007692307692307693	0.007692307692307693	0.03076923076923077
2	2	0.015384615384615385	0	0.015384615384615385	0.015384615384615385	0.05115384615384616
3	3	0.015384615384615385	0	0	0.015384615384615385	0.24615384615384617
4	4	0.007692307692307693	0	0	0.007692307692307693	0.15384615384615383
5	5	0.007692307692307693	0	0	0.007692307692307693	0.2094017094017094
6	6	0.023076923076923078	0	0.023076923076923078	0.023076923076923078	0.21758241758241761
7	7	0.023076923076923078	0	0.015384615384615385	0.023076923076923078	0.15305250305250306
8	8	0.015384615384615385	0	0.015384615384615385	0.015384615384615385	0.09821733821733822
9	9	0.015384615384615385	0	0.015384615384615385	0.007692307692307693	0.08399267399267399
10	10	0.06568376068376068	0	0.060128205128205124	0.06568376068376068	0.17035409035409038