size	dial	Natural_Unigram_SVM	Natural_Unigram+Context_SVM	Natural_Unigram_ADA	Natural_Unigram+Context_ADA	Natural_Unigram_RF	Natural_Unigram+Context_RF	Component
10	10	0	0	0	0	0	0	0.07608695652173914
20	20	0	0	0	0	0	0	0.2411111111111111
30	30	0	0	0	0	0	0	0.41
40	40	0	0	0	0	0	0	0.2583333333333333
50	50	0	0	0	0	0	0	0.29666666666666663
60	60	0	0	0	0	0	0	0.48238095238095235
70	70	0	0	0	0.002247191011235955	0	0	0.5066666666666667
80	80	0	0	0	0.02222222222222222	0	0	0.5757142857142856
90	90	0	0	0	0.02222222222222222	0	0	0.48666666666666664
100	100	0	0	0	0.02222222222222222	0	0	0.6
110	110	0	0	0	0.02222222222222222	0	0	0.78
120	120	0	0	0	0.02222222222222222	0	0	null
130	130	0	0	0	0.08636363636363636	0	0	null
140	140	0	0	0	0.08333333333333333	0	0	null
150	150	0	0	0	0	0	0	null
160	160	0	0	0	0	0	0	null