size	dial	Natural	Natural+Context	Component	Component+Context
1	1	null	null	0.9841176470588235	0.99
2	2	0.2502199408778356	0.2128299513785447	0.9749509803921569	0.99
3	3	0.25695970695970693	0.2325390922959573	0.9749509803921569	0.99
4	4	0.33152753679069463	0.3331751581751582	0.9731652661064427	0.99
5	5	null	0.34071343688990746	0.9790476190476192	0.9894736842105264
6	6	null	null	0.9815277777777778	0.9894736842105264
7	7	null	null	0.9809273182957394	0.9838544891640867
8	8	null	null	0.981343984962406	0.9838544891640867
9	9	null	null	0.982514619883041	0.9838544891640867
10	10	0.34666666666666673	0.4519047619047619	0.9877777777777779	0.9841176470588235
15	15	null	null	0.9820833333333333	0.9897368421052631
20	20	null	null	0.9891812865497076	0.99
30	30	0.32782051282051283	0.4443470418470419	0.9894736842105264	0.99
40	40	null	null	0.9947368421052631	0.99
50	50	null	null	0.9947368421052631	0.99
60	60	null	null	0.9944444444444445	0.99
70	70	null	null	0.9944444444444445	0.99
80	80	null	null	0.9947368421052631	0.99
90	90	null	null	0.9947368421052631	0.99