size	dial	Natural	Natural+Context	Component	Component+Context
1	1	0	0	0.6716056166056166	0.6473175586023884
2	2	0	0	0.5272695441813089	0.621858076563959
3	3	0	0.01818181818181818	0.5320244461420932	0.6236709420610349
4	4	0	0.01818181818181818	0.4492066267066267	0.6115497299398228
5	5	0	0	0.4975479422538246	0.623860386259767
6	6	0	0	0.5716779788838613	0.6160172490048651
7	7	0	0	0.5901237350540756	0.6695003534477219
8	8	0.045	0.11747474747474748	0.6210366602781463	0.651624895572264
9	9	0.045	0.11747474747474748	0.6031795174210035	0.651624895572264
10	10	0.045	0.10262626262626262	0.5876637767117643	0.6337677527151211
15	15	0.06262626262626263	0.15614718614718615	0.5929040550093181	0.5832915622389306
20	20	0.08205128205128205	0.16487179487179487	0.5665409753645048	0.6276018572071204
30	30	0.025	0.059829059829059825	0.554895594601477	0.5996762740183793
40	40	0.02	0.06038461538461539	0.5615622612681437	0.6324045407636739
50	50	0	0.037606837606837605	0.5426546982429336	0.6283994299474175
60	60	0.02	0.09649572649572649	0.5444334097275274	0.6368163054695561
70	70	0	0.12367632367632368	0.5429978354978355	0.6303835569315445
80	80	0	0.09395604395604396	0.5646428571428571	0.6348321784854292
90	90	0	0.09395604395604396	0.5564432136490961	0.6354732041264548