\addplot[color=green,mark=*] coordinates {
(1,1)(2,2)(3,3)(4,4)(5,5)(6,6)(7,7)(8,8)(9,9)(10,10)(15,15)(20,20)(30,30)(40,40)(50,50)(60,60)(70,70)(80,80)(90,90)
};
\addlegendentry{dial}

\addplot[color=green,mark=*] coordinates {
(1,null)(2,null)(3,null)(4,null)(5,null)(6,0)(7,0)(8,0)(9,0)(10,0)(15,null)(20,0)(30,null)(40,0)(50,0)(60,null)(70,0)(80,0)(90,0)
};
\addlegendentry{Natural}

\addplot[color=green,mark=*] coordinates {
(1,null)(2,null)(3,null)(4,null)(5,null)(6,0)(7,0)(8,0)(9,0)(10,0)(15,null)(20,0)(30,null)(40,0)(50,0)(60,null)(70,0)(80,0)(90,0)
};
\addlegendentry{Natural+Context}

\addplot[color=green,mark=*] coordinates {
(1,null)(2,null)(3,null)(4,null)(5,null)(6,0.05714285714285715)(7,0.05714285714285715)(8,0.05714285714285715)(9,0.05714285714285715)(10,0.1285714285714286)(15,0.3333333333333333)(20,0.1285714285714286)(30,0.41666666666666663)(40,0.4285714285714285)(50,0.38095238095238093)(60,0.29166666666666663)(70,0.5714285714285714)(80,0.4285714285714285)(90,0.47619047619047616)
};
\addlegendentry{Component}

\addplot[color=green,mark=*] coordinates {
(1,null)(2,0.2222222222222222)(3,0.2791666666666667)(4,0.2791666666666667)(5,0.22916666666666666)(6,0.391156462585034)(7,0.19999999999999998)(8,0.19999999999999998)(9,0.15238095238095237)(10,0.2571428571428571)(15,null)(20,0.4857142857142857)(30,null)(40,0.629251700680272)(50,0.6054421768707483)(60,null)(70,0.5816326530612245)(80,0.6054421768707483)(90,0.6054421768707483)
};
\addlegendentry{Component+Context}

