\addplot[color=green,mark=*] coordinates {
(10,10)(20,20)(30,30)(40,40)(50,50)(60,60)(70,70)(80,80)(90,90)(100,100)(110,110)(120,120)(130,130)(140,140)(150,150)(160,160)
};
\addlegendentry{dial}

\addplot[color=green,mark=*] coordinates {
(10,0)(20,0.06086956521739131)(30,0.07263157894736842)(40,0.06444444444444444)(50,0.0808080808080808)(60,0.14093567251461986)(70,0.13636363636363638)(80,0.13636363636363638)(90,0.15858585858585858)(100,0.15564468211527033)(110,0.22594771241830064)(120,0.2593863471314452)(130,0.2871615312791784)(140,0.34459383753501405)(150,0.37976190476190474)(160,0.4174603174603175)
};
\addlegendentry{Natural\_Unigram\_SVM}

\addplot[color=green,mark=*] coordinates {
(10,0)(20,0.025)(30,0.05174825174825175)(40,0.05174825174825175)(50,0.04871794871794872)(60,0.0776068376068376)(70,0.07891402714932126)(80,0.07891402714932126)(90,0.09871794871794873)(100,0.09871794871794873)(110,0.18062271062271065)(120,0.17661782661782657)(130,0.2065934065934066)(140,0.2479120879120879)(150,0.3098901098901099)(160,0.4004884004884004)
};
\addlegendentry{Natural\_Unigram+Context\_SVM}

\addplot[color=green,mark=*] coordinates {
(10,0)(20,0.05454545454545454)(30,0.04444444444444444)(40,0.08857142857142856)(50,0.08857142857142856)(60,0.12074534161490683)(70,0.06857142857142857)(80,0.09612995699952222)(90,0.17529079616036136)(100,0.13074534161490683)(110,0.18534598528406576)(120,0.26136924069799733)(130,0.1567808409913673)(140,0.3250056960583277)(150,0.2907268170426065)(160,0.40783777625882883)
};
\addlegendentry{Natural\_Unigram\_ADA}

\addplot[color=green,mark=*] coordinates {
(10,0)(20,0.05454545454545454)(30,0.06)(40,0.06)(50,0.08074534161490683)(60,0.1561299569995222)(70,0.10395604395604394)(80,0.1561299569995222)(90,0.06755852842809365)(100,0.06755852842809365)(110,0.21374484984661324)(120,0.22434119028546273)(130,0.14619883040935672)(140,0.315902054601745)(150,0.2585139318885449)(160,0.3368421052631579)
};
\addlegendentry{Natural\_Unigram+Context\_ADA}

\addplot[color=green,mark=*] coordinates {
(10,0)(20,0)(30,0)(40,0)(50,0.015384615384615385)(60,0.04395604395604395)(70,0)(80,0)(90,0.015384615384615385)(100,0.02857142857142857)(110,0.015384615384615385)(120,0.0380952380952381)(130,0.047619047619047616)(140,0.07076923076923078)(150,0.05)(160,0.10256410256410257)
};
\addlegendentry{Natural\_Unigram\_RF}

\addplot[color=green,mark=*] coordinates {
(10,0)(20,0)(30,0)(40,0)(50,0)(60,0)(70,0)(80,0)(90,0)(100,0)(110,0.014285714285714285)(120,0.022222222222222223)(130,0)(140,0.09)(150,0)(160,0.10256410256410257)
};
\addlegendentry{Natural\_Unigram+Context\_RF}

\addplot[color=green,mark=*] coordinates {
(10,0.15368421052631578)(20,0.17708439897698208)(30,0.20283819628647218)(40,0.366517312610663)(50,0.4545047109752992)(60,0.4886461251167133)(70,0.5848642439431914)(80,0.53810079497386)(90,0.59109884267779)(100,null)(110,null)(120,null)(130,null)(140,null)(150,null)(160,null)
};
\addlegendentry{Component}

