\addplot[color=green,mark=*] coordinates {
(1,1)(2,2)(3,3)(4,4)(5,5)(6,6)(7,7)(8,8)(9,9)(10,10)
};
\addlegendentry{dial}

\addplot[color=green,mark=*] coordinates {
(1,0)(2,0)(3,0)(4,0)(5,0)(6,0)(7,0)(8,0)(9,0.00909090909090909)(10,0)
};
\addlegendentry{Natural\_SVM}

\addplot[color=green,mark=*] coordinates {
(1,0)(2,0)(3,0.008333333333333333)(4,0.008333333333333333)(5,0)(6,0)(7,0.008695652173913044)(8,0.008695652173913044)(9,0.012332015810276679)(10,0.008695652173913044)
};
\addlegendentry{Natural\_ADA}

\addplot[color=green,mark=*] coordinates {
(1,0)(2,0)(3,0)(4,0)(5,0)(6,0)(7,0)(8,0)(9,0)(10,0)
};
\addlegendentry{Natural\_RF}

\addplot[color=green,mark=*] coordinates {
(1,0.11965142924047031)(2,0.12923561859732074)(3,0.1336823662271233)(4,0.16581564286807254)(5,0.22232059645852753)(6,0.2377206127206127)(7,0.24671457395747337)(8,0.2566788987299823)(9,0.24707296965608988)(10,0.2760005574136009)
};
\addlegendentry{Component}

\addplot[color=green,mark=*] coordinates {
(1,0.0962204462204462)(2,0.15781342840166368)(3,0.2806004597868924)(4,0.2943855998363671)(5,0.32622639104517664)(6,0.38934405941791345)(7,0.40804338689632813)(8,0.47403102243597084)(9,0.45217329239388065)(10,0.44467390698969644)
};
\addlegendentry{Component+Context}

\addplot[color=green,mark=*] coordinates {
(1,0)(2,0)(3,0)(4,0)(5,0)(6,0)(7,0.011764705882352941)(8,0.0125)(9,0.0125)(10,0)
};
\addlegendentry{Natural\_SVM\_Context}

\addplot[color=green,mark=*] coordinates {
(1,0)(2,0.001081081081081081)(3,0)(4,0)(5,0.008333333333333333)(6,0.005084745762711865)(7,0.01373766898063573)(8,0.018859649122807014)(9,0.027192982456140345)(10,0.02791762013729977)
};
\addlegendentry{Natural\_ADA\_Context}

\addplot[color=green,mark=*] coordinates {
(1,0)(2,0)(3,0)(4,0)(5,0)(6,0)(7,0)(8,0)(9,0)(10,0)
};
\addlegendentry{Natural\_RF\_Context}

