size	dial	Natural_Unigram_SVM	Natural_Unigram+Context_SVM	Natural_Unigram_ADA	Natural_Unigram+Context_ADA	Natural_Unigram_RF	Natural_Unigram+Context_RF	Component
1	1	0.00909090909090909	0.011764705882352941	0.02142857142857143	0.03130434782608695	0	0	0
2	2	0.026666666666666665	0.02142857142857143	0.040372670807453416	0.024285714285714285	0.01818181818181818	0.011764705882352941	0
3	3	0.011764705882352941	0	0.036086956521739134	0.01	0	0	0
4	4	0	0	0	0	0	0	0
5	5	0	0	0	0.024285714285714285	0	0	0
6	6	0.03333333333333333	0.03636363636363636	0.038181818181818185	0.02	0.02	0	0
7	7	0.03333333333333333	0.03636363636363636	0.025	0.025	0.02	0	0
8	8	0.05	0.053030303030303025	0.05076923076923077	0.041666666666666664	0.03666666666666667	0.03666666666666667	0
9	9	0.04523809523809523	0.05	0.047435897435897434	0.041666666666666664	0.03666666666666667	0	0
10	10	0.04523809523809523	0.05	0.047435897435897434	0.041666666666666664	0.03666666666666667	0.016666666666666666	0