size	dial	Natural_Unigram_SVM	Natural_Unigram+Context_SVM	Natural_Unigram_ADA	Natural_Unigram+Context_ADA	Natural_Unigram_RF	Natural_Unigram+Context_RF	Component
1	1	0.07046002151451039	0.11082191091087212	0.04707508145001157	0.04508178095326543	0.0597955486542443	0.03297448946303908	0
2	2	0.1544261522417642	0.21152594196624047	0.15013127462900472	0.12342448148308102	0.1215231371969249	0.058119510708834865	0
3	3	0.19289617917669943	0.21429999426091495	0.193576711355861	0.16346014149797425	0.13536248873978657	0.06104242694627936	0
4	4	0.22569968925578204	0.24831744961601374	0.204259934319205	0.16902772816020803	0.13943772020893958	0.07389331691381089	0
5	5	0.2901438729256988	0.32064465968241496	0.27017475872871455	0.24828487645977754	0.18472248472293623	0.13096166912690405	0
6	6	0.31634940851555077	0.3189226331969248	0.2802431444889088	0.2540579581865411	0.15908264290495452	0.1371748198875293	0
7	7	0.37065036168155474	0.37843003333980507	0.36117632203434263	0.34356274948078	0.22163218815127336	0.19641503444014558	0
8	8	0.37444682328682694	0.3839364559884243	0.35792723094513956	0.3353602171690977	0.2072299956978192	0.18105205135074218	0
9	9	0.3734932103948754	0.39668371450343826	0.35454604846563986	0.33544447550659073	0.21947513850995617	0.16605614116605014	0
10	10	0.3868007053269592	0.3871273158165143	0.3499063748185132	0.3463544554305832	0.22866878940381663	0.19371446550921187	0