size	dial	Natural_Unigram_SVM	Natural_Unigram+Context_SVM	Natural_Unigram_ADA	Natural_Unigram+Context_ADA	Natural_Unigram_RF	Natural_Unigram+Context_RF	Component
1	1	0.004545454545454545	0.004651162790697674	0.16003427265803505	0.08365715040972774	0	0	0
2	2	0.08310147299509	0.09188963210702342	0.2601813747468847	0.15623406807617335	0.04054054054054054	0.00909090909090909	0
3	3	0.1025213675213675	0.0921037296037296	0.23093817709732903	0.20456694322891505	0.0038461538461538464	0.017984496124031007	0
4	4	0.1342805744979658	0.10575388127208148	0.33783638276595307	0.36573657677372157	0.004	0.004651162790697674	0
5	5	0.21120468891442856	0.16457205956433185	0.39560785677229926	0.4460696880328821	0.027761205160712954	0.018936877076411958	0
6	6	0.35972664998400294	0.29454748000329756	0.5168455912448756	0.578121005361229	0.01873015873015873	0	0
7	7	0.45766792340786155	0.397361633171971	0.5822383520282679	0.5760470072956709	0.05831103520843095	0.07232168229610685	0
8	8	0.4945237213714596	0.43314955834324553	0.5921487569386729	0.596645489943527	0.0762926114020192	0.028814520703346568	0
9	9	0.48828760762615014	0.4119411363089779	0.6051189799630785	0.555158093648378	0.07930066971372395	0.03794372294372294	0
10	10	0.4476951671058577	0.40001768200157556	0.5803077369225502	0.5319737766974387	0.0520869827846572	0.028843598262202914	0