size	dial	Natural_Unigram_SVM	Natural_Unigram+Context_SVM	Natural_Unigram_ADA	Natural_Unigram+Context_ADA	Natural_Unigram_RF	Natural_Unigram+Context_RF	Component
10	10	0	0	0	0	0	0	0.1925925925925926
20	20	0	0	0	0	0	0	0.30952380952380953
30	30	0	0	0	0	0	0	0.37037037037037035
40	40	0	0	0	0	0	0	0.3333333333333333
50	50	0	0	0	0	0	0	0.2962962962962963
60	60	0	0	0	0	0	0	0.6666666666666666
70	70	0	0	0	0	0	0	0.6296296296296295
80	80	0	0	0	0	0	0	0.6666666666666666
90	90	0	0	0	0	0	0	0.6666666666666666
100	100	0	0	0	0	0	0	0.6666666666666666
110	110	0	0	0	0	0	0	0.6851851851851852
120	120	0	0	0	0	0	0	null
130	130	0	0	0	0	0	0	null
140	140	0	0	0	0	0	0	null
150	150	0	0	0	0	0	0	null
160	160	0	0	0	0	0	0	null