size	dial	Natural_Unigram_SVM	Natural_Unigram+Context_SVM	Natural_Unigram_ADA	Natural_Unigram+Context_ADA	Natural_Unigram_RF	Natural_Unigram+Context_RF	Component
1	1	null	null	null	null	null	null	null
2	2	null	null	null	null	null	null	null
3	3	0.46569025497800914	0.5649544096695263	0.42468637048084146	0.4617205186779764	0.6557002671406986	null	0.41843405746537543
4	4	0.5113264708641824	0.6376780190876078	0.4301121653414984	0.470486351520912	0.6831821190034415	0.7642774549290643	0.4040522424415062
5	5	0.5087683783849561	0.6468556329364176	0.4734763403750244	0.5612313034873591	0.6982723540304913	0.7185482996010981	0.4095995218764207
6	6	0.5333813840236046	0.6360669360011418	0.5277040321740518	0.5310614401817079	0.7275420786760697	0.6952139825823409	0.410548064524335
7	7	0.5192462545267916	0.6568498346913323	0.5704846922601521	0.5533446900450821	0.6651764182571964	0.7427169675365727	0.43736429249562986
8	8	0.5651107087426653	0.6791779129955273	0.5828391227993561	0.575224592572863	0.7532411524951387	0.7391970542495541	0.43365195216479446
9	9	0.5921038329729015	0.6780706612126253	0.6346135156154262	0.651844532847563	0.7474198300547916	0.7089579729470566	0.42513088691591705
10	10	0.5988964128730021	0.6934117254531315	0.6072475260451718	0.6586949720423051	0.744666432731079	0.7641989156579589	0.4322097495936882