\addplot[color=green,mark=*] coordinates {
(1,1)(2,2)(3,3)(4,4)(5,5)(6,6)(7,7)(8,8)(9,9)(10,10)
};
\addlegendentry{dial}

\addplot[color=green,mark=*] coordinates {
(1,0.05789473684210526)(2,0.11735419630156474)(3,0.17889265784002628)(4,0.18253638253638255)(5,0.21115072235615528)(6,0.24060089866541481)(7,0.2480083060728222)(8,0.25606301665384856)(9,0.26391345355691703)(10,0.3133500471419797)
};
\addlegendentry{MYMO}

\addplot[color=green,mark=*] coordinates {
(1,0.06829268292682927)(2,0.1414285714285714)(3,0.2158471760797342)(4,0.22489781536293166)(5,0.2531686046511628)(6,0.2756417229307327)(7,0.2881389513121074)(8,0.2960170000925952)(9,0.3153775806884699)(10,0.3780701174732988)
};
\addlegendentry{Natural\_SVM}

\addplot[color=green,mark=*] coordinates {
(1,0.05)(2,0.11492361927144537)(3,0.16204130397678784)(4,0.1825815265815266)(5,0.21100643500643504)(6,0.24393938319744773)(7,0.24225806451612902)(8,0.25430934656741105)(9,0.3160934474179543)(10,0.39620606510358675)
};
\addlegendentry{Natural\_SVM+Context}

\addplot[color=green,mark=*] coordinates {
(1,0.08422344716613936)(2,0.14758933635847987)(3,0.258371577373279)(4,0.34266184850565545)(5,0.3800408563701442)(6,0.4145236149908339)(7,0.4884781270964832)(8,0.4974722616352536)(9,0.49991830244628693)(10,0.6327684876525422)
};
\addlegendentry{Natural\_ADA}

\addplot[color=green,mark=*] coordinates {
(1,0.09264429116521175)(2,0.17033268666974188)(3,0.3366324469384964)(4,0.44838793283191336)(5,0.40762706326669595)(6,0.4145236149908339)(7,0.4145236149908339)(8,0.4252021466927249)(9,0.5057746650451295)(10,0.6396650393766802)
};
\addlegendentry{Natural\_ADA+Context}

