\addplot[color=green,mark=*] coordinates {
(10,10)(20,20)(30,30)(40,40)(50,50)(60,60)(70,70)(80,80)(90,90)(100,100)(110,110)(120,120)(130,130)(140,140)(150,150)(160,160)(170,170)
};
\addlegendentry{dial}

\addplot[color=green,mark=*] coordinates {
(10,0.05178571428571428)(20,0.08836080586080586)(30,0.14583478402785333)(40,0.2856199169816432)(50,0.4411719695303985)(60,0.6138181936037779)(70,0.6784712169001986)(80,0.8188019047308867)(90,0.8471566171977791)(100,0.8425161507148878)(110,0.886395876530444)(120,0.8977435854253228)(130,0.9567467865212359)(140,0.9644403058489889)(150,0.9459865011658398)(160,0.9559736896121477)(170,0.9716981132075472)
};
\addlegendentry{Natural\_Unigram\_SVM}

\addplot[color=green,mark=*] coordinates {
(10,0.09107160638714036)(20,0.0749084249084249)(30,0.13726553149820475)(40,0.24473486622332025)(50,0.3727027946559867)(60,0.542485585208285)(70,0.5988974312986616)(80,0.7332525134692778)(90,0.7369289803626324)(100,0.7321215461802584)(110,0.8142427453759952)(120,0.8348628363262749)(130,0.900237082698944)(140,0.928485043656103)(150,0.894097978980288)(160,0.9143528608626061)(170,0.9716981132075472)
};
\addlegendentry{Natural\_Unigram+Context\_SVM}

\addplot[color=green,mark=*] coordinates {
(10,0.3951917742451724)(20,0.2942582417582418)(30,0.5845862906198867)(40,0.8771264723110118)(50,0.8816719268564663)(60,0.8980355632201027)(70,0.9743991995837391)(80,0.9743991995837391)(90,0.9503892985936402)(100,0.9522411504454918)(110,0.9735374467417882)(120,0.9716855948899363)(130,0.9716887119806283)(140,0.9774032688119517)(150,0.9790356394129979)(160,0.9782203587235033)(170,0.9716981132075472)
};
\addlegendentry{Natural\_Unigram\_ADA}

\addplot[color=green,mark=*] coordinates {
(10,0.3567302357836339)(20,0.3951917742451724)(30,0.4893170937972918)(40,0.8825810177655573)(50,0.8771264723110118)(60,0.8980355632201027)(70,0.9743991995837391)(80,0.9743991995837391)(90,0.9725473477318873)(100,0.9735374467417882)(110,0.9522411504454918)(120,0.9716855948899363)(130,0.9716887119806283)(140,0.9774032688119517)(150,0.9790356394129979)(160,0.9782203587235033)(170,0.9716981132075472)
};
\addlegendentry{Natural\_Unigram+Context\_ADA}

\addplot[color=green,mark=*] coordinates {
(10,0.0057692307692307696)(20,0.020192307692307693)(30,0.03337884887389838)(40,0.06308174218831794)(50,0.03416624561986296)(60,0.12423402843019644)(70,0.13455288557607553)(80,0.15212256630650092)(90,0.19091352119560148)(100,0.23782016158258318)(110,0.24201892937257732)(120,0.26915892526408547)(130,0.27691823738870347)(140,0.305969851732685)(150,0.28975358227646664)(160,0.17158544994960714)(170,0.41509433962264153)
};
\addlegendentry{Natural\_Unigram\_RF}

\addplot[color=green,mark=*] coordinates {
(10,0.09833333333333333)(20,0.0019230769230769232)(30,0.00972962680883473)(40,0.0067787328183367785)(50,0.03297586410793958)(60,0.14971997382938804)(70,0.15044892971586382)(80,0.2996736641490241)(90,0.25748713246723165)(100,0.24610499226972796)(110,0.2721667286316408)(120,0.24934661206844572)(130,0.2833656421653923)(140,0.2093964522543724)(150,0.32515472459195605)(160,0.28003680871231773)(170,0.330188679245283)
};
\addlegendentry{Natural\_Unigram+Context\_RF}

\addplot[color=green,mark=*] coordinates {
(10,0.8462806465036365)(20,0.9330606522985899)(30,0.8833858270288755)(40,0.9240388468461014)(50,0.9212646112095655)(60,0.9515513995642596)(70,0.9452758693745691)(80,0.9525052141039139)(90,0.9534842228659415)(100,null)(110,null)(120,null)(130,null)(140,null)(150,null)(160,null)(170,null)
};
\addlegendentry{Component}

