\addplot[color=green,mark=*] coordinates {
(1,1)(2,2)(3,3)(4,4)(5,5)(6,6)(7,7)(8,8)(9,9)(10,10)
};
\addlegendentry{dial}

\addplot[color=green,mark=*] coordinates {
(1,0.08176236044657097)(2,0.08019499864584274)(3,0.10277633477633477)(4,0.10878320078320078)(5,0.12455051771992771)(6,0.12724140455403704)(7,0.12102204497618256)(8,0.16676743864909652)(9,0.1898732124428719)(10,0.1620098039215686)
};
\addlegendentry{Natural\_Unigram\_SVM}

\addplot[color=green,mark=*] coordinates {
(1,0.10108176100628932)(2,0.10609948542024014)(3,0.16690909090909092)(4,0.17526581605528974)(5,0.21141525453611815)(6,0.2160637480798771)(7,0.21933042447748327)(8,0.23929268292682931)(9,0.2852712925524977)(10,0.28171071327081554)
};
\addlegendentry{Natural\_Unigram+Context\_SVM}

\addplot[color=green,mark=*] coordinates {
(1,0.07466225834596134)(2,0.06994604738447104)(3,0.09620060790273556)(4,0.08953394123606889)(5,0.1318291303237108)(6,0.13174623449613415)(7,0.11603180665916404)(8,0.1517834881227099)(9,0.12384654058099906)(10,0.12910960633472582)
};
\addlegendentry{Natural\_Unigram\_ADA}

\addplot[color=green,mark=*] coordinates {
(1,0.05146005509641873)(2,0.08166666666666667)(3,0.12692546583850933)(4,0.10440764714737316)(5,0.1075451457178616)(6,0.12615348860524145)(7,0.22568301263953439)(8,0.24357257967280513)(9,0.2000222638096103)(10,0.2400572823310702)
};
\addlegendentry{Natural\_Unigram+Context\_ADA}

\addplot[color=green,mark=*] coordinates {
(1,0.04627305467641602)(2,0.08533613445378152)(3,0.052657004830917876)(4,0.03042596348884381)(5,0.07154150197628459)(6,0.08468509984639017)(7,0.11863955119214586)(8,0.05222222222222221)(9,0.07545454545454547)(10,0.09612378907420353)
};
\addlegendentry{Natural\_Unigram\_RF}

\addplot[color=green,mark=*] coordinates {
(1,0.07111111111111111)(2,0.06814024390243903)(3,0.04166666666666667)(4,0.1)(5,0.10011904761904762)(6,0.06767241379310344)(7,0.06666666666666667)(8,0.07352941176470588)(9,0.16891228070175437)(10,0.11519607843137256)
};
\addlegendentry{Natural\_Unigram+Context\_RF}

\addplot[color=green,mark=*] coordinates {
(1,0)(2,0)(3,0)(4,0)(5,0)(6,0)(7,0)(8,0)(9,0)(10,0)
};
\addlegendentry{Component}

