size	dial	MYMO	Natural_SVM	Natural_ADA	Component_ADA	Component_SVM
1	1	0.20594739108468146	0.03255726119209181	0.08440450525994965	0	0.28817230498614765
2	2	0.2509869202479762	0.060941346923736275	0.14931732016381763	0	0.3185280908588803
3	3	0.2875447689805585	0.08629156928749229	0.17864228414261876	0	0.3294139499585248
4	4	0.30069015009570577	0.106572232441281	0.20464952147267304	0	0.334523097237319
5	5	0.3194215188693356	0.12587486810953274	0.2217742071355043	0	0.3515598303449179
6	6	0.3352226278137327	0.15133314848188628	0.22585307813745198	0	0.35799131941635226
7	7	0.34888790879474574	0.16778712637559579	0.24857469729688514	0	0.3683801536518321
8	8	0.35897556686642695	0.18332743300726403	0.25262489526185206	0	0.38535812522824103
9	9	0.35609817015367146	0.1912040221527713	0.2718104842454916	0	0.3900803647979499
10	10	0.3655050142206469	0.20215219001903856	0.2813501197033406	0	0.3918080083918823