\addplot[color=green,mark=*] coordinates {
(1,1)(2,2)(3,3)(4,4)(5,5)(6,6)(7,7)(8,8)(9,9)(10,10)
};
\addlegendentry{dial}

\addplot[color=green,mark=*] coordinates {
(1,0.021052631578947368)(2,0.11137521222410865)(3,0.12470854555744197)(4,0.11111111111111112)(5,0.12429569528961011)(6,0.12123411978221417)(7,0.12298850574712643)(8,0.21632183908045977)(9,0.3530960326288469)(10,0.4280960326288469)
};
\addlegendentry{Natural\_SVM}

\addplot[color=green,mark=*] coordinates {
(1,0)(2,0)(3,0)(4,0)(5,0)(6,0)(7,0)(8,0)(9,0)(10,0)
};
\addlegendentry{Natural\_PolynomialSVM}

\addplot[color=green,mark=*] coordinates {
(1,0)(2,0.09682539682539681)(3,0.11015873015873015)(4,0.09904761904761904)(5,0.09398148148148147)(6,0.11904761904761904)(7,0.11148148148148147)(8,0.20892857142857144)(9,0.30915655150949267)(10,0.378721768900797)
};
\addlegendentry{Natural\_RadialSVM}

\addplot[color=green,mark=*] coordinates {
(1,0.021052631578947368)(2,0.11137521222410865)(3,0.12470854555744197)(4,0.11111111111111112)(5,0.12429569528961011)(6,0.11306042884990253)(7,0.12136752136752138)(8,0.16816368286445013)(9,0.212531328320802)(10,0.2533810015234164)
};
\addlegendentry{Natural\_SigmoidSVM}

\addplot[color=green,mark=*] coordinates {
(1,0)(2,0.18786764705882353)(3,0.38034802043422733)(4,0.2899878509427019)(5,0.3837378509427019)(6,0.28659802043422733)(7,0.38071566749305086)(8,0.5682156674930509)(9,0.7560833145518744)(10,0.7560833145518744)
};
\addlegendentry{Natural\_ADA}

