\addplot[color=green,mark=*] coordinates {
(10,10)(20,20)(30,30)(40,40)(50,50)(60,60)(70,70)(80,80)(90,90)(100,100)(110,110)(120,120)(130,130)(140,140)(150,150)(160,160)
};
\addlegendentry{dial}

\addplot[color=green,mark=*] coordinates {
(10,0)(20,0)(30,0)(40,0)(50,0)(60,0.02222222222222222)(70,0.02857142857142857)(80,0.02857142857142857)(90,0.02857142857142857)(100,0.031578947368421054)(110,0.03872180451127819)(120,0.038245614035087715)(130,0.031578947368421054)(140,0.05263157894736842)(150,0)(160,0)
};
\addlegendentry{Natural\_Unigram\_SVM}

\addplot[color=green,mark=*] coordinates {
(10,0)(20,0)(30,0)(40,0)(50,0)(60,0.01111111111111111)(70,0.034782608695652174)(80,0.02857142857142857)(90,0.02857142857142857)(100,0.02)(110,0.02774327122153209)(120,0.043417874396135266)(130,0.034722222222222224)(140,0.05787037037037037)(150,0)(160,0)
};
\addlegendentry{Natural\_Unigram+Context\_SVM}

\addplot[color=green,mark=*] coordinates {
(10,0)(20,0)(30,0)(40,0.004545454545454545)(50,0.004545454545454545)(60,0)(70,0.02)(80,0.05608695652173914)(90,0.02)(100,0.027350427350427347)(110,0.027310924369747896)(120,0.027310924369747896)(130,0.028104575163398694)(140,0.043466223698781836)(150,0.015503875968992248)(160,0)
};
\addlegendentry{Natural\_Unigram\_ADA}

\addplot[color=green,mark=*] coordinates {
(10,0)(20,0)(30,0.006896551724137931)(40,0.0037037037037037034)(50,0.0037037037037037034)(60,0.030000000000000006)(70,0.02)(80,0.04608695652173913)(90,0.03395348837209302)(100,0.046764705882352944)(110,0.0436046511627907)(120,0.04245232646834478)(130,0.05554695562435501)(140,0.04941860465116279)(150,0.015503875968992248)(160,0)
};
\addlegendentry{Natural\_Unigram+Context\_ADA}

\addplot[color=green,mark=*] coordinates {
(10,0)(20,0)(30,0)(40,0)(50,0)(60,0)(70,0)(80,0.011764705882352941)(90,0.011764705882352941)(100,0)(110,0)(120,0)(130,0)(140,0)(150,0)(160,0)
};
\addlegendentry{Natural\_Unigram\_RF}

\addplot[color=green,mark=*] coordinates {
(10,0)(20,0)(30,0)(40,0)(50,0)(60,0)(70,0)(80,0.011764705882352941)(90,0)(100,0)(110,0)(120,0)(130,0)(140,0)(150,0)(160,0)
};
\addlegendentry{Natural\_Unigram+Context\_RF}

\addplot[color=green,mark=*] coordinates {
(10,0)(20,0)(30,0)(40,0.008695652173913044)(50,0.00909090909090909)(60,0.023809523809523808)(70,0.024390243902439025)(80,0.029411764705882353)(90,0.04038461538461539)(100,0.047384615384615386)(110,0.04038461538461539)(120,null)(130,null)(140,null)(150,null)(160,null)
};
\addlegendentry{Component}

