size	dial	Natural_SVM	Natural_ADA	Natural_RF	Component_SVM	Component_ADA
1	1	0.11927086379874427	0.22979489056427535	0.051176304534404436	0.4209097041409807	0.4210837197168987
2	2	0.2161123273119164	0.4050549386462913	0.07720237719401178	0.533630785211516	0.5168318245937709
3	3	0.3254363226544955	0.4938051579812173	0.13753678753684917	0.585112123944596	0.5329713037162545
4	4	0.40328910430661014	0.5717832504807219	0.17145300190140628	0.5747946599626117	0.5626093760914777
5	5	0.46791282631006775	0.6007610351164848	0.18490113089042007	0.6027842757807258	0.604239356157133
6	6	0.550861122429045	0.6306980493471859	0.24280847678193224	0.634461195852167	0.6434078296793635
7	7	0.5885292852745831	0.6490325507549322	0.29929534987998097	0.6417861160923443	0.6519190231256169
8	8	0.628733754717626	0.6586371192050882	0.3140314540739738	0.6537979116909968	0.6843057570442257
9	9	0.6478764756388306	0.6709660197492444	0.35920637123715266	0.6657655940248159	0.6794111957009237
10	10	0.6585330477465863	0.6844299173968439	0.3816528854127652	0.6702231774944155	0.6918775263130061