size	dial	Natural_Unigram_SVM	Natural_Unigram+Context_SVM	Natural_Unigram_ADA	Natural_Unigram+Context_ADA	Natural_Unigram_RF	Natural_Unigram+Context_RF	Component
1	1	0	0	0	0	0	0	0.052327672327672325
2	2	0	0	0	0	0	0	0.04069264069264069
3	3	0	0	0	0	0	0	0.08809523809523809
4	4	0	0	0	0	0	0	0.08888888888888888
5	5	0	0	0	0	0	0	0.041666666666666664
6	6	0	0	0	0	0	0	0.050793650793650794
7	7	0	0	0	0	0	0	0.13999999999999999
8	8	0	0.03333333333333333	0	0.03	0	0	0.14500000000000002
9	9	0	0.03333333333333333	0	0.03	0	0	0.1669047619047619
10	10	0	0.03333333333333333	0	0.03	0	0	0.1704761904761905