size	dial	Natural_SVM	Natural_ADA	Natural_RF	Component	Component+Context	Natural_SVM_Context	Natural_ADA_Context	Natural_RF_Context
1	1	0	0	0	0.059523809523809514	0.04285714285714286	0	0	0
2	2	0	0.04	0	0.14523809523809522	0.12238095238095237	0	0	0
3	3	0	0	0	0.20523809523809522	0.1657142857142857	0	0	0
4	4	0	0	0	0.20761904761904765	0.23095238095238094	0	0	0
5	5	0	0	0	0.3038095238095238	0.24428571428571427	0	0	0
6	6	0	0	0	0.2833333333333333	0.2866666666666666	0	0	0
7	7	0	0	0	0.29999999999999993	0.2866666666666666	0	0	0
8	8	0	0	0	0.29999999999999993	0.26666666666666666	0	0	0
9	9	0	0	0	0.32904761904761903	0.24428571428571427	0	0	0
10	10	0	0	0	0.36571428571428566	0.28095238095238095	0	0	0