size	dial	Natural	Natural+Context	Component	Component+Context
1	1	0.1694462400344753	0.126007326007326	0.6193066695483749	0.6353302781019186
2	2	0.2058816914080072	0.14258421317244846	0.5469882845202538	0.7598890388364072
3	3	0.09243697478991597	0.06538461538461539	0.583177095709065	0.762658269605638
4	4	0.08342245989304813	0.08636363636363636	0.5686623833682657	0.7589740590793221
5	5	0.18509379509379512	0.1453846153846154	0.6363007518796993	0.7366112257768604
6	6	0.25313330460389283	0.2391223155929038	0.6303055441290736	0.7451276664511958
7	7	0.3138888888888889	0.2357365785229562	0.5989370814370814	0.699830198537095
8	8	0.27388888888888896	0.28183515830574657	0.6058802457996006	0.6834352142110763
9	9	0.27388888888888896	0.28248875307698834	0.6345555251200414	0.6879806687565309
10	10	0.25888888888888884	0.3506326422115896	0.6592632805790701	0.6776753488447037
15	15	0.30529247584201147	0.32342245989304813	0.6457214874886685	0.7353239438156655
20	20	0.28262626262626267	0.2783458646616541	0.6587672401972604	0.7607905612905612
30	30	0.3909501025290499	0.40847696163485636	0.6445897435897436	0.7121415864836916
40	40	0.3524863440652914	0.42566094723989456	0.7037008547008547	0.7168431811852864
50	50	0.31950710108604846	0.3556808688387635	0.7060908681961313	0.7156047899468952
60	60	0.35877684407096166	0.36606098579782786	0.705960890960891	0.6978386350068271
70	70	0.3212768440709618	0.37030075187969924	0.6765434243695113	0.6923840895522816
80	80	0.33802521008403363	0.41315789473684206	0.6647018626328971	0.7159311302732354
90	90	0.39754901960784317	0.46995331465919704	0.677349692700082	0.7396091189512242