size	dial	Natural_SVM	Natural_ADA	Natural_RF	Component_SVM	Component_ADA
1	1	0.02857142857142857	0.00909090909090909	0.016666666666666666	0.00909090909090909	0.016216216216216217
2	2	0.04019607843137255	0.027332242225859248	0	0.1431540389435126	0.10858111187058554
3	3	0.07366666666666667	0.05286415711947627	0	0.15259713821712037	0.14761197348209232
4	4	0.07521367521367521	0.12753322259136213	0.053030303030303025	0.20490007068954436	0.24720891082447144
5	5	0.09012751953928425	0.1355952380952381	0.04285714285714286	0.24197052947052944	0.287231933200435
6	6	0.08373365764670113	0.14765037593984964	0	0.24596973202236358	0.2916604963663787
7	7	0.0777056277056277	0.1425865800865801	0.0404040404040404	0.2296125891652207	0.27368519871716807
8	8	0.08095238095238094	0.12595365161154634	0.03333333333333333	0.26048082034924136	0.31413304452215673
9	9	0.08095238095238094	0.1252788877788878	0.06666666666666667	0.26902427637721754	0.28668464931219007
10	10	0.14948717948717952	0.19724551764025447	0.033566433566433566	0.28439081058780097	0.34220705215724734