size	dial	Natural_SVM	Natural_ADA	Natural_RF	Component
5	5	0.20166666666666666	0.20166666666666666	0.0125	0.26
10	10	0.14166666666666666	0.21500000000000002	0	0.2566666666666667
15	15	0.1125	0.3152380952380952	0.05	0.2566666666666667
20	20	0.35869047619047617	0.3845238095238095	0.16666666666666666	0.3844047619047619
25	25	0.35297619047619044	0.49976190476190474	0.13333333333333333	0.44940476190476186
30	30	0.37976190476190474	0.5155952380952381	0.21607142857142855	0.42440476190476184
35	35	0.38392857142857145	0.5405952380952381	0.23547619047619048	0.45357142857142857
40	40	0.30988095238095237	0.5566666666666666	0.2589285714285714	0.43357142857142855
45	45	0.2732142857142857	0.5733333333333333	0.20809523809523806	0.49107142857142855
50	50	0.2565476190476191	0.559047619047619	0.09345238095238095	0.4510714285714285
55	55	0.22321428571428573	0.5783333333333334	0.17857142857142855	0.4344047619047619
60	60	0.2857142857142857	0.5816666666666667	0.2488095238095238	0.48357142857142854
65	65	0.28154761904761905	0.5566666666666666	0.26726190476190476	0.48357142857142854
70	70	0.3148809523809524	0.49833333333333335	0.21607142857142855	0.48357142857142854