size	dial	MYMO	Natural_SVM	Natural_SVM+Context	Natural_ADA	Natural_ADA+Context
1	1	0.07148904006046863	0.03888020018767595	0.03674219228413962	0.05021557543335401	0.05224357469015003
2	2	0.10495563706287636	0.04694291351976594	0.053824498352800246	0.11668019732334614	0.0545804794520548
3	3	0.15022634838680143	0.08725012898081703	0.0901701428866071	0.11661190603036826	0.10323492207201465
4	4	0.1708192138812288	0.12662262249343795	0.122477011075006	0.14689865151486586	0.1535046041935934
5	5	0.23294989782766828	0.14884075967187527	0.14414363737729866	0.15341339689474737	0.19466529741426672
6	6	0.25908105344417326	0.14747285678231967	0.15394870839896296	0.19404165065175394	0.2002000304315575
7	7	0.2897297729025926	0.1843297070133086	0.19643154309734942	0.20187216196214539	0.21347676644067343
8	8	0.2985186482195246	0.22875016172451504	0.22485848031604966	0.20495848505303454	0.21140816342749794
9	9	0.33520615053371333	0.24551676325995522	0.2459314110634064	0.27250785056531523	0.223396277989964
10	10	0.33444993098148834	0.2737659155408589	0.28279993200075276	0.2693423001127727	0.25089867356240114