\addplot[color=green,mark=*] coordinates {
(1,1)(2,2)(3,3)(4,4)(5,5)(6,6)(7,7)(8,8)(9,9)(10,10)
};
\addlegendentry{dial}

\addplot[color=green,mark=*] coordinates {
(1,0)(2,0)(3,0.011764705882352941)(4,0.011764705882352941)(5,0.011764705882352941)(6,0.011764705882352941)(7,0.023529411764705882)(8,0.023529411764705882)(9,0.01764705882352941)(10,0.01764705882352941)
};
\addlegendentry{Natural\_SVM}

\addplot[color=green,mark=*] coordinates {
(1,0)(2,0)(3,0.023529411764705882)(4,0.04889705882352941)(5,0.02977941176470588)(6,0.02977941176470588)(7,0.01764705882352941)(8,0.028792569659442723)(9,0.01764705882352941)(10,0.01764705882352941)
};
\addlegendentry{Natural\_ADA}

\addplot[color=green,mark=*] coordinates {
(1,0)(2,0)(3,0.0058823529411764705)(4,0)(5,0)(6,0)(7,0)(8,0)(9,0)(10,0)
};
\addlegendentry{Natural\_RF}

\addplot[color=green,mark=*] coordinates {
(1,0.4898413312693498)(2,0.6600348297213623)(3,0.6661996904024768)(4,0.7145665634674921)(5,0.7522136222910216)(6,0.6850890092879257)(7,0.757329721362229)(8,0.7938041795665634)(9,0.79515866873065)(10,0.7982546439628483)
};
\addlegendentry{Component}

\addplot[color=green,mark=*] coordinates {
(1,0.7585526315789475)(2,0.9277476780185758)(3,0.9332739938080495)(4,0.9116021671826624)(5,0.9168653250773995)(6,0.9066021671826625)(7,0.9053637770897833)(8,0.9112461300309598)(9,0.90046826625387)(10,0.90046826625387)
};
\addlegendentry{Component+Context}

\addplot[color=green,mark=*] coordinates {
(1,0)(2,0)(3,0.023529411764705882)(4,0.02389705882352941)(5,0.011764705882352941)(6,0.011764705882352941)(7,0.01764705882352941)(8,0.023529411764705882)(9,0.023529411764705882)(10,0.023529411764705882)
};
\addlegendentry{Natural\_SVM\_Context}

\addplot[color=green,mark=*] coordinates {
(1,0)(2,0)(3,0.041176470588235294)(4,0.06654411764705882)(5,0.02977941176470588)(6,0.040924922600619196)(7,0.035042569659442725)(8,0.035042569659442725)(9,0.022910216718266253)(10,0.028792569659442723)
};
\addlegendentry{Natural\_ADA\_Context}

\addplot[color=green,mark=*] coordinates {
(1,0)(2,0)(3,0)(4,0)(5,0)(6,0)(7,0)(8,0)(9,0)(10,0)
};
\addlegendentry{Natural\_RF\_Context}

