\addplot[color=green,mark=*] coordinates {
(1,1)(2,2)(3,3)(4,4)(5,5)(6,6)(7,7)(8,8)(9,9)(10,10)
};
\addlegendentry{dial}

\addplot[color=green,mark=*] coordinates {
(1,0)(2,0)(3,0)(4,0)(5,0.06)(6,0.05)(7,0.03636363636363636)(8,0)(9,0)(10,0)
};
\addlegendentry{Natural\_SVM}

\addplot[color=green,mark=*] coordinates {
(1,0)(2,0.08)(3,0)(4,0)(5,0.13999999999999999)(6,0.13999999999999999)(7,0.13999999999999999)(8,0.1511111111111111)(9,0.13111111111111112)(10,0.2129292929292929)
};
\addlegendentry{Natural\_ADA}

\addplot[color=green,mark=*] coordinates {
(1,0)(2,0)(3,0)(4,0)(5,0)(6,0.04)(7,0.03)(8,0.01)(9,0.04)(10,0.06727272727272728)
};
\addlegendentry{Natural\_RF}

\addplot[color=green,mark=*] coordinates {
(1,0.3532828282828283)(2,0.504040404040404)(3,0.4446969696969697)(4,0.5268686868686868)(5,0.5878282828282828)(6,0.5238888888888888)(7,0.5957070707070706)(8,0.6405555555555557)(9,0.6787373737373738)(10,0.6844949494949495)
};
\addlegendentry{Component}

\addplot[color=green,mark=*] coordinates {
(1,0.7422222222222222)(2,0.8682323232323232)(3,0.8409595959595959)(4,0.8500505050505052)(5,0.8409595959595959)(6,0.832777777777778)(7,0.8509595959595961)(8,0.8426262626262627)(9,0.8426262626262627)(10,0.8426262626262627)
};
\addlegendentry{Component+Context}

\addplot[color=green,mark=*] coordinates {
(1,0)(2,0)(3,0)(4,0)(5,0.07999999999999999)(6,0.06)(7,0.045454545454545456)(8,0.01818181818181818)(9,0)(10,0)
};
\addlegendentry{Natural\_SVM\_Context}

\addplot[color=green,mark=*] coordinates {
(1,0)(2,0.08)(3,0)(4,0)(5,0.13999999999999999)(6,0.15)(7,0.15)(8,0.16111111111111112)(9,0.16111111111111112)(10,0.25202020202020203)
};
\addlegendentry{Natural\_ADA\_Context}

\addplot[color=green,mark=*] coordinates {
(1,0)(2,0)(3,0)(4,0)(5,0.04)(6,0.02)(7,0.03)(8,0.02)(9,0.09)(10,0.01)
};
\addlegendentry{Natural\_RF\_Context}

