size	dial	Natural_SVM	Natural_ADA	Natural_RF	Component	Component+Context	Natural_SVM_Context	Natural_ADA_Context	Natural_RF_Context
1	1	0	0.11474358974358974	0	null	null	0.008333333333333333	0.10705128205128205	0
2	2	0.02727272727272727	0.2064102564102564	0	null	null	0.00909090909090909	0.2064102564102564	0
3	3	0.02727272727272727	0.18333333333333332	0	null	null	0.00909090909090909	0.18333333333333332	0
4	4	0.00909090909090909	0.2141025641025641	0	null	null	0.00909090909090909	0.27564102564102566	0
5	5	0.01818181818181818	0.24557109557109555	0	null	null	0.02727272727272727	0.33787878787878783	0
6	6	0.00909090909090909	0.23787878787878788	0	null	null	0.02727272727272727	0.23787878787878788	0
7	7	0	0.4224941724941725	0	null	null	0.02727272727272727	0.33018648018648017	0
8	8	0	0.23787878787878788	0	null	null	0.01818181818181818	0.4224941724941725	0
9	9	0	0.34557109557109555	0	null	null	0.01818181818181818	0.33787878787878783	0
10	10	0.06363636363636363	0.5224941724941725	0	null	null	0.08181818181818182	0.5224941724941725	0