size	dial	Natural_SVM	Natural_ADA	Natural_RF	Component	Component+Context	Natural_SVM_Context	Natural_ADA_Context	Natural_RF_Context
1	1	0	0	0	0.042681289640591966	0.06983850931677019	0	0	0
2	2	0	0.0022988505747126436	0	0.13058608058608057	0.35103896103896104	0	0	0
3	3	0	0	0	0.16606948606948607	0.46904761904761905	0	0	0
4	4	0	0	0	0.1759654234654235	0.43640522875817	0	0	0
5	5	0	0	0	0.18406629318394024	0.42683982683982674	0	0	0
6	6	0	0	0	0.19068345934729813	0.5003884711779449	0	0	0
7	7	0	0	0	0.2125252525252525	0.5327994227994228	0	0	0
8	8	0	0	0	0.2517216117216117	0.6454978354978355	0	0	0
9	9	0	0	0	0.25635288687920266	0.6023232323232323	0	0	0
10	10	0	0	0	0.2404127245303716	0.5593650793650793	0	0	0