\addplot[color=green,mark=*] coordinates {
(1,1)(2,2)(3,3)(4,4)(5,5)(6,6)(7,7)(8,8)(9,9)(10,10)
};
\addlegendentry{dial}

\addplot[color=green,mark=*] coordinates {
(1,0)(2,0.05714285714285714)(3,0.05714285714285714)(4,0.11714285714285713)(5,0.10977443609022557)(6,0.12977443609022557)(7,0.1326984126984127)(8,0.12714285714285714)(9,0.12714285714285714)(10,0.1454120879120879)
};
\addlegendentry{Natural\_SVM}

\addplot[color=green,mark=*] coordinates {
(1,0)(2,0.02608695652173913)(3,0.02608695652173913)(4,0.07478991596638655)(5,0.07115384615384615)(6,0.0632967032967033)(7,0.08653846153846154)(8,0.09347123464770524)(9,0.10082417582417583)(10,0.15602779573367812)
};
\addlegendentry{Natural\_ADA}

\addplot[color=green,mark=*] coordinates {
(1,0)(2,0.03636363636363636)(3,0.03636363636363636)(4,0.03636363636363636)(5,0.09142857142857144)(6,0.09090909090909091)(7,0.05858585858585859)(8,0.02)(9,0.05858585858585859)(10,0.051515151515151514)
};
\addlegendentry{Natural\_RF}

\addplot[color=green,mark=*] coordinates {
(1,0.01818181818181818)(2,0.1675990675990676)(3,0.18872948756669689)(4,0.18208360267183796)(5,0.2574647530529883)(6,0.2801171051171051)(7,0.2433760683760684)(8,0.3294913691972515)(9,0.3174510489510489)(10,0.292245870071957)
};
\addlegendentry{Component\_SVM}

\addplot[color=green,mark=*] coordinates {
(1,0.006896551724137931)(2,0.07869047619047619)(3,0.1018110435663627)(4,0.17797619047619048)(5,0.25339147286821706)(6,0.28084924001413925)(7,0.23924749163879602)(8,0.3179835282120419)(9,0.329842322100584)(10,0.315355526826115)
};
\addlegendentry{Component\_ADA}

