size	dial	Natural	Natural+Context	Component	Component+Context
1	1	0	0	0.9875	0.9746031746031747
2	2	0	0	0.6873923591028854	0.8835775335775334
3	3	0	0	0.748610307820834	0.9002442002442003
4	4	0	0	0.7826328642118117	0.9002442002442003
5	5	0	0	0.6923173317910161	0.8570842169526379
6	6	0	0	0.8167349463402097	0.8954365079365079
7	7	0.0125	0.0125	0.7849535698219909	0.919047619047619
8	8	0.0125	0.0125	0.8444315918000129	0.919047619047619
9	9	0.0125	0.0125	0.9115995115995116	0.919047619047619
10	10	0.0125	0.020192307692307693	0.8545024420024421	0.919047619047619
15	15	0.04217032967032967	0.038995726495726496	0.9690476190476189	0.9079365079365079
20	20	0.03314777327935223	0.027884615384615386	0.8969065291433713	0.8996031746031745
30	30	0.025455465587044535	0.03314777327935223	0.929191568665253	0.9079365079365079
40	40	0.050455465587044536	0.050455465587044536	0.9201690122742756	0.9079365079365079
50	50	0.03795546558704453	0.03795546558704453	0.8962068633121266	0.9079365079365079
60	60	0.012955465587044534	0.012955465587044534	0.8916433712486345	0.9079365079365079
70	70	0.005263157894736842	0.012955465587044534	0.9306953280637492	0.9079365079365079
80	80	0.005263157894736842	0.005263157894736842	0.9449810423494635	0.9079365079365079
90	90	0.005263157894736842	0.005263157894736842	0.9344547265599898	0.9079365079365079