\addplot[color=green,mark=*] coordinates {
(1,1)(2,2)(3,3)(4,4)(5,5)(6,6)(7,7)(8,8)(9,9)(10,10)
};
\addlegendentry{dial}

\addplot[color=green,mark=*] coordinates {
(1,0.007692307692307693)(2,0.11482517482517482)(3,0.14160839160839161)(4,0.16748251748251747)(5,0.18839160839160837)(6,0.1974825174825175)(7,0.22335664335664335)(8,0.24002331002331)(9,0.2677156177156177)(10,0.33498834498834495)
};
\addlegendentry{MYMO}

\addplot[color=green,mark=*] coordinates {
(1,0)(2,0.03636363636363636)(3,0.07727272727272727)(4,0.09545454545454546)(5,0.08636363636363636)(6,0.08636363636363636)(7,0.06818181818181819)(8,0.08636363636363638)(9,0.10636363636363637)(10,0.16636363636363638)
};
\addlegendentry{Natural\_SVM}

\addplot[color=green,mark=*] coordinates {
(1,0)(2,0.02727272727272727)(3,0.07727272727272727)(4,0.10454545454545454)(5,0.08636363636363636)(6,0.08636363636363636)(7,0.06727272727272728)(8,0.06727272727272728)(9,0.08727272727272728)(10,0.14636363636363633)
};
\addlegendentry{Natural\_SVM+Context}

\addplot[color=green,mark=*] coordinates {
(1,0)(2,0.01818181818181818)(3,0.11000000000000001)(4,0.07545454545454547)(5,0.1518181818181818)(6,0.1518181818181818)(7,0.1518181818181818)(8,0.19272727272727272)(9,0.14272727272727273)(10,0.21090909090909093)
};
\addlegendentry{Natural\_ADA}

\addplot[color=green,mark=*] coordinates {
(1,0)(2,0.01818181818181818)(3,0.057272727272727274)(4,0.07545454545454547)(5,0.1518181818181818)(6,0.1518181818181818)(7,0.1518181818181818)(8,0.10272727272727274)(9,0.14272727272727273)(10,0.20090909090909087)
};
\addlegendentry{Natural\_ADA+Context}

