size	dial	Natural_Unigram_SVM	Natural_Unigram+Context_SVM	Natural_Unigram_ADA	Natural_Unigram+Context_ADA	Natural_Unigram_RF	Natural_Unigram+Context_RF	Component
10	10	0.3680181666615071	0.36318382068730876	0.36423745195485013	0.3499344609937613	0.34697958498420134	0.3907204533904773	0.598305485780039
20	20	0.5148262679581979	0.5472958973836161	0.4340994988938308	0.4534930896215781	0.5264384283155221	0.5684719483824849	0.6497387017936037
30	30	0.6005214661375273	0.6367746989076627	0.5636724998411983	0.5212130650469253	0.6294542380228136	0.7146915255175285	0.6306049848191886
40	40	0.6616386760294246	0.707031800257932	0.606453598850853	0.6245424278632521	0.6924599445469282	0.6598864224648111	0.6492707537057472
50	50	0.687176171932194	0.7163268854031637	0.6436083827156778	0.6572679730477448	0.6783058036148896	0.7060587203471415	0.6507993930555445
60	60	0.7165553588111311	0.7526146025975977	0.6721653055363853	0.6503606108957504	0.7250584974108044	0.717684369191923	0.6648786891224686
70	70	0.7383612555478773	0.7700967840330758	0.6748763227548732	0.6907463715551574	0.748871649982447	0.7313129270312871	0.6670377209097492
80	80	0.7530409929963972	0.7871581339056283	0.6894755900375185	0.6850164232621476	0.7760665200235641	0.7755497879738258	0.6751799665171696
90	90	0.7630968461722327	0.790879466202801	0.7059264985330729	0.6926787709167581	0.8356251312538655	0.8022887555422298	0.6796843236972889
100	100	0.7578416569281549	0.7961064577918269	0.7010971937077624	0.7066077266936814	0.8382870805947888	0.7856179709254973	null
110	110	0.7668557224608374	0.8042098102555102	0.7122270152930053	0.7227120538034892	0.8177512957523103	0.8102279164545523	null
120	120	0.7754989929775985	0.8116727145954403	0.7185510857697639	0.7357507596053072	0.8621815362948647	0.8181404195877674	null
130	130	0.7829195495548686	0.8208653052121353	0.712348102509678	0.7285463924331141	0.8441293116565828	0.8535695771145038	null
140	140	0.7781652236987264	0.8151544963538203	0.7079891131965951	0.711257296395688	0.8731549186117007	0.8589068813519525	null
150	150	0.7796994932950534	0.8189946421351268	0.7164161488094994	0.7362264938744588	0.8698229634987527	0.8650651472838727	null
160	160	0.788823917305701	0.8355501154986413	0.7419190681358753	0.7348191922067574	0.89211516672336	0.8487203519949597	null
170	170	0.7853403141361257	0.8303858520900321	0.6942046855733662	0.7214700193423598	0.9025487256371814	0.8778501628664495	null