\addplot[color=green,mark=*] coordinates {
(1,1)(2,2)(3,3)(4,4)(5,5)(6,6)(7,7)(8,8)(9,9)(10,10)
};
\addlegendentry{dial}

\addplot[color=green,mark=*] coordinates {
(1,0.09072853159871568)(2,0.2099816170083831)(3,0.2359532010377821)(4,0.23997431852310722)(5,0.2663633738897933)(6,0.5169382594569192)(7,0.6043687701227239)(8,0.7097281718087906)(9,0.7273681300910139)(10,0.7126660066794362)
};
\addlegendentry{Natural\_SVM}

\addplot[color=green,mark=*] coordinates {
(1,0)(2,0)(3,0)(4,0)(5,0)(6,0)(7,0)(8,0)(9,0)(10,0)
};
\addlegendentry{Natural\_PolynomialSVM}

\addplot[color=green,mark=*] coordinates {
(1,0.06889732724066173)(2,0.18473212111922993)(3,0.21527375532126708)(4,0.2206224609838034)(5,0.24368524884577245)(6,0.4833982132357644)(7,0.5729116938277651)(8,0.6996302937756884)(9,0.7229808019993741)(10,0.7045705125904739)
};
\addlegendentry{Natural\_RadialSVM}

\addplot[color=green,mark=*] coordinates {
(1,0.09194804379383763)(2,0.21220383923060532)(3,0.2370643121488932)(4,0.23513121082236726)(5,0.2603966706834354)(6,0.43102226073509176)(7,0.5530503380304082)(8,0.6980810423460537)(9,0.7164526704998402)(10,0.6967846173237124)
};
\addlegendentry{Natural\_SigmoidSVM}

\addplot[color=green,mark=*] coordinates {
(1,0.23754308162634485)(2,0.510975229015976)(3,0.468928172410743)(4,0.5730245579529116)(5,0.6874594527620571)(6,0.687655970540488)(7,0.8268076905426687)(8,0.8358107356902922)(9,0.8455949274021947)(10,0.8464526063086542)
};
\addlegendentry{Natural\_ADA}

