\addplot[color=green,mark=*] coordinates {
(1,1)(2,2)(3,3)(4,4)(5,5)(6,6)(7,7)(8,8)(9,9)(10,10)(15,15)(20,20)(25,25)(30,30)(35,35)(40,40)(45,45)(50,50)(55,55)(60,60)(65,65)(70,70)(75,75)(80,80)(85,85)(90,90)
};
\addlegendentry{dial}

\addplot[color=green,mark=*] coordinates {
(1,0.11944444444444444)(2,0.22261904761904758)(3,0.06666666666666667)(4,0.04523809523809523)(5,0.13214285714285715)(6,0.1742063492063492)(7,0.24781746031746033)(8,0.21448412698412697)(9,0.21448412698412697)(10,0.20436507936507936)(15,0.2492063492063492)(20,0.23670634920634917)(25,0.28154761904761905)(30,0.35654761904761906)(35,0.3297619047619048)(40,0.32142857142857145)(45,0.2761904761904762)(50,0.25952380952380955)(55,0.2928571428571428)(60,0.27619047619047615)(65,0.25357142857142856)(70,0.2202380952380952)(75,0.22619047619047614)(80,0.22857142857142856)(85,0.2928571428571428)(90,0.3011904761904762)
};
\addlegendentry{Natural\_SVM}

\addplot[color=green,mark=*] coordinates {
(1,0.053968253968253964)(2,0.34503968253968254)(3,0.303968253968254)(4,0.303968253968254)(5,0.13174603174603175)(6,0.17063492063492064)(7,0.19146825396825395)(8,null)(9,null)(10,null)(15,null)(20,null)(25,null)(30,null)(35,null)(40,null)(45,null)(50,null)(55,null)(60,null)(65,null)(70,null)(75,null)(80,null)(85,null)(90,null)
};
\addlegendentry{Natural\_Ada}

\addplot[color=green,mark=*] coordinates {
(1,0.016666666666666666)(2,0.014285714285714285)(3,0.008333333333333333)(4,0.02857142857142857)(5,0)(6,0.07023809523809524)(7,0.03373015873015873)(8,0.047619047619047616)(9,0)(10,null)(15,null)(20,null)(25,null)(30,null)(35,null)(40,null)(45,null)(50,null)(55,null)(60,null)(65,null)(70,null)(75,null)(80,null)(85,null)(90,null)
};
\addlegendentry{Natural\_RF}

