size	dial	Natural_SVM	Natural_ADA	Natural_RF	Component
5	5	0.17784075573549257	0.3313122549964655	0.07187134502923977	0.7539009382430435
10	10	0.22696356275303642	0.3247162778741726	0.257097230255125	0.847685560053981
15	15	0.06912280701754385	0.11284686074159758	0.19990424779898464	0.9442460317460318
20	20	0.0288034188034188	0.07214960478118373	0.12334008097165991	0.8401940749309169
25	25	0.004166666666666667	0.0611239637555427	0.08778452541610435	0.8606787802840434
30	30	0.01	0.03100250626566416	0.09814777327935223	0.8254803675856307
35	35	0	0.035789473684210524	0.1047289698605488	0.7495090289827132
40	40	0	0.02293233082706767	0.1377699055330634	0.7730909003277424
45	45	0	0.005263157894736842	0.06563315339631129	0.7971324143692564
50	50	0	0.024885290148448043	0.08925888439046333	0.7849101921470341
55	55	0	0.011929824561403509	0.08204276717434611	0.8535066833751044
60	60	0	0.012222222222222221	0.05712213225371119	0.8589974937343359
65	65	0	0.012222222222222221	0.0726923076923077	0.9447368421052632
70	70	0	0.012222222222222221	0.07408119658119658	0.926140350877193