size	dial	Natural_Unigram_SVM	Natural_Unigram+Context_SVM	Natural_Unigram_ADA	Natural_Unigram+Context_ADA	Natural_Unigram_RF	Natural_Unigram+Context_RF	Component
10	10	0.01111111111111111	0.01111111111111111	0.04444444444444444	0.06666666666666667	0	0	0.10833333333333332
20	20	0.01111111111111111	0	0.03333333333333333	0.03333333333333333	0	0	0.16893939393939392
30	30	0.04444444444444444	0.03333333333333333	0.10373737373737375	0.049494949494949494	0.01111111111111111	0	0.21287878787878783
40	40	0.01111111111111111	0	0.03333333333333333	0.03333333333333333	0	0	0.2646464646464647
50	50	0.01111111111111111	0	0.019090909090909092	0.01111111111111111	0.04444444444444444	0.02222222222222222	0.2840909090909091
60	60	0.02222222222222222	0.02222222222222222	0.043333333333333335	0.03838383838383838	0.01111111111111111	0	0.3126262626262627
70	70	0.02222222222222222	0.02222222222222222	0.043333333333333335	0.01111111111111111	0.01111111111111111	0	0.2820707070707071
80	80	0.02222222222222222	0.02222222222222222	0.03333333333333333	0.02222222222222222	0.01111111111111111	0	0.32651515151515154
90	90	0.02222222222222222	0.02222222222222222	0.02222222222222222	0.03333333333333333	0.01111111111111111	0.01111111111111111	0.33762626262626266
100	100	0.02222222222222222	0.02222222222222222	0.02222222222222222	0.03333333333333333	0.01111111111111111	0	null
110	110	0.02222222222222222	0.02222222222222222	0.02222222222222222	0.03333333333333333	0.01111111111111111	0	null
120	120	0.02222222222222222	0.02222222222222222	0.02222222222222222	0.03333333333333333	0.01111111111111111	0	null
130	130	0.031746031746031744	0.031746031746031744	0.047619047619047616	0.047619047619047616	0.015873015873015872	0	null
140	140	0.04444444444444444	0.04444444444444444	0.06262626262626263	0.06666666666666667	0.02222222222222222	0	null
150	150	0.07828282828282829	0.07828282828282829	0.12878787878787878	0.07828282828282829	0.050505050505050504	0	null
160	160	0.10437710437710439	0.10437710437710439	0.1717171717171717	0.10437710437710439	0.06734006734006734	0	null
170	170	0	0	0	0	0	0	null