\addplot[color=green,mark=*] coordinates {
(1,1)(2,2)(3,3)(4,4)(5,5)(6,6)(7,7)(8,8)(9,9)(10,10)
};
\addlegendentry{dial}

\addplot[color=green,mark=*] coordinates {
(1,0.06825396825396826)(2,0.0873101673101673)(3,0.10297553209317915)(4,0.23398498272640147)(5,0.1979076479076479)(6,0.22243302591128672)(7,0.2424358974358974)(8,0.2539510489510489)(9,0.2909207459207459)(10,0.2547561588738059)
};
\addlegendentry{MYMO}

\addplot[color=green,mark=*] coordinates {
(1,0)(2,0)(3,0)(4,0)(5,0.0044444444444444444)(6,0.0037735849056603774)(7,0)(8,0)(9,0)(10,0)
};
\addlegendentry{Natural\_SVM}

\addplot[color=green,mark=*] coordinates {
(1,0)(2,0)(3,0)(4,0)(5,0)(6,0)(7,0)(8,0)(9,0)(10,0)
};
\addlegendentry{Natural\_SVM+Context}

\addplot[color=green,mark=*] coordinates {
(1,0)(2,0)(3,0)(4,0)(5,0.002857142857142857)(6,0.0028169014084507044)(7,0.002857142857142857)(8,0.003278688524590164)(9,0.003389830508474576)(10,0.003333333333333333)
};
\addlegendentry{Natural\_ADA}

\addplot[color=green,mark=*] coordinates {
(1,0)(2,0)(3,0)(4,0)(5,0.002857142857142857)(6,0.0028169014084507044)(7,0.002857142857142857)(8,0.003076923076923077)(9,0.0031746031746031746)(10,0.003278688524590164)
};
\addlegendentry{Natural\_ADA+Context}

