size	dial	MYMO	Natural_SVM	Natural_SVM+Context	Natural_ADA	Natural_ADA+Context
1	1	0.5837616038670352	0.021052631578947368	0.021052631578947368	0.02961933870519589	0
2	2	0.7723658394981924	0.11137521222410865	0.0924812030075188	0.28198529411764706	0.18786764705882353
3	3	0.8191272536531157	0.12470854555744197	0.0924812030075188	0.47483331455187444	0.2899878509427019
4	4	0.7986746487867177	0.11111111111111112	0.08803418803418803	0.2899878509427019	0.38034802043422733
5	5	0.8032579821200511	0.12429569528961011	0.08533333333333333	0.5685833145518744	0.47785549800152544
6	6	0.8416790849327	0.12123411978221417	0.11410526315789474	0.47446566749305086	0.28659802043422733
7	7	0.8499349108436984	0.12298850574712643	0.10533333333333332	0.47483331455187444	0.5685833145518744
8	8	0.8491015775103652	0.21632183908045977	0.19238095238095237	0.6623333145518744	0.6588941611127209
9	9	0.8786989688719389	0.3530960326288469	0.28184778184778186	0.7560833145518744	0.6619656674930509
10	10	0.8905502963851128	0.4280960326288469	0.33758914193696804	0.5678480204342273	0.7526441611127209