size	dial	Natural_SVM	Natural_ADA	Natural_RF	Component	Component+Context	Natural_SVM_Context	Natural_ADA_Context	Natural_RF_Context
1	1	0.028469548006798184	0.01821457462489849	0.006877783275606135	0.48297518359795355	0.7818027210884353	0.04366166125250091	0.01134347211793196	0.00578014789187082
2	2	0.026331338071661336	0.03134357529368153	0.007854769814902705	0.61396595453853	0.9682905420232609	0.03132340890554531	0.0390644590349983	0.02005736571676193
3	3	0.028927984527107497	0.05828454799690158	0.028318764473727127	0.6087974006280925	0.9843413382183168	0.05802324469305394	0.07869013574474351	0.03550724637681159
4	4	0.0286547258794206	0.05443969247691803	0.022613306387821448	0.6424585268779524	0.9812135653700469	0.043893963268652664	0.05747944609558851	0.022788350148761682
5	5	0.039502012748777474	0.04735089354928868	0.010173303799454827	0.7210176326027405	0.9821125645208995	0.041637150326384244	0.055807098654220524	0.013332818729234405
6	6	0.03484984111554116	0.05886224131675594	0.013163967283614218	0.6904567796872565	0.9727981962216375	0.03966605989287987	0.06750046746924801	0.0198053921719211
7	7	0.03016111514747427	0.03975752039446551	0.011953444878238947	0.73887085656337	0.9756187558991165	0.04022377849402982	0.050019346754853165	0.011161809742418129
8	8	0.026554907282101324	0.07061563232452447	0.018092308621530395	0.7527117590421677	0.9857741785169715	0.047979897942907586	0.0689346410742891	0.0249933119878735
9	9	0.029829670361583044	0.06595617752180769	0.015770501256334227	0.7613325318064426	0.9806289647512407	0.05122098855570972	0.0865514688356294	0.036314416620685415
10	10	0.0313664132951061	0.06308149490074594	0.010920277379460273	0.7497722909585199	0.9796476448039071	0.045856930281797756	0.0791672438948264	0.02408346938406198