size	dial	Natural_SVM	Natural_ADA	Natural_RF	Component	Component+Context	Natural_SVM_Context	Natural_ADA_Context	Natural_RF_Context
1	1	0	0	0	0	0	0	0	0
2	2	0	0	0	0.02857142857142857	0.02857142857142857	0	0	0
3	3	0	0	0	0.04107142857142857	0.014285714285714285	0	0	0
4	4	0	0	0	0.04107142857142857	0.014285714285714285	0	0	0
5	5	0	0	0	0.026785714285714284	0	0	0	0
6	6	0	0	0	0.05535714285714286	0.02857142857142857	0.014285714285714285	0.014285714285714285	0
7	7	0	0.016666666666666666	0	0.06964285714285715	0.02857142857142857	0.014285714285714285	0.030952380952380953	0
8	8	0	0.016666666666666666	0	0.08630952380952381	0.02857142857142857	0.014285714285714285	0.030952380952380953	0
9	9	0	0.016666666666666666	0	0.10535714285714284	0.02857142857142857	0.014285714285714285	0.030952380952380953	0
10	10	0	0.016666666666666666	0	0.13035714285714284	0.02857142857142857	0	0.030952380952380953	0