size	dial	Natural_SVM	Natural_PolynomialSVM	Natural_RadialSVM	Natural_SigmoidSVM	Natural_ADA
1	1	0.066	0	0.06067415730337079	0.06534653465346535	0.09577861163227017
2	2	0.13933692920220783	0	0.12286090912956585	0.13933692920220783	0.27575425236483553
3	3	0.15865548537679686	0	0.14403934355898768	0.15865548537679686	0.19187486335351994
4	4	0.17770078115853988	0	0.17317178913905978	0.17770078115853988	0.5159908390964513
5	5	0.31806779020583065	0	0.2848715216225322	0.31806779020583065	0.6995746719804662
6	6	0.5234956606176598	0	0.48637343744751294	0.4815573856688216	0.805095876707312
7	7	0.6190074249284563	0	0.5815662029152929	0.5614240623384871	0.8316808656699927
8	8	0.676420925674073	0	0.6137387344157071	0.614331640580907	0.8617028928925479
9	9	0.6853966405962357	0	0.6474521289630357	0.6349157415233608	0.8477904986602596
10	10	0.6922261820758547	0	0.6579140025123216	0.6358593634492035	0.8474791253400366