size	dial	Natural_SVM	Natural_ADA	Natural_RF	Component	Component+Context	Natural_SVM_Context	Natural_ADA_Context	Natural_RF_Context
1	1	0	0	0	0.4898413312693498	0.7585526315789475	0	0	0
2	2	0	0	0	0.6600348297213623	0.9277476780185758	0	0	0
3	3	0.011764705882352941	0.023529411764705882	0.0058823529411764705	0.6661996904024768	0.9332739938080495	0.023529411764705882	0.041176470588235294	0
4	4	0.011764705882352941	0.04889705882352941	0	0.7145665634674921	0.9116021671826624	0.02389705882352941	0.06654411764705882	0
5	5	0.011764705882352941	0.02977941176470588	0	0.7522136222910216	0.9168653250773995	0.011764705882352941	0.02977941176470588	0
6	6	0.011764705882352941	0.02977941176470588	0	0.6850890092879257	0.9066021671826625	0.011764705882352941	0.040924922600619196	0
7	7	0.023529411764705882	0.01764705882352941	0	0.757329721362229	0.9053637770897833	0.01764705882352941	0.035042569659442725	0
8	8	0.023529411764705882	0.028792569659442723	0	0.7938041795665634	0.9112461300309598	0.023529411764705882	0.035042569659442725	0
9	9	0.01764705882352941	0.01764705882352941	0	0.79515866873065	0.90046826625387	0.023529411764705882	0.022910216718266253	0
10	10	0.01764705882352941	0.01764705882352941	0	0.7982546439628483	0.90046826625387	0.023529411764705882	0.028792569659442723	0