size	dial	Natural_SVM	Natural_ADA	Natural_RF	Component_SVM	Component_ADA
1	1	0.11494037762639968	0.355459235328334	0.03851347435525935	0.5424819296367016	0.5571711225865567
2	2	0.2547084307909534	0.5606646443617469	0.057599965578339865	0.7034141164664157	0.6928177119644104
3	3	0.5284003030120038	0.7299189221456792	0.22165692828588845	0.7714499379503528	0.7112573729832894
4	4	0.6505022558759808	0.9546965917793525	0.31988687525899107	0.7553149324675092	0.732205102789593
5	5	0.7821254301447971	0.9507824750275106	0.35448766404431414	0.7742647068980559	0.81806574062831
6	6	0.8252021737741805	0.9569306902061966	0.4681667308293617	0.805726626984615	0.8385689559015788
7	7	0.8852833027632165	0.9552265699629746	0.5812651761670462	0.8111458890958765	0.8452620517114031
8	8	0.930839056101839	0.9538704422893849	0.668168415445623	0.8410117762875924	0.8891535009513433
9	9	0.9491619948738711	0.9561769051802766	0.7382289822210124	0.8593591414741374	0.891497490104664
10	10	0.9511338227595377	0.9520500161124795	0.7444863621480022	0.8593912523442631	0.8944001804296946