size	dial	MYMO	Natural_SVM	Natural_ADA	Component_ADA	Component_SVM
1	1	0.616337811494699	0.13408688123193038	0.2928813837084237	0	0.6603327171720874
2	2	0.752185994609532	0.16518350407314114	0.5538134311505213	0	0.7601896968708332
3	3	0.7990455619488288	0.3655535616459775	0.5943197661213124	0	0.7736267583479106
4	4	0.800542044878364	0.4306371120463746	0.5659525133221778	0	0.7766391629243617
5	5	0.818194939171215	0.4576804150150803	0.6098936961472812	0	0.811447639529776
6	6	0.8444277208444909	0.5184558247387212	0.6412715671776082	0	0.8183194215040663
7	7	0.8565177028208228	0.501597830558018	0.6371184070145813	0	0.8222432528102892
8	8	0.8513533444210986	0.6284190979452369	0.7204692023743988	0	0.8233060530273886
9	9	0.8444637171692833	0.6523253665543177	0.7637282688711184	0	0.8287016973270674
10	10	0.8592334679064368	0.655614506493363	0.7558204903751047	0	0.8323529884961898