size	dial	Natural_SVM	Natural_PolynomialSVM	Natural_RadialSVM	Natural_SigmoidSVM	Natural_ADA
1	1	0.08883201247961067	0	0.07110515649000916	0.10191567065985796	0.3648402834198802
2	2	0.19480645148332235	0	0.16965198106810603	0.19641651074044042	0.5625552818258186
3	3	0.4822615216009646	0	0.4334445882630008	0.48441215198426485	0.736712585196605
4	4	0.603900444349951	0	0.5795030693864824	0.6044622421027601	0.988121427534599
5	5	0.7273132008710194	0	0.7060721950725066	0.7036155502070767	0.9784737436965649
6	6	0.787289901214239	0	0.7720268004592971	0.7619137718724784	0.987462823962241
7	7	0.8780926994958765	0	0.8726240454777944	0.861375214635629	0.9879919244913413
8	8	0.9343577429331852	0	0.9277840887104556	0.9282817181525997	0.9821322350146307
9	9	0.9652569504898965	0	0.9631263857649598	0.9636696489025949	0.9810654083095061
10	10	0.9679251205047498	0	0.966861230031719	0.9674016487046824	0.9863789285166431