\addplot[color=green,mark=*] coordinates {
(10,10)(20,20)(30,30)(40,40)(50,50)(60,60)(70,70)(80,80)(90,90)(100,100)(110,110)(120,120)(130,130)(140,140)(150,150)(160,160)(170,170)
};
\addlegendentry{dial}

\addplot[color=green,mark=*] coordinates {
(10,0.008333333333333333)(20,0.011764705882352941)(30,0.02857142857142857)(40,0.011764705882352941)(50,0.011764705882352941)(60,0.03333333333333333)(70,0.03333333333333333)(80,0.03333333333333333)(90,0.03333333333333333)(100,0.03333333333333333)(110,0.03333333333333333)(120,0.03333333333333333)(130,0.047619047619047616)(140,0.05714285714285714)(150,0.11309523809523808)(160,0.15079365079365079)(170,0)
};
\addlegendentry{Natural\_Unigram\_SVM}

\addplot[color=green,mark=*] coordinates {
(10,0.01)(20,0)(30,0.023076923076923078)(40,0)(50,0)(60,0.03636363636363636)(70,0.03636363636363636)(80,0.03636363636363636)(90,0.03636363636363636)(100,0.03636363636363636)(110,0.03636363636363636)(120,0.03636363636363636)(130,0.05194805194805195)(140,0.06666666666666667)(150,0.125)(160,0.16666666666666666)(170,0)
};
\addlegendentry{Natural\_Unigram+Context\_SVM}

\addplot[color=green,mark=*] coordinates {
(10,0.0064516129032258064)(20,0.005217391304347826)(30,0.05978558665872543)(40,0.005172413793103448)(50,0.024285714285714285)(60,0.039285714285714285)(70,0.039285714285714285)(80,0.025)(90,0.02)(100,0.02)(110,0.02)(120,0.02)(130,0.03571428571428571)(140,0.06666666666666668)(150,0.13942307692307693)(160,0.1858974358974359)(170,0)
};
\addlegendentry{Natural\_Unigram\_ADA}

\addplot[color=green,mark=*] coordinates {
(10,0.007142857142857143)(20,0.005217391304347826)(30,0.015000000000000003)(40,0.0049180327868852455)(50,0.010526315789473684)(60,0.03349436392914654)(70,0.007407407407407407)(80,0.02)(90,0.025)(100,0.025)(110,0.025)(120,0.025)(130,0.03571428571428571)(140,0.04285714285714286)(150,0.09166666666666667)(160,0.13888888888888887)(170,0)
};
\addlegendentry{Natural\_Unigram+Context\_ADA}

\addplot[color=green,mark=*] coordinates {
(10,0)(20,0)(30,0.0125)(40,0)(50,0.023529411764705882)(60,0.02)(70,0.02)(80,0.02)(90,0.02)(100,0.02)(110,0.02)(120,0.02)(130,0.028571428571428574)(140,0.04)(150,0.09166666666666667)(160,0.12222222222222223)(170,0)
};
\addlegendentry{Natural\_Unigram\_RF}

\addplot[color=green,mark=*] coordinates {
(10,0)(20,0)(30,0)(40,0)(50,0.023529411764705882)(60,0)(70,0)(80,0)(90,0.02)(100,0)(110,0)(120,0)(130,0)(140,0)(150,0)(160,0)(170,0)
};
\addlegendentry{Natural\_Unigram+Context\_RF}

\addplot[color=green,mark=*] coordinates {
(10,0.1045920745920746)(20,0.16850114707834457)(30,0.214479489578519)(40,0.25402078428394215)(50,0.2989692982456141)(60,0.346959867291884)(70,0.3335974551764026)(80,0.3862139637681434)(90,0.39486206947507263)(100,null)(110,null)(120,null)(130,null)(140,null)(150,null)(160,null)(170,null)
};
\addlegendentry{Component}

