size	dial	Natural_SVM	Natural_ADA	Natural_RF	Component
5	5	0.13214285714285715	0.13174603174603175	0.008333333333333333	0.7367063492063493
10	10	0.20436507936507936	0.2353174603174603	0.047619047619047616	0.9261904761904762
15	15	0.2492063492063492	0.28492063492063496	0.07301587301587302	0.9857142857142858
20	20	0.23670634920634917	0.2853174603174603	0.04523809523809524	0.9690476190476192
25	25	0.28154761904761905	0.2845238095238095	0.08134920634920635	0.9547619047619046
30	30	0.35654761904761906	0.23174603174603173	0.12023809523809523	0.8658730158730158
35	35	0.3297619047619048	0.22380952380952382	0.09801587301587301	0.8964285714285714
40	40	0.32142857142857145	0.2849206349206349	0.09841269841269841	0.9134920634920635
45	45	0.2761904761904762	0.3113095238095238	0.11984126984126983	0.9009920634920634
50	50	0.25952380952380955	0.3071428571428571	0.13095238095238096	0.899206349206349
55	55	0.2928571428571428	0.2845238095238095	0.1261904761904762	0.932936507936508
60	60	0.27619047619047615	0.2785714285714286	0.13134920634920633	0.9079365079365079
65	65	0.25357142857142856	0.2636904761904762	0.14563492063492062	0.8996031746031747
70	70	0.2202380952380952	0.2452380952380952	0.16329365079365077	0.8954365079365079