size	dial	Natural_SVM	Natural_ADA	Natural_RF	Component	Component+Context	Natural_SVM_Context	Natural_ADA_Context	Natural_RF_Context
1	1	0.06541961747455348	0.10681542768191576	0.02292616238723109	0.4789103894562771	0.7769576345734899	0.12435437101026567	0.14138570994713856	0.04571920975323006
2	2	0.0678829705123852	0.11062451692207076	0.020885668622379238	0.5981196532071605	0.9432659121291944	0.09328438126663899	0.14805990934542487	0.03583359199209303
3	3	0.07979031373790234	0.17078742125108873	0.06649054606900162	0.6297112654215762	0.9626049136612529	0.12446484485431586	0.1953120375412829	0.08442681913335807
4	4	0.09085139977599514	0.16031314586322193	0.04200948529651128	0.6792083947834853	0.9569468891399691	0.11743846787961543	0.20356630216802102	0.04989692026988009
5	5	0.0967034973546029	0.13259543456837203	0.0361514224124939	0.7265695185648768	0.9577262251366628	0.10057660385688956	0.16880321546396143	0.04360130452031134
6	6	0.10160425924395315	0.11984714297957119	0.03788206001724392	0.70073384943714	0.9518810239861579	0.10162766621427173	0.19599896536124226	0.04823781316573239
7	7	0.09717967385815371	0.12494713759090134	0.04714669814324972	0.7350378138463606	0.9551192720126412	0.10442846203688194	0.16408825866488594	0.045470914325063526
8	8	0.10384177755022098	0.11397384525794252	0.027798899129601918	0.7400705477124656	0.9625901640187351	0.11818885611535908	0.14761019194024433	0.05184463934994691
9	9	0.1038770816875737	0.11679982488572989	0.038882170816824574	0.7485490409106604	0.9568742193398203	0.11591910011791143	0.13293971157568554	0.04354909636951555
10	10	0.09079993689979135	0.10679478191727247	0.021670340354958784	0.7550993883388497	0.9554190753469054	0.1046232417201797	0.11983314712052946	0.03240074460924361