\addplot[color=green,mark=*] coordinates {
(10,10)(20,20)(30,30)(40,40)(50,50)(60,60)(70,70)(80,80)(90,90)(100,100)(110,110)(120,120)(130,130)(140,140)(150,150)(160,160)
};
\addlegendentry{dial}

\addplot[color=green,mark=*] coordinates {
(10,0.03333333333333333)(20,0.03333333333333333)(30,0.03333333333333333)(40,0)(50,0)(60,0)(70,0)(80,0)(90,0)(100,0)(110,0)(120,0)(130,0)(140,0)(150,0)(160,0)
};
\addlegendentry{Natural\_Unigram\_SVM}

\addplot[color=green,mark=*] coordinates {
(10,0.03333333333333333)(20,0.03333333333333333)(30,0.08333333333333333)(40,0.03333333333333333)(50,0.08333333333333333)(60,0.05)(70,0.05)(80,0.05)(90,0.05)(100,0.05)(110,0.05)(120,0.05)(130,0.05)(140,0)(150,0)(160,0)
};
\addlegendentry{Natural\_Unigram+Context\_SVM}

\addplot[color=green,mark=*] coordinates {
(10,0)(20,0)(30,0)(40,0)(50,0)(60,0)(70,0)(80,0)(90,0)(100,0)(110,0)(120,0)(130,0)(140,0)(150,0)(160,0)
};
\addlegendentry{Natural\_Unigram\_ADA}

\addplot[color=green,mark=*] coordinates {
(10,0)(20,0)(30,0.1)(40,0.1)(50,0.1)(60,0.1)(70,0.1)(80,0.1)(90,0.1)(100,0.1)(110,0.1)(120,0.1)(130,0.1)(140,0)(150,0)(160,0)
};
\addlegendentry{Natural\_Unigram+Context\_ADA}

\addplot[color=green,mark=*] coordinates {
(10,0)(20,0)(30,0)(40,0)(50,0)(60,0)(70,0)(80,0)(90,0)(100,0)(110,0)(120,0)(130,0)(140,0)(150,0)(160,0)
};
\addlegendentry{Natural\_Unigram\_RF}

\addplot[color=green,mark=*] coordinates {
(10,0)(20,0)(30,0)(40,0)(50,0)(60,0)(70,0)(80,0)(90,0)(100,0)(110,0)(120,0)(130,0)(140,0)(150,0)(160,0)
};
\addlegendentry{Natural\_Unigram+Context\_RF}

\addplot[color=green,mark=*] coordinates {
(10,0.05833333333333333)(20,0.05833333333333333)(30,0.05833333333333333)(40,0.075)(50,0.10833333333333332)(60,0.125)(70,0.125)(80,0.1)(90,0.125)(100,0.075)(110,0.075)(120,null)(130,null)(140,null)(150,null)(160,null)
};
\addlegendentry{Component}

