\addplot[color=green,mark=*] coordinates {
(10,10)(20,20)(30,30)(40,40)(50,50)(60,60)(70,70)(80,80)(90,90)(100,100)(110,110)(120,120)(130,130)(140,140)(150,150)(160,160)(170,170)
};
\addlegendentry{dial}

\addplot[color=green,mark=*] coordinates {
(10,0.06969135802469135)(20,0.20514507754761008)(30,0.23251351816771706)(40,0.23104031628224447)(50,0.2582859853734311)(60,0.28457547810133915)(70,0.32855202700552655)(80,0.3883993486557378)(90,0.40401189311377683)(100,0.4637859590814579)(110,0.4739666301253502)(120,0.4990543618044462)(130,0.49315983241669076)(140,0.496521066140862)(150,0.4613516210777615)(160,0.47270873876378466)(170,0.6545454545454545)
};
\addlegendentry{Natural\_Unigram\_SVM}

\addplot[color=green,mark=*] coordinates {
(10,0.052748024582967526)(20,0.1907523467489242)(30,0.210330067035244)(40,0.20739148652867684)(50,0.22798221176566424)(60,0.24918385795043224)(70,0.32523083473580006)(80,0.37775508995626267)(90,0.38155979255985023)(100,0.43726619053154786)(110,0.4563349336680852)(120,0.47221344373086893)(130,0.4713580337326482)(140,0.50144420718972)(150,0.4770396059897033)(160,0.47261546219048967)(170,0.6601941747572816)
};
\addlegendentry{Natural\_Unigram+Context\_SVM}

\addplot[color=green,mark=*] coordinates {
(10,0.059900558250246025)(20,0.15174594551417334)(30,0.17205222908974122)(40,0.16923105020851156)(50,0.22156741174031908)(60,0.28566218218107375)(70,0.39771235063871685)(80,0.47483232044243195)(90,0.5211473008332058)(100,0.5662220790527346)(110,0.5519773861542598)(120,0.6063978524932968)(130,0.6024400178068482)(140,0.5681902494056538)(150,0.5756003978141383)(160,0.5796599918870081)(170,0.7407407407407407)
};
\addlegendentry{Natural\_Unigram\_ADA}

\addplot[color=green,mark=*] coordinates {
(10,0.05761668565889525)(20,0.17086758892954537)(30,0.14461919959608177)(40,0.19643153101976818)(50,0.21852341623632535)(60,0.31689714074831377)(70,0.3679890803226538)(80,0.4143553908136509)(90,0.49296793851465603)(100,0.5344084281860129)(110,0.5072852732309439)(120,0.5450481023079767)(130,0.5212879226617864)(140,0.5320662768031189)(150,0.5125026452627124)(160,0.5030494300628529)(170,0.7453416149068323)
};
\addlegendentry{Natural\_Unigram+Context\_ADA}

\addplot[color=green,mark=*] coordinates {
(10,0.01935483870967742)(20,0.06428975749661184)(30,0.09035246353292216)(40,0.11695342756847663)(50,0.10643397397517088)(60,0.03841694685911104)(70,0.09930712819810465)(80,0.08741977228687815)(90,0.08920222051440509)(100,0.06725541353101017)(110,0.08469698212235525)(120,0.09276959061249883)(130,0.13373584231503485)(140,0.10037539945434681)(150,0.04411764705882353)(160,0.07821486082355648)(170,0.19718309859154928)
};
\addlegendentry{Natural\_Unigram\_RF}

\addplot[color=green,mark=*] coordinates {
(10,0.03351981351981352)(20,0.08798166527500326)(30,0.06408496732026144)(40,0.042262443438914034)(50,0.05762307211377722)(60,0.05015925229741018)(70,0.05113854918580998)(80,0.05839803312629399)(90,0.046780307678383225)(100,0.05314861585556718)(110,0.08029712759084576)(120,0.061590904300866244)(130,0.09669418963322804)(140,0.1481998556998557)(150,0.04643625955101365)(160,0.07026892054877129)(170,0.2028985507246377)
};
\addlegendentry{Natural\_Unigram+Context\_RF}

\addplot[color=green,mark=*] coordinates {
(10,0.6104344841422213)(20,0.635468045169403)(30,0.6387836047031328)(40,0.6578941732019943)(50,0.6662707411606457)(60,0.6619858879102645)(70,0.6697540219283854)(80,0.6668585248226921)(90,0.6656036315937641)(100,null)(110,null)(120,null)(130,null)(140,null)(150,null)(160,null)(170,null)
};
\addlegendentry{Component}

