\addplot[color=green,mark=*] coordinates {
(10,10)(20,20)(30,30)(40,40)(50,50)(60,60)(70,70)(80,80)(90,90)(100,100)(110,110)(120,120)(130,130)(140,140)(150,150)(160,160)(170,170)
};
\addlegendentry{dial}

\addplot[color=green,mark=*] coordinates {
(10,0.05470672787128483)(20,0.27113645242629536)(30,0.31332600900192786)(40,0.3436030569266551)(50,0.34089409453085684)(60,0.40439004457576216)(70,0.4957575389423415)(80,0.48587441269518)(90,0.5587412887161656)(100,0.5958841741220068)(110,0.609785292019281)(120,0.6000544794111363)(130,0.5333361176886944)(140,0.6048198605047921)(150,0.7629481534447288)(160,0.683564570893338)(170,0.475)
};
\addlegendentry{Natural\_Unigram\_SVM}

\addplot[color=green,mark=*] coordinates {
(10,0.011473547549496916)(20,0.23427793712988926)(30,0.28036518462220006)(40,0.2927508312462433)(50,0.28582623910478366)(60,0.39310752084964123)(70,0.4658892904270363)(80,0.46421113522642576)(90,0.5113176150033959)(100,0.541647829982371)(110,0.5721088480780923)(120,0.5659038851711498)(130,0.5085094081343265)(140,0.558190200210748)(150,0.7231053050830448)(160,0.658522128556375)(170,0.575)
};
\addlegendentry{Natural\_Unigram+Context\_SVM}

\addplot[color=green,mark=*] coordinates {
(10,0.3622784810126582)(20,0.5591810914544253)(30,0.6033025773982004)(40,0.5693024151701265)(50,0.5446362405257987)(60,0.5584766019715819)(70,0.6124195990310448)(80,0.6106003455002877)(90,0.7821167077529514)(100,0.8392071700587957)(110,0.7906531365732553)(120,0.7677896527617659)(130,0.7220722274471518)(140,0.7733041166623441)(150,0.9169337084148729)(160,0.8469983023065214)(170,0.8875)
};
\addlegendentry{Natural\_Unigram\_ADA}

\addplot[color=green,mark=*] coordinates {
(10,0.019137308728585226)(20,0.5361994211835983)(30,0.5755555555555556)(40,0.5753824017832457)(50,0.5434073248631482)(60,0.5587476863089312)(70,0.6946362433862434)(80,0.6817304824865891)(90,0.7833667077529514)(100,0.8322225598778384)(110,0.7851736845184608)(120,0.7655335675574146)(130,0.7181583331222986)(140,0.7504150260533328)(150,0.8743578767123288)(160,0.7854686219412247)(170,0.8125)
};
\addlegendentry{Natural\_Unigram+Context\_ADA}

\addplot[color=green,mark=*] coordinates {
(10,0.03302499188575138)(20,0.06504019644209517)(30,0.12672283272283275)(40,0.10796186389013393)(50,0.060510582010582)(60,0.1844676479471101)(70,0.13428737424362966)(80,0.12666807031736368)(90,0.1737900435846364)(100,0.19357385036029334)(110,0.30153493898688827)(120,0.28352793079990934)(130,0.28013472961287705)(140,0.1845773746801144)(150,0.24945086306387676)(160,0.10695468914646995)(170,0.025)
};
\addlegendentry{Natural\_Unigram\_RF}

\addplot[color=green,mark=*] coordinates {
(10,0.0038461538461538464)(20,0.09082376643403027)(30,0.1214367629557503)(40,0.13972100564356932)(50,0.13775239177137913)(60,0.12488777607764949)(70,0.16500142211168595)(80,0.15857695846781303)(90,0.1493974805530799)(100,0.17956897961149298)(110,0.27721633001239376)(120,0.16075327842815273)(130,0.2154397781436268)(140,0.13825179386823222)(150,0.20704140323147172)(160,0.04467714553330992)(170,0.0125)
};
\addlegendentry{Natural\_Unigram+Context\_RF}

\addplot[color=green,mark=*] coordinates {
(10,0.8372424247981272)(20,0.9447121820615797)(30,0.8884107638107182)(40,0.932323781429381)(50,0.9335779306134693)(60,0.9520306756906234)(70,0.9615517333939305)(80,0.9718028356503142)(90,0.9731755197117533)(100,null)(110,null)(120,null)(130,null)(140,null)(150,null)(160,null)(170,null)
};
\addlegendentry{Component}

