\addplot[color=green,mark=*] coordinates {
(1,1)(2,2)(3,3)(4,4)(5,5)(6,6)(7,7)(8,8)(9,9)(10,10)
};
\addlegendentry{dial}

\addplot[color=green,mark=*] coordinates {
(1,0)(2,0)(3,0.009523809523809523)(4,0.019457013574660634)(5,0.018526315789473686)(6,0.017756097560975608)(7,0.009523809523809523)(8,0.010526315789473684)(9,0.010526315789473684)(10,0.0058823529411764705)
};
\addlegendentry{Natural\_SVM}

\addplot[color=green,mark=*] coordinates {
(1,0)(2,0)(3,0.0039603960396039604)(4,0.0039603960396039604)(5,0.0039603960396039604)(6,0.017065390749601277)(7,0.020285087719298246)(8,0.02074074074074074)(9,0.019528619528619527)(10,0.020369532428355958)
};
\addlegendentry{Natural\_ADA}

\addplot[color=green,mark=*] coordinates {
(1,0)(2,0)(3,0)(4,0)(5,0)(6,0.008333333333333333)(7,0.008333333333333333)(8,0.012903225806451613)(9,0.00909090909090909)(10,0.014814814814814814)
};
\addlegendentry{Natural\_RF}

\addplot[color=green,mark=*] coordinates {
(1,0.13790875430551397)(2,0.27755611293489413)(3,0.2935943393838131)(4,0.32256073068829566)(5,0.3608206252162044)(6,0.3729443199180892)(7,0.37654962853238716)(8,0.3587020026442776)(9,0.3838569106687768)(10,0.4046673835918068)
};
\addlegendentry{Component}

\addplot[color=green,mark=*] coordinates {
(1,0.14727597605646386)(2,0.3822061857557946)(3,0.4394241483476625)(4,0.4571249390444437)(5,0.4864107282328698)(6,0.5576970832725309)(7,0.5682421585234885)(8,0.6854296726061432)(9,0.680376729510184)(10,0.6664238082185531)
};
\addlegendentry{Component+Context}

\addplot[color=green,mark=*] coordinates {
(1,0)(2,0)(3,0.00975609756097561)(4,0.022488755622188904)(5,0.022488755622188904)(6,0.03452089489235965)(7,0.04363636363636364)(8,0.036768886698760474)(9,0.040592203898050974)(10,0.04853372434017596)
};
\addlegendentry{Natural\_SVM\_Context}

\addplot[color=green,mark=*] coordinates {
(1,0)(2,0)(3,0.0039603960396039604)(4,0.0157251019219569)(5,0.0039603960396039604)(6,0.02606854062379669)(7,0.026658163265306123)(8,0.05243589743589744)(9,0.057460317460317455)(10,0.08148253230606173)
};
\addlegendentry{Natural\_ADA\_Context}

\addplot[color=green,mark=*] coordinates {
(1,0)(2,0)(3,0)(4,0.0125)(5,0)(6,0.021445221445221447)(7,0.016666666666666666)(8,0.015384615384615385)(9,0.016666666666666666)(10,0.019047619047619046)
};
\addlegendentry{Natural\_RF\_Context}

