\addplot[color=green,mark=*] coordinates {
(1,1)(2,2)(3,3)(4,4)(5,5)(6,6)(7,7)(8,8)(9,9)(10,10)(15,15)(20,20)(30,30)(40,40)(50,50)(60,60)(70,70)(80,80)(90,90)
};
\addlegendentry{dial}

\addplot[color=green,mark=*] coordinates {
(1,0.07626123876123876)(2,0.0828418625615422)(3,0.07255690546013127)(4,0.04857142857142857)(5,0)(6,0)(7,0)(8,0)(9,0)(10,0)(15,0)(20,0)(30,0)(40,0)(50,0)(60,0)(70,0)(80,0)(90,0)
};
\addlegendentry{Natural}

\addplot[color=green,mark=*] coordinates {
(1,0.18413181299324144)(2,0.0753979353979354)(3,0.07104220998744325)(4,0.07288095238095238)(5,0.02857142857142857)(6,0.01111111111111111)(7,0)(8,0)(9,0)(10,0)(15,0)(20,0)(30,0)(40,0)(50,0)(60,0)(70,0)(80,0)(90,0)
};
\addlegendentry{Natural+Context}

\addplot[color=green,mark=*] coordinates {
(1,0.9489790740141372)(2,0.7084086165550696)(3,0.7415425878469357)(4,0.7277859740903219)(5,0.7897635646645816)(6,0.8782632266402685)(7,0.9076837944664031)(8,0.9119914867740956)(9,0.9445348693174781)(10,0.9141027224906338)(15,0.9495719593896311)(20,0.8951227999054087)(30,0.9185015128240934)(40,0.9099208825043327)(50,0.8823029661639769)(60,0.9096719739677674)(70,0.9335411398637203)(80,0.9374820265632279)(90,0.9364935208161015)
};
\addlegendentry{Component}

\addplot[color=green,mark=*] coordinates {
(1,0.9850818858560795)(2,0.9773895781637718)(3,0.9850818858560795)(4,0.9850818858560795)(5,0.9583354583705216)(6,0.9549909767651703)(7,0.961660233434427)(8,0.961660233434427)(9,0.961660233434427)(10,0.9736858744600682)(15,0.9820515828257765)(20,0.9730772238514174)(30,0.9850818858560795)(40,0.9850818858560795)(50,0.9850818858560795)(60,0.9850818858560795)(70,0.9850818858560795)(80,0.9850818858560795)(90,0.9850818858560795)
};
\addlegendentry{Component+Context}

