size	dial	Natural_SVM	Natural_ADA	Natural_RF	Component	Component+Context	Natural_SVM_Context	Natural_ADA_Context	Natural_RF_Context
1	1	0.00926654740608229	0	0.009350163627863489	0.3166173580873276	0.44730367365440526	0.009661654135338347	0.00375	0.01413793103448276
2	2	0.00375	0.00375	0.002247191011235955	0.4787979152443243	0.5616963526654498	0.009464285714285713	0.00375	0.0019801980198019802
3	3	0.017958822786408996	0	0	0.49935452934113184	0.5800672997143189	0.010003106554830693	0	0
4	4	0.010588235294117647	0	0.0013071895424836603	0.5204175478651337	0.5863926642717489	0.02066752246469833	0.013235294117647059	0.001941747572815534
5	5	0.016363636363636365	0.005682684973302822	0.0013986013986013986	0.5225939418775069	0.5961691608315308	0.019329296693060084	0.018487819370172312	0.001834862385321101
6	6	0.00625	0	0	0.5179413944502139	0.6122057021780027	0.009453781512605041	0.013333333333333332	0.002040816326530612
7	7	0.010392482034273079	0.007184170471841706	0.0024242424242424242	0.5139427556840052	0.6223822617213948	0.031052138110961643	0.0295959595959596	0
8	8	0.018142238713667286	0.0032258064516129032	0.0015625	0.5333278889166508	0.6288562978039036	0.029256392212057235	0.014857881136950904	0
9	9	0.018315508021390377	0	0.003007518796992481	0.5273498209270606	0.6218820869686484	0.025806151520437238	0.009810874704491726	0.00871473354231975
10	10	0.014666666666666666	0	0	0.5408216805394427	0.6245853560084396	0.022307692307692306	0.00625	0