size	dial	Natural_Unigram_SVM	Natural_Unigram+Context_SVM	Natural_Unigram_ADA	Natural_Unigram+Context_ADA	Natural_Unigram_RF	Natural_Unigram+Context_RF	Component
10	10	0	0	0	0	0	0	0.10833333333333332
20	20	0	0	0	0	0	0	0.16666666666666666
30	30	0	0	0	0.1	0	0	0.19166666666666665
40	40	0	0	0	0.1	0	0	0.18333333333333332
50	50	0	0	0	0.1	0	0	0.20833333333333331
60	60	0	0	0	0.1	0	0	0.15833333333333333
70	70	0	0	0	0.1	0	0	0.18333333333333332
80	80	0	0	0	0.1	0	0	0.2583333333333333
90	90	0	0	0	0.1	0	0	0.3416666666666667
100	100	0	0	0	0.1	0	0	0.3416666666666667
110	110	0	0	0	0.1	0	0	0.4
120	120	0	0	0	0.1	0	0	null
130	130	0	0	0	0.1	0	0	null
140	140	0	0	0	0	0	0	null
150	150	0	0	0	0	0	0	null
160	160	0	0	0	0	0	0	null