\addplot[color=green,mark=*] coordinates {
(1,1)(2,2)(3,3)(4,4)(5,5)(6,6)(7,7)(8,8)(9,9)(10,10)
};
\addlegendentry{dial}

\addplot[color=green,mark=*] coordinates {
(1,0)(2,0)(3,0)(4,0)(5,0)(6,0)(7,0)(8,0)(9,0)(10,0)
};
\addlegendentry{Natural\_SVM}

\addplot[color=green,mark=*] coordinates {
(1,0)(2,0)(3,0)(4,0)(5,0)(6,0.015384615384615385)(7,0.015384615384615385)(8,0.015384615384615385)(9,0.027884615384615386)(10,0.025757575757575757)
};
\addlegendentry{Natural\_ADA}

\addplot[color=green,mark=*] coordinates {
(1,0)(2,0)(3,0)(4,0)(5,0)(6,0)(7,0)(8,0)(9,0)(10,0.008333333333333333)
};
\addlegendentry{Natural\_RF}

\addplot[color=green,mark=*] coordinates {
(1,0)(2,0.12124542124542123)(3,0.162120232708468)(4,0.17750484809308337)(5,0.16612637362637364)(6,0.17773809523809525)(7,0.22117167919799496)(8,0.24011904761904762)(9,0.30154761904761906)(10,0.35234126984126984)
};
\addlegendentry{Component}

\addplot[color=green,mark=*] coordinates {
(1,0)(2,0.13333333333333333)(3,0.21583333333333332)(4,0.2129120879120879)(5,0.27338127558715797)(6,0.2775033738191633)(7,0.36942420152946465)(8,0.3966687835728083)(9,0.46099938760929476)(10,0.530503663003663)
};
\addlegendentry{Component+Context}

\addplot[color=green,mark=*] coordinates {
(1,0)(2,0)(3,0)(4,0)(5,0)(6,0.013333333333333332)(7,0.013333333333333332)(8,0.013333333333333332)(9,0.025098039215686273)(10,0.029333333333333333)
};
\addlegendentry{Natural\_SVM\_Context}

\addplot[color=green,mark=*] coordinates {
(1,0)(2,0)(3,0)(4,0)(5,0)(6,0.015384615384615385)(7,0.015384615384615385)(8,0.015384615384615385)(9,0.04785214785214785)(10,0.04425287356321839)
};
\addlegendentry{Natural\_ADA\_Context}

\addplot[color=green,mark=*] coordinates {
(1,0)(2,0)(3,0)(4,0)(5,0)(6,0)(7,0)(8,0)(9,0)(10,0.011764705882352941)
};
\addlegendentry{Natural\_RF\_Context}

