size	dial	Natural_Unigram_SVM	Natural_Unigram+Context_SVM	Natural_Unigram_ADA	Natural_Unigram+Context_ADA	Natural_Unigram_RF	Natural_Unigram+Context_RF	Component
10	10	0.01111111111111111	0.005555555555555555	0.02222222222222222	0.02222222222222222	0.005555555555555555	0.005555555555555555	0.8716030271757826
20	20	0.005555555555555555	0.005555555555555555	0.01111111111111111	0.016666666666666666	0	0.005555555555555555	0.9720897832817336
30	30	0.005555555555555555	0.005555555555555555	0.12	0.1	0.005555555555555555	0.005555555555555555	0.9767973856209149
40	40	0.005555555555555555	0.005555555555555555	0.2	0.2	0	0.005555555555555555	0.9774165806673546
50	50	0.017777777777777774	0.005555555555555555	0.12777777777777777	0.12777777777777777	0	0	0.9941176470588236
60	60	0.017777777777777774	0.005555555555555555	0.11111111111111112	0.11111111111111112	0	0.006666666666666666	0.9947368421052631
70	70	0.11777777777777779	0.026608187134502925	0.22287581699346407	0.21699346405228756	0.006666666666666666	0	0.9947368421052631
80	80	0.11111111111111112	0.03327485380116959	0.22875816993464054	0.2111111111111111	0	0.006666666666666666	1
90	90	0.11777777777777779	0.026608187134502925	0.2111111111111111	0.2111111111111111	0	0	0.9842105263157894
100	100	0.13257309941520468	0.01637426900584795	0.2570863433092535	0.14941520467836258	0.005263157894736842	0.03222222222222222	0.9789473684210528
110	110	0.17087719298245613	0.0608187134502924	0.44074647402820777	0.3441520467836257	0.005263157894736842	0	0.9563983488132095
120	120	0.1897626418988648	0.07879256965944273	0.5066907464740281	0.4435328517371861	0	0	null
130	130	0.261984864121087	0.07846577227382182	0.5178018575851393	0.41542827657378734	0.005555555555555555	0	null
140	140	0.3011638573558078	0.12097236555440889	0.6441921797958949	0.5729847494553377	0.009259259259259259	0	null
150	150	0.32651072124756336	0.11013645224171541	0.290448343079922	0.1851851851851852	0	0	null
160	160	0.6666666666666666	0.2777777777777778	0.9444444444444444	0.5555555555555556	0	0	null