size	dial	Natural_SVM	Natural_ADA	Natural_RF	Component	Component+Context	Natural_SVM_Context	Natural_ADA_Context	Natural_RF_Context
1	1	0	0	0	0.13790875430551397	0.14727597605646386	0	0	0
2	2	0	0	0	0.27755611293489413	0.3822061857557946	0	0	0
3	3	0.009523809523809523	0.0039603960396039604	0	0.2935943393838131	0.4394241483476625	0.00975609756097561	0.0039603960396039604	0
4	4	0.019457013574660634	0.0039603960396039604	0	0.32256073068829566	0.4571249390444437	0.022488755622188904	0.0157251019219569	0.0125
5	5	0.018526315789473686	0.0039603960396039604	0	0.3608206252162044	0.4864107282328698	0.022488755622188904	0.0039603960396039604	0
6	6	0.017756097560975608	0.017065390749601277	0.008333333333333333	0.3729443199180892	0.5576970832725309	0.03452089489235965	0.02606854062379669	0.021445221445221447
7	7	0.009523809523809523	0.020285087719298246	0.008333333333333333	0.37654962853238716	0.5682421585234885	0.04363636363636364	0.026658163265306123	0.016666666666666666
8	8	0.010526315789473684	0.02074074074074074	0.012903225806451613	0.3587020026442776	0.6854296726061432	0.036768886698760474	0.05243589743589744	0.015384615384615385
9	9	0.010526315789473684	0.019528619528619527	0.00909090909090909	0.3838569106687768	0.680376729510184	0.040592203898050974	0.057460317460317455	0.016666666666666666
10	10	0.0058823529411764705	0.020369532428355958	0.014814814814814814	0.4046673835918068	0.6664238082185531	0.04853372434017596	0.08148253230606173	0.019047619047619046