\addplot[color=green,mark=*] coordinates {
(1,1)(2,2)(3,3)(4,4)(5,5)(6,6)(7,7)(8,8)(9,9)(10,10)
};
\addlegendentry{dial}

\addplot[color=green,mark=*] coordinates {
(1,0)(2,0.032)(3,0.037037037037037035)(4,0.05064935064935065)(5,0.0496969696969697)(6,0.06146167557932264)(7,0.08009803921568628)(8,0.13272961816305467)(9,0.14397611676249447)(10,0.14796771340114995)
};
\addlegendentry{Natural\_SVM}

\addplot[color=green,mark=*] coordinates {
(1,0)(2,0)(3,0)(4,0)(5,0)(6,0)(7,0)(8,0)(9,0)(10,0)
};
\addlegendentry{Natural\_PolynomialSVM}

\addplot[color=green,mark=*] coordinates {
(1,0)(2,0.034782608695652174)(3,0.03636363636363636)(4,0.05064935064935065)(5,0.0496969696969697)(6,0.06303030303030302)(7,0.08261904761904762)(8,0.13525062656641604)(9,0.14868199911543564)(10,0.1507332811667177)
};
\addlegendentry{Natural\_RadialSVM}

\addplot[color=green,mark=*] coordinates {
(1,0)(2,0.032)(3,0.037037037037037035)(4,0.05064935064935065)(5,0.0496969696969697)(6,0.0496969696969697)(7,0.07348370927318296)(8,0.07523809523809524)(9,0.07619047619047618)(10,0.06785714285714287)
};
\addlegendentry{Natural\_SigmoidSVM}

\addplot[color=green,mark=*] coordinates {
(1,0)(2,0.02727272727272727)(3,0.011764705882352941)(4,0.05264276906067951)(5,0.023717948717948717)(6,0.023717948717948717)(7,0.04183964183964184)(8,0.06454872646733112)(9,0.0850090845235971)(10,0.10510712373928337)
};
\addlegendentry{Natural\_ADA}

