size	dial	Natural_SVM	Natural_ADA	Natural_RF	Component
5	5	0.3485714285714286	0.43277777777777776	null	0.8931561078875656
10	10	0.5691841491841492	0.6619047619047619	null	0.8891815056815057
15	15	0.527063492063492	0.5754950168473186	0.41833333333333333	0.9038825066612013
20	20	0.6086968586968587	0.6630272505272505	0.5734848484848485	0.9090975116837186
25	25	0.6259890109890109	0.6405167381637971	0.6615728715728715	0.904228687978688
30	30	0.667005772005772	0.6391830391830392	0.6827310924369748	0.9109770752096236
35	35	0.7433333333333333	0.6115331890331891	0.6234210526315789	0.9067965386629314
40	40	0.7126839826839826	0.6393240093240092	0.5459096459096459	0.9158958633958635
45	45	0.6984625668449198	0.6198845598845598	null	0.8993304843304843
50	50	0.6659625668449198	0.6112121212121212	0.5866666666666667	0.9040976719072695
55	55	0.6612878787878789	0.6027272727272728	0.6438095238095237	0.8948593073593075
60	60	0.6353232062055592	0.49848484848484853	0.6234711779448621	0.9121428571428571
65	65	0.7018067226890756	0.49805555555555553	0.6348124098124097	0.9131967457829526
70	70	0.6759096605149237	0.5069728800611153	0.5877028527028527	0.9135497835497836