size	dial	Natural_Unigram_SVM	Natural_Unigram+Context_SVM	Natural_Unigram_ADA	Natural_Unigram+Context_ADA	Natural_Unigram_RF	Natural_Unigram+Context_RF	Component
1	1	0.1	0.1	0.1	0.1	0	0	0.26666666666666666
2	2	0.1	0.1	0.1	0.1	0	0	0.1
3	3	0	0.1	0	0.1	0	0	0.2
4	4	0	0.1	0	0.1	0	0	0.16666666666666666
5	5	0	0.1	0	0.1	0	0	0.13333333333333333
6	6	0	0.1	0	0.1	0	0	0.13333333333333333
7	7	0	0.1	0	0.1	0	0	0.16666666666666666
8	8	0	0.1	0	0.1	0	0	0.16666666666666666
9	9	0	0.1	0	0.1	0	0	0.19999999999999998
10	10	0	0.1	0	0.1	0	0	0.19999999999999998