size	dial	Natural_Unigram_SVM	Natural_Unigram+Context_SVM	Natural_Unigram_ADA	Natural_Unigram+Context_ADA	Natural_Unigram_RF	Natural_Unigram+Context_RF	Component
1	1	0	0	0	0	0	0	0.0608999573138828
2	2	0	0	0	0	0	0	0.059893048128342244
3	3	0	0	0	0	0	0	0.08974365631037295
4	4	0	0	0	0	0	0	0.04900793650793651
5	5	0.016666666666666666	0.046153846153846156	0.014285714285714285	0.014285714285714285	0	0	0.07484848484848486
6	6	0	0.02	0	0.015384615384615385	0	0	0.11738095238095236
7	7	0	0.02	0.00425531914893617	0.019639934533551555	0	0	0.10583333333333333
8	8	0.02	0.02	0.04357864357864358	0.07162064825930373	0	0	0.10553030303030302
9	9	0.013636363636363636	0.03875	0.05022186824439641	0.04684973302822273	0.025	0	0.10712833914053425
10	10	0.034999999999999996	0.038181818181818185	0.04843822843822844	0.047692307692307694	0	0.04	0.10336080586080584