size	dial	Natural	Natural+Context	Component	Component+Context
1	1	0	0	0.975	0.9550000000000001
2	2	0	0	0.71	0.8383333333333333
3	3	0	0	0.7	0.8383333333333333
4	4	0	0	0.8150000000000001	0.8383333333333333
5	5	0	0	0.7516666666666666	0.905
6	6	0	0	0.82	0.9216666666666666
7	7	0	0	0.7316666666666667	0.925
8	8	0	0	0.7616666666666666	0.9416666666666667
9	9	0	0	0.7616666666666666	0.9416666666666667
10	10	0	0	0.735	0.9583333333333334
15	15	0	0	0.8216666666666667	0.9383333333333332
20	20	0	0	0.8916666666666668	0.9183333333333333
30	30	0	0	0.7716666666666666	0.9383333333333332
40	40	0	0	0.755	0.9383333333333332
50	50	0	0	0.6816666666666666	0.9383333333333332
60	60	0	0	0.765	0.9383333333333332
70	70	0	0	0.8016666666666665	0.9383333333333332
80	80	0	0	0.9016666666666666	0.9383333333333332
90	90	0	0	0.9183333333333333	0.9383333333333332