\addplot[color=green,mark=*] coordinates {
(1,1)(2,2)(3,3)(4,4)(5,5)(6,6)(7,7)(8,8)(9,9)(10,10)(15,15)(20,20)(25,25)(30,30)(35,35)(40,40)(45,45)(50,50)(55,55)(60,60)(65,65)(70,70)(75,75)(80,80)(85,85)(90,90)
};
\addlegendentry{dial}

\addplot[color=green,mark=*] coordinates {
(1,0)(2,0)(3,0)(4,0)(5,0)(6,0)(7,0)(8,0.025396825396825397)(9,0.025396825396825397)(10,0.014285714285714285)(15,0.02857142857142857)(20,0.0494047619047619)(25,0.0369047619047619)(30,0.014285714285714285)(35,0)(40,0.01111111111111111)(45,0)(50,0)(55,0.01111111111111111)(60,0.01111111111111111)(65,0)(70,0)(75,0)(80,0)(85,0)(90,0)
};
\addlegendentry{Natural\_SVM}

\addplot[color=green,mark=*] coordinates {
(1,0.25)(2,0)(3,0)(4,0)(5,0)(6,0.02)(7,0.03333333333333333)(8,null)(9,null)(10,null)(15,null)(20,null)(25,null)(30,null)(35,null)(40,null)(45,null)(50,null)(55,null)(60,null)(65,null)(70,null)(75,null)(80,null)(85,null)(90,null)
};
\addlegendentry{Natural\_Ada}

\addplot[color=green,mark=*] coordinates {
(1,0)(2,0)(3,0)(4,0)(5,0)(6,0.02)(7,0)(8,0.06337662337662339)(9,0.05428571428571429)(10,null)(15,null)(20,null)(25,null)(30,null)(35,null)(40,null)(45,null)(50,null)(55,null)(60,null)(65,null)(70,null)(75,null)(80,null)(85,null)(90,null)
};
\addlegendentry{Natural\_RF}

