size	dial	Natural_Unigram_SVM	Natural_Unigram+Context_SVM	Natural_Unigram_ADA	Natural_Unigram+Context_ADA	Natural_Unigram_RF	Natural_Unigram+Context_RF	Component
10	10	0.03132597338858142	0.02592415249895565	0.02599289713291767	0.020883741056019662	0.021430503005306155	0.007276785714285713	0.9101360332871019
20	20	0.03007168989485917	0.04444947982398372	0.05821589625246852	0.07999568175273905	0.014545454545454545	0.015005537098560354	0.963849933805054
30	30	0.041774684004614586	0.05893564797118841	0.06903864306530252	0.11410160750417091	0.022222152524032805	0.03260706439259527	0.9639560330981348
40	40	0.06827374328498038	0.09354111928676914	0.09115950490969961	0.1889913307347189	0.03328418165004535	0.03512281249983308	0.9594035981761284
50	50	0.10957298330162883	0.11065199028813999	0.09336463931147158	0.19044574471989192	0.024568583954931552	0.0843713599370048	0.9623289525927647
60	60	0.14655662057454139	0.1621928042290991	0.1346166991446357	0.21142151843768686	0.07003777994312906	0.12583063042550496	0.9631267464041258
70	70	0.15369339223007217	0.182325222232919	0.14372388256711943	0.2280167182447322	0.05748149115241126	0.10259957259654232	0.9626618454648854
80	80	0.1478149512209867	0.1873472105380293	0.13720461894553815	0.2202884949208765	0.07597881010808025	0.10768467102523507	0.9646310703999964
90	90	0.15201175423682983	0.1906152788915605	0.11778615829981201	0.24241820170249428	0.06592547706186562	0.07597530818776436	0.963474340837782
100	100	0.154054117513873	0.1842553067893449	0.1315690067692032	0.2581179618340811	0.0483219859748908	0.1109250371182681	0.9609462657149322
110	110	0.15754707558684	0.20077059239805112	0.1430530646548875	0.2657562027927944	0.05568890989238752	0.10996701932167063	0.9592678553788044
120	120	0.15273624230546912	0.19325458867795892	0.12761692393483698	0.2922089535859202	0.05259711324647194	0.13015496937210663	null
130	130	0.15578965672500425	0.1940784010875845	0.1326393505505546	0.296412397942451	0.0589535309658125	0.12318016963090916	null
140	140	0.1373679076759958	0.1695686853172048	0.10908976128948518	0.3208532551722449	0.04892347171813443	0.16138938996254068	null
150	150	0.16182947487295316	0.17233594549618533	0.11845656615350976	0.3038018716987749	0.037844413756822515	0.14609470236629077	null
160	160	0.014598540145985401	0.05517241379310345	0	0.3474576271186441	0	0.13071895424836602	null