size	dial	Natural_SVM	Natural_ADA	Natural_RF	Component	Component+Context	Natural_SVM_Context	Natural_ADA_Context	Natural_RF_Context
1	1	0.02727272727272727	0.02727272727272727	0.00909090909090909	0.4	0.2809090909090909	0.05454545454545454	0.02727272727272727	0.03636363636363636
2	2	0.01818181818181818	0.01818181818181818	0	0.32595571095571096	0.2724825174825175	0.07272727272727272	0.045454545454545456	0.03636363636363636
3	3	0.038181818181818185	0.01818181818181818	0.00909090909090909	0.27356643356643356	0.3490675990675991	0.12181818181818183	0.046363636363636364	0.019090909090909092
4	4	0.01818181818181818	0.01818181818181818	0.00909090909090909	0.333006993006993	0.45412587412587413	0.06363636363636363	0.05545454545454546	0
5	5	0.04818181818181818	0.04818181818181818	0.00909090909090909	0.3873310023310023	0.499988344988345	0.07545454545454547	0.08454545454545455	0.04818181818181818
6	6	0.07484848484848486	0.07318181818181818	0.008333333333333333	0.4127156177156178	0.6048834498834499	0.07393939393939394	0.10954545454545454	0.05651515151515152
7	7	0.03	0.07393939393939394	0.017424242424242425	0.3680885780885781	0.554009324009324	0.10303030303030303	0.1459090909090909	0.044848484848484846
8	8	0.03	0.08227272727272729	0.017424242424242425	0.3852447552447552	0.725979020979021	0.0946969696969697	0.19136363636363635	0.017424242424242425
9	9	0.01	0.08227272727272729	0.017424242424242425	0.40524475524475523	0.7168881118881119	0.08636363636363636	0.19136363636363635	0.03484848484848485
10	10	0.01	0.06409090909090909	0.008333333333333333	0.41202797202797203	0.7232750582750582	0.0590909090909091	0.12772727272727274	0.018333333333333333