size	dial	Natural_SVM	Natural_ADA	Natural_RF	Component_SVM	Component_ADA
1	1	0	0	0	0.03333333333333333	0.03529411764705882
2	2	0	0	0	0.06615384615384616	0.060526315789473685
3	3	0	0	0	0.08186813186813187	0.09962962962962962
4	4	0	0	0	0.1322222222222222	0.1726739926739927
5	5	0	0	0	0.12858585858585858	0.20354700854700852
6	6	0	0	0	0.1504040404040404	0.20830891330891327
7	7	0.02	0.026666666666666665	0	0.11620915032679738	0.15752070393374742
8	8	0.02222222222222222	0.03076923076923077	0	0.10333333333333332	0.18064213564213566
9	9	0.025	0.03076923076923077	0	0.12076923076923077	0.15398692810457515
10	10	0.04444444444444444	0.05804195804195804	0	0.1417460317460318	0.19662698412698412