\addplot[color=green,mark=*] coordinates {
(1,1)(2,2)(3,3)(4,4)(5,5)(6,6)(7,7)(8,8)(9,9)(10,10)(15,15)(20,20)(30,30)(40,40)(50,50)(60,60)(70,70)(80,80)(90,90)
};
\addlegendentry{dial}

\addplot[color=green,mark=*] coordinates {
(1,0)(2,0)(3,0)(4,0)(5,0)(6,0)(7,0)(8,0)(9,0)(10,0)(15,0)(20,0)(30,0)(40,0)(50,0)(60,0)(70,0)(80,0)(90,0)
};
\addlegendentry{Natural}

\addplot[color=green,mark=*] coordinates {
(1,0)(2,0)(3,0)(4,0)(5,0)(6,0)(7,0)(8,0)(9,0)(10,0)(15,0)(20,0)(30,0)(40,0)(50,0)(60,0)(70,0)(80,0)(90,0)
};
\addlegendentry{Natural+Context}

\addplot[color=green,mark=*] coordinates {
(1,0.9583333333333334)(2,0.7708333333333334)(3,0.7708333333333334)(4,0.7083333333333334)(5,0.5)(6,0.5416666666666666)(7,0.7708333333333333)(8,0.8333333333333333)(9,0.8958333333333334)(10,0.8333333333333333)(15,0.8333333333333333)(20,0.7083333333333333)(30,0.8958333333333334)(40,0.8958333333333334)(50,0.8333333333333333)(60,0.8958333333333334)(70,0.8958333333333334)(80,0.8958333333333334)(90,0.8541666666666667)
};
\addlegendentry{Component}

\addplot[color=green,mark=*] coordinates {
(1,0.9583333333333334)(2,0.9583333333333334)(3,0.9583333333333334)(4,0.9583333333333334)(5,0.9166666666666666)(6,0.9583333333333334)(7,0.9583333333333334)(8,0.9583333333333334)(9,0.9583333333333334)(10,0.9583333333333334)(15,0.9583333333333334)(20,0.9583333333333334)(30,0.9583333333333334)(40,0.9583333333333334)(50,0.9583333333333334)(60,0.9583333333333334)(70,0.9583333333333334)(80,0.9583333333333334)(90,0.9583333333333334)
};
\addlegendentry{Component+Context}

