\addplot[color=green,mark=*] coordinates {
(1,1)(2,2)(3,3)(4,4)(5,5)(6,6)(7,7)(8,8)(9,9)(10,10)
};
\addlegendentry{dial}

\addplot[color=green,mark=*] coordinates {
(1,0)(2,0)(3,0.013574660633484165)(4,0.014074074074074072)(5,0.015592203898050975)(6,0.015592203898050975)(7,0.03331833858149648)(8,0.033933723196881094)(9,0.02793372319688109)(10,0.027407407407407408)
};
\addlegendentry{Natural\_SVM}

\addplot[color=green,mark=*] coordinates {
(1,0)(2,0)(3,0.02240215924426451)(4,0.03993241900218644)(5,0.03591093117408907)(6,0.03375406842899103)(7,0.023065500742451738)(8,0.03533549783549783)(9,0.022340710932260227)(10,0.020648809523809524)
};
\addlegendentry{Natural\_ADA}

\addplot[color=green,mark=*] coordinates {
(1,0)(2,0)(3,0.01111111111111111)(4,0)(5,0)(6,0)(7,0)(8,0)(9,0)(10,0)
};
\addlegendentry{Natural\_RF}

\addplot[color=green,mark=*] coordinates {
(1,0.36724950001265794)(2,0.5543184328825934)(3,0.5638660755876519)(4,0.5909825174869742)(5,0.6132320267130079)(6,0.5922616093270786)(7,0.6343635697265828)(8,0.6444826871322175)(9,0.6430213026231333)(10,0.6479834824981087)
};
\addlegendentry{Component}

\addplot[color=green,mark=*] coordinates {
(1,0.506823847840797)(2,0.6956261491914459)(3,0.7166368343716423)(4,0.6937597642503975)(5,0.7033343838425508)(6,0.7464971010958373)(7,0.7461323764431251)(8,0.762229342901915)(9,0.7520391763762746)(10,0.756295344359045)
};
\addlegendentry{Component+Context}

\addplot[color=green,mark=*] coordinates {
(1,0)(2,0)(3,0.025313283208020048)(4,0.029523809523809525)(5,0.015263157894736843)(6,0.015263157894736843)(7,0.025605680868838764)(8,0.03411073137388927)(9,0.03606883778360858)(10,0.036025547740318534)
};
\addlegendentry{Natural\_SVM\_Context}

\addplot[color=green,mark=*] coordinates {
(1,0)(2,0)(3,0.02757437070938215)(4,0.050940170940170934)(5,0.03377785005691982)(6,0.0466008316008316)(7,0.04528656126482213)(8,0.04423533471359558)(9,0.026212121212121207)(10,0.03659887798036465)
};
\addlegendentry{Natural\_ADA\_Context}

\addplot[color=green,mark=*] coordinates {
(1,0)(2,0)(3,0)(4,0)(5,0)(6,0)(7,0)(8,0)(9,0)(10,0)
};
\addlegendentry{Natural\_RF\_Context}

