size	dial	Natural_SVM	Natural_ADA	Natural_RF	Component	Component+Context	Natural_SVM_Context	Natural_ADA_Context	Natural_RF_Context
1	1	0.11375867365856243	0.14911012235817575	0.0034482758620689655	null	null	0.11362183731482953	0.15536486748945036	0.027009728622631846
2	2	0.19864190509644525	0.26336918813676613	0.060573987805999985	null	null	0.19738877226436505	0.2646181392130107	0.09449467197842586
3	3	0.22065981530649875	0.38780746681455075	0.06264839818378838	null	null	0.21376377968966223	0.38865246027707245	0.04031067943953606
4	4	0.18953803964576169	0.2181687590814691	0.03908315467943124	null	null	0.187391861759873	0.212488643673586	0.06642612277820989
5	5	0.2216254016719446	0.3374446676858714	0.020613314896436495	null	null	0.21359833727669333	0.3255934880125501	0.03889465041915133
6	6	0.27156750937267293	0.5013697323368888	0.02911906202287327	null	null	0.292954785426245	0.5089189214015045	0.04619335695560741
7	7	0.2648117098313222	0.4335322762569411	0.048191167574107685	null	null	0.279531913194755	0.530252706364468	0.05324863883847549
8	8	0.2941836769414194	0.45407371606335367	0.0356509785773295	null	null	0.30706919068870947	0.4540199526224934	0.04253244345569151
9	9	0.3446453063293412	0.5522282182167435	0.03463399879007865	null	null	0.358838780016697	0.5211987878769682	0.061774802226180946
10	10	0.36002614598159355	0.5491561179032638	0.06821575629842126	null	null	0.3717660387670926	0.6293335841152128	0.056203391382537805