size	dial	Natural_SVM	Natural_ADA	Natural_RF	Component	Component+Context	Natural_SVM_Context	Natural_ADA_Context	Natural_RF_Context
1	1	0	0	0	0.38333333333333336	0.26666666666666666	0	0	0
2	2	0	0	0	0.25	0.23333333333333334	0	0.1	0
3	3	0	0	0	0.30000000000000004	0.38333333333333336	0	0	0
4	4	0	0	0	0.3	0.3333333333333333	0	0	0
5	5	0	0	0	0.3	0.3833333333333333	0	0	0
6	6	0	0	0	0.25	0.4666666666666667	0	0	0
7	7	0	0	0	0.2333333333333333	0.4	0	0	0
8	8	0	0	0	0.19999999999999998	0.5666666666666667	0	0	0
9	9	0	0	0	0.14999999999999997	0.5666666666666667	0	0	0
10	10	0	0	0	0.16666666666666666	0.4833333333333333	0	0	0