\addplot[color=green,mark=*] coordinates {
(1,1)(2,2)(3,3)(4,4)(5,5)(6,6)(7,7)(8,8)(9,9)(10,10)(15,15)(20,20)(25,25)(30,30)(35,35)(40,40)(45,45)(50,50)(55,55)(60,60)(65,65)(70,70)(75,75)(80,80)(85,85)(90,90)
};
\addlegendentry{dial}

\addplot[color=green,mark=*] coordinates {
(1,0.1694462400344753)(2,0.19893724696356274)(3,0.08982456140350877)(4,0.06303030303030303)(5,0.19982905982905982)(6,0.22813330460389283)(7,0.30722222222222223)(8,0.27388888888888896)(9,0.27388888888888896)(10,0.25888888888888884)(15,0.30053057108010667)(20,0.2778643578643578)(25,0.31411282216235775)(30,0.3823786739576213)(35,0.3613752329541803)(40,0.35686395475869154)(45,0.33172932330827065)(50,0.3221214801710158)(55,0.37030075187969924)(60,0.35877684407096166)(65,0.3242997198879552)(70,0.29746732026143796)(75,0.30937908496732025)(80,0.31421568627450985)(85,0.3826871657754011)(90,0.39754901960784317)
};
\addlegendentry{Natural\_SVM}

\addplot[color=green,mark=*] coordinates {
(1,0.05157894736842106)(2,0.2705880462846407)(3,0.2529240522119779)(4,0.2529240522119779)(5,0.17714795008912657)(6,0.20630952380952383)(7,0.24124796771855594)(8,null)(9,null)(10,null)(15,null)(20,null)(25,null)(30,null)(35,null)(40,null)(45,null)(50,null)(55,null)(60,null)(65,null)(70,null)(75,null)(80,null)(85,null)(90,null)
};
\addlegendentry{Natural\_Ada}

\addplot[color=green,mark=*] coordinates {
(1,0.025)(2,0.014285714285714285)(3,0.015384615384615385)(4,0.03636363636363636)(5,0)(6,0.10493506493506492)(7,0.06038461538461539)(8,0.07222222222222222)(9,0)(10,null)(15,null)(20,null)(25,null)(30,null)(35,null)(40,null)(45,null)(50,null)(55,null)(60,null)(65,null)(70,null)(75,null)(80,null)(85,null)(90,null)
};
\addlegendentry{Natural\_RF}

