size	dial	Natural_Unigram_SVM	Natural_Unigram+Context_SVM	Natural_Unigram_ADA	Natural_Unigram+Context_ADA	Natural_Unigram_RF	Natural_Unigram+Context_RF	Component
10	10	0	0	0.013333333333333332	0.00909090909090909	0	0	0
20	20	0	0	0	0	0	0	0.01886792452830189
30	30	0	0	0	0	0	0	0.0125
40	40	0.0125	0	0	0	0	0	0.006896551724137931
50	50	0.0125	0	0.00909090909090909	0	0	0	0.01568627450980392
60	60	0.014285714285714285	0.02	0.007547169811320755	0	0	0	0.02033898305084746
70	70	0.015384615384615385	0.03355263157894737	0.005714285714285714	0.008695652173913044	0	0	0.0196078431372549
80	80	0.014814814814814814	0.0225	0.01	0.00909090909090909	0	0	0.04257703081232493
90	90	0.014814814814814814	0.0225	0	0.00851063829787234	0	0	0.044047619047619044
100	100	0.017391304347826087	0.04832535885167464	0.00625	0.006896551724137931	0	0	null
110	110	0.019047619047619046	0.04832535885167464	0.02389705882352941	0.05754901960784313	0	0	null
120	120	0.01	0.03968253968253968	0.034354575163398696	0.04117997198879551	0	0.0125	null
130	130	0	0.04081632653061224	0.010714285714285714	0.05238095238095238	0	0	null
140	140	0	0.021052631578947368	0.02222222222222222	0	0	0	null
150	150	0	0	0.05718954248366013	0.0722689075630252	0	0	null
160	160	0	0	0	0.06349206349206349	0	0	null
170	170	0	0	0.18181818181818182	0.2222222222222222	0	0	null