size	dial	Natural_SVM	Natural_ADA	Natural_RF	Component	Component+Context	Natural_SVM_Context	Natural_ADA_Context	Natural_RF_Context
1	1	0	0	0	0	0	0	0	0
2	2	0	0	0	0.12124542124542123	0.13333333333333333	0	0	0
3	3	0	0	0	0.162120232708468	0.21583333333333332	0	0	0
4	4	0	0	0	0.17750484809308337	0.2129120879120879	0	0	0
5	5	0	0	0	0.16612637362637364	0.27338127558715797	0	0	0
6	6	0	0.015384615384615385	0	0.17773809523809525	0.2775033738191633	0.013333333333333332	0.015384615384615385	0
7	7	0	0.015384615384615385	0	0.22117167919799496	0.36942420152946465	0.013333333333333332	0.015384615384615385	0
8	8	0	0.015384615384615385	0	0.24011904761904762	0.3966687835728083	0.013333333333333332	0.015384615384615385	0
9	9	0	0.027884615384615386	0	0.30154761904761906	0.46099938760929476	0.025098039215686273	0.04785214785214785	0
10	10	0	0.025757575757575757	0.008333333333333333	0.35234126984126984	0.530503663003663	0.029333333333333333	0.04425287356321839	0.011764705882352941