size	dial	Natural_SVM	Natural_ADA	Natural_RF	Component	Component+Context	Natural_SVM_Context	Natural_ADA_Context	Natural_RF_Context
1	1	0.05869565217391305	0.09519927536231884	0.002173913043478261	null	null	0.07364685004436558	0.08478260869565217	0.06086956521739131
2	2	0.09335340022296543	0.19295568561872908	0.025905797101449274	null	null	0.10874470457079152	0.2081730769230769	0.02310507246376812
3	3	0.10423021181716834	0.3169593088071349	0.010778985507246376	null	null	0.11962151616499443	0.3154384057971015	0.07173913043478261
4	4	0.11570847268673354	0.510528149386845	0.030852842809364546	null	null	0.11987513935340025	0.5864528985507246	0.02990579710144927
5	5	0.19280690737833592	0.7981347973972197	0.02063139603667554	null	null	0.20197438172593452	0.7899826234841762	0.01894395149364093
6	6	0.3870550303733534	0.8734971162377996	0.055163708961845616	null	null	0.3812505574136008	0.890344942324756	0.05014276613655495
7	7	0.4976282563192501	0.949940845903579	0.09247160603371783	null	null	0.49193783131981894	0.9520241792369122	0.11005065069506063
8	8	0.5389108365754329	0.9685632948831706	0.09350569358178054	null	null	0.546048170773326	0.960442546583851	0.0928013901212659
9	9	0.5819171216981777	0.9336901064773736	0.1500030316474416	null	null	0.5784583304893863	0.9489074977817215	0.13204029872818693
10	10	0.6026229040111027	0.9529891304347826	0.11347241940254363	null	null	0.6092538563920551	0.9529891304347826	0.08678593611357585