\addplot[color=green,mark=*] coordinates {
(10,10)(20,20)(30,30)(40,40)(50,50)(60,60)(70,70)(80,80)(90,90)(100,100)(110,110)(120,120)(130,130)(140,140)(150,150)(160,160)
};
\addlegendentry{dial}

\addplot[color=green,mark=*] coordinates {
(10,0)(20,0.03076923076923077)(30,0.027586206896551724)(40,0.026666666666666665)(50,0.027586206896551724)(60,0.06640926640926641)(70,0.07064935064935066)(80,0.18406972189580886)(90,0.1925997425997426)(100,0.17422022422022426)(110,0.1753539597657245)(120,0.1743487733257554)(130,0.16337326407806957)(140,0.16205949656750573)(150,0.13043478260869565)(160,0.5)
};
\addlegendentry{Natural\_Unigram\_SVM}

\addplot[color=green,mark=*] coordinates {
(10,0)(20,0.045)(30,0.041176470588235294)(40,0.04242424242424243)(50,0.027586206896551724)(60,0.06857142857142857)(70,0.065)(80,0.16939503732981992)(90,0.16495059288537547)(100,0.1778874458874459)(110,0.17995641140468727)(120,0.17112090571255725)(130,0.21140015776425516)(140,0.1983556832694764)(150,0.20689655172413793)(160,0.35294117647058826)
};
\addlegendentry{Natural\_Unigram+Context\_SVM}

\addplot[color=green,mark=*] coordinates {
(10,0)(20,0.03)(30,0.020512820512820513)(40,0.020512820512820513)(50,0.020512820512820513)(60,0.05251282051282051)(70,0.05507692307692308)(80,0.12933333333333336)(90,0.13172222222222224)(100,0.12309584472753951)(110,0.12181992766214877)(120,0.12080952380952381)(130,0.11907894736842106)(140,0.07981571159537261)(150,0.1016949152542373)(160,0.14285714285714285)
};
\addlegendentry{Natural\_Unigram\_ADA}

\addplot[color=green,mark=*] coordinates {
(10,0)(20,0.04)(30,0.023076923076923078)(40,0.023076923076923078)(50,0.023076923076923078)(60,0.03974358974358975)(70,0.062)(80,0.08143939393939394)(90,0.10452747252747252)(100,0.13181454399941794)(110,0.14525610244097636)(120,0.10810457516339869)(130,0.13257711889787363)(140,0.12222222222222223)(150,0.2027092404450895)(160,0.2857142857142857)
};
\addlegendentry{Natural\_Unigram+Context\_ADA}

\addplot[color=green,mark=*] coordinates {
(10,0)(20,0.016666666666666666)(30,0.015384615384615385)(40,0)(50,0.01818181818181818)(60,0.030952380952380953)(70,0.03333333333333333)(80,0.04818181818181818)(90,0.029292929292929294)(100,0.07880452880452879)(110,0.08484848484848484)(120,0.09437229437229437)(130,0.12106227106227105)(140,0.05808080808080809)(150,0.1111111111111111)(160,0)
};
\addlegendentry{Natural\_Unigram\_RF}

\addplot[color=green,mark=*] coordinates {
(10,0)(20,0)(30,0.03076923076923077)(40,0.021052631578947368)(50,0.03333333333333333)(60,0.075)(70,0.046153846153846156)(80,0.033566433566433566)(90,0.06666666666666667)(100,0.06561771561771561)(110,0.06)(120,0.13722943722943723)(130,0.05952380952380952)(140,0.08158508158508158)(150,0.19047619047619047)(160,0)
};
\addlegendentry{Natural\_Unigram+Context\_RF}

\addplot[color=green,mark=*] coordinates {
(10,0.06)(20,0.08925925925925926)(30,0.09586466165413535)(40,0.12253694581280787)(50,0.1801111111111111)(60,0.2543801391524352)(70,0.2638860159448395)(80,0.281450058655941)(90,0.29241450216450215)(100,0.3066293891293891)(110,0.24041520026814145)(120,null)(130,null)(140,null)(150,null)(160,null)
};
\addlegendentry{Component}

