\addplot[color=green,mark=*] coordinates {
(1,1)(2,2)(3,3)(4,4)(5,5)(6,6)(7,7)(8,8)(9,9)(10,10)
};
\addlegendentry{dial}

\addplot[color=green,mark=*] coordinates {
(1,0.6082374723806725)(2,0.8461298647101586)(3,0.8607241111833936)(4,0.8294979324482867)(5,0.8756052581768289)(6,0.9261499595578396)(7,0.9357659575948905)(8,0.9388428656603821)(9,0.9358870043174241)(10,0.9478203490594451)
};
\addlegendentry{MYMO}

\addplot[color=green,mark=*] coordinates {
(1,0.13258735455620885)(2,0.2237946553443304)(3,0.24808628699325969)(4,0.19786181820313314)(5,0.23599179167793416)(6,0.3051488798005395)(7,0.31099845925529435)(8,0.3321343671062657)(9,0.3919151530318909)(10,0.40925464705659076)
};
\addlegendentry{Natural\_SVM}

\addplot[color=green,mark=*] coordinates {
(1,0.12866853823472288)(2,0.20584702393729967)(3,0.222546391219771)(4,0.18358578772020606)(5,0.2113588865778433)(6,0.28164897962655705)(7,0.2846674238861464)(8,0.2986692237567478)(9,0.3599549514097843)(10,0.38477405888740124)
};
\addlegendentry{Natural\_SVM+Context}

\addplot[color=green,mark=*] coordinates {
(1,0.15600667408231367)(2,0.220366706747188)(3,0.3992090241004239)(4,0.1922308373540737)(5,0.28200607119464327)(6,0.44120264795927816)(7,0.44835986246383763)(8,0.4402806126150779)(9,0.5487799423546745)(10,0.531705752177036)
};
\addlegendentry{Natural\_ADA}

\addplot[color=green,mark=*] coordinates {
(1,0.13106008439712555)(2,0.2983056672656228)(3,0.29878936452966076)(4,0.2152193431012001)(5,0.2889358957560468)(6,0.3850622970820851)(7,0.4866555131732815)(8,0.4573276843173219)(9,0.5488948848834101)(10,0.5592135891676315)
};
\addlegendentry{Natural\_ADA+Context}

