\addplot[color=green,mark=*] coordinates {
(1,1)(2,2)(3,3)(4,4)(5,5)(6,6)(7,7)(8,8)(9,9)(10,10)(15,15)(20,20)(30,30)(40,40)(50,50)(60,60)(70,70)(80,80)(90,90)
};
\addlegendentry{dial}

\addplot[color=green,mark=*] coordinates {
(1,0)(2,0)(3,0)(4,0)(5,0)(6,0)(7,0)(8,0)(9,0.16826923076923078)(10,0.13436609686609685)(15,0.2467291531997414)(20,0.27481699841740415)(30,0.6061347130889407)(40,0.694299771804873)(50,0.7228584617294296)(60,0.7195797214113432)(70,0.730846243927738)(80,0.7378540577949733)(90,0.7617786861529108)
};
\addlegendentry{Natural}

\addplot[color=green,mark=*] coordinates {
(1,0)(2,0)(3,0)(4,0)(5,0)(6,0)(7,0.385769828069576)(8,0.39410316140290935)(9,0.4627960508160731)(10,0.4568220248420471)(15,0.4746199408270346)(20,0.7400523302390875)(30,0.8078081755206068)(40,0.8206955504178151)(50,0.8360956149370782)(60,0.8401126699387568)(70,0.8437818991979196)(80,0.8505357948641004)(90,0.8556927322672891)
};
\addlegendentry{Natural+Context}

\addplot[color=green,mark=*] coordinates {
(1,0)(2,0.39585004801688256)(3,0.3152364429257233)(4,0.32391142807129664)(5,0.31652506443493306)(6,0.32351927120855156)(7,0.4107638948644656)(8,0.4107638948644656)(9,0.4956782844890261)(10,0.4937611356651604)(15,0.4971658179394079)(20,0.49530083350863396)(30,0.7073096427712657)(40,0.7958254335963313)(50,0.7813731019291895)(60,0.8126486722539354)(70,0.8199343865396497)(80,0.8447987722399486)(90,0.8368370391596198)
};
\addlegendentry{Component}

\addplot[color=green,mark=*] coordinates {
(1,0)(2,0.03169230769230769)(3,0.008695652173913044)(4,0.008695652173913044)(5,0.008695652173913044)(6,0.05869565217391304)(7,0.39002668326001394)(8,0.3825092007425314)(9,0.39162694563082606)(10,0.4330698226893879)(15,0.49444485854702575)(20,0.7552621292305653)(30,0.7301059731173931)(40,0.7860562888872571)(50,0.7846637426900585)(60,0.7870741231267546)(70,0.7937484038971452)(80,0.8109192259656656)(90,0.8164866932513991)
};
\addlegendentry{Component+Context}

