size	dial	Natural_SVM	Natural_ADA	Natural_RF	Component	Component+Context	Natural_SVM_Context	Natural_ADA_Context	Natural_RF_Context
1	1	0.008	0.006060606060606061	0.011764705882352941	0.19241441600440182	0.1628412513358593	0.024	0.006060606060606061	0.021052631578947368
2	2	0.01292929292929293	0.017681159420289853	0	0.304387545440177	0.3387672025331872	0.04824561403508772	0.025454545454545452	0.013559322033898305
3	3	0.01757662835249042	0.007794871794871795	0.01	0.2748013178848094	0.3710185833999222	0.07995495495495494	0.026785714285714284	0.026515151515151512
4	4	0.018695652173913044	0.010677382319173364	0.013333333333333332	0.34122308977572136	0.4657839548365863	0.05438596491228069	0.032180451127819545	0
5	5	0.02568573667711599	0.016666666666666666	0.01	0.39705460301280737	0.48054964057803806	0.04745657246564687	0.03223012281835812	0.05926470588235294
6	6	0.05106107514776246	0.03137622778942721	0.011764705882352941	0.4308165634674922	0.5707423437602466	0.06069548872180451	0.059054083171730234	0.06505050505050505
7	7	0.016216216216216217	0.030028731879326108	0.028717948717948714	0.4121713330641181	0.5558680926916221	0.08073700310286283	0.07541035353535354	0.056862745098039215
8	8	0.016216216216216217	0.03447008547008547	0.024444444444444442	0.4530152640766453	0.7151848621143974	0.0725423561859732	0.08543942330279539	0.0225
9	9	0.0064516129032258064	0.03276594023087712	0.022291021671826623	0.4643840617586748	0.7078530165486686	0.061466857610474636	0.0858270202020202	0.04722222222222222
10	10	0.01	0.02698197242841994	0.013333333333333332	0.4848506069094304	0.7110135841170324	0.04168819982773471	0.07171717171717172	0.02583333333333333