size	dial	Natural_SVM	Natural_ADA	Natural_RF	Component	Component+Context	Natural_SVM_Context	Natural_ADA_Context	Natural_RF_Context
1	1	0	0	0	0.09228019588922533	0.14769820971867004	0	0	0
2	2	0	0	0	0.18634920634920635	0.2533333333333333	0	0	0
3	3	0	0	0	0.1850341614906832	0.25833333333333336	0	0	0
4	4	0	0	0	0.22320346320346324	0.3937373737373737	0	0	0
5	5	0	0	0	0.23566517711679005	0.343030303030303	0	0	0
6	6	0	0	0	0.2223809523809524	0.3857142857142857	0	0	0
7	7	0	0	0	0.2796969696969697	0.44857142857142857	0	0	0
8	8	0	0	0	0.248975468975469	0.5454761904761904	0	0	0
9	9	0	0	0	0.23382395382395385	0.5335714285714286	0	0	0
10	10	0	0	0	0.25192141192141193	0.49944444444444447	0	0	0