size	dial	MYMO	Natural_SVM	Natural_SVM+Context	Natural_ADA	Natural_ADA+Context
1	1	0.5641199201807925	0.09171549959282259	0.0926813295499627	0.21406036957351166	0.23343221070105513
2	2	0.7021066751670266	0.22036769792818406	0.2363003783476237	0.46322534126658643	0.3193950425649102
3	3	0.7332229396695013	0.25539336581297917	0.24602340741834983	0.41831870313373204	0.5306507573994205
4	4	0.7751379321336971	0.2661007018485176	0.2722159303665639	0.6076377337273822	0.6619123965837536
5	5	0.7739039598833254	0.28255603466510343	0.2888616730055508	0.6833527226629315	0.7980398838937163
6	6	0.796593195028197	0.5237038007581256	0.48714128345938323	0.7036590527977064	0.7376424702927603
7	7	0.8238605522689628	0.6173648764576434	0.5605470588217003	0.7875375067128993	0.877894921371492
8	8	0.8323411215195753	0.7230211169333621	0.6654359741125176	0.8340155028660835	0.8729604778979496
9	9	0.8222561584352672	0.7397730767631414	0.7007274102923471	0.8331934048524079	0.8853681139427773
10	10	0.8355246794358819	0.7365399723043403	0.7008025020692082	0.8479637613655819	0.8853187624907903