size	dial	Natural	Natural+Context	Component	Component+Context
1	1	0	0	0.8901785714285714	0.8901785714285714
2	2	0	0	0.7916666666666666	0.9151785714285714
3	3	0	0	0.7916666666666666	0.8901785714285714
4	4	0	0	0.75	0.8901785714285714
5	5	0	0	0.48214285714285715	0.8604166666666666
6	6	0	0	0.5416666666666666	0.8901785714285714
7	7	0	0	0.7485119047619048	0.8901785714285714
8	8	0	0	0.8110119047619048	0.8901785714285714
9	9	0	0	0.8526785714285714	0.8901785714285714
10	10	0	0	0.8110119047619048	0.8901785714285714
15	15	0	0	0.8229166666666666	0.8901785714285714
20	20	0	0	0.6860119047619048	0.8901785714285714
30	30	0	0	0.8645833333333334	0.8901785714285714
40	40	0	0	0.88125	0.8901785714285714
50	50	0	0	0.8229166666666666	0.8901785714285714
60	60	0	0	0.8645833333333334	0.8901785714285714
70	70	0	0	0.8645833333333334	0.8901785714285714
80	80	0	0	0.8526785714285714	0.8901785714285714
90	90	0	0	0.8303571428571428	0.8901785714285714