\addplot[color=green,mark=*] coordinates {
(1,1)(2,2)(3,3)(4,4)(5,5)(6,6)(7,7)(8,8)(9,9)(10,10)
};
\addlegendentry{dial}

\addplot[color=green,mark=*] coordinates {
(1,0.48800767574215553)(2,0.6384313208128952)(3,0.7926660066271647)(4,0.8045432029181251)(5,0.866613419617496)(6,0.9023386471278962)(7,0.913210855666103)(8,0.9212975226852388)(9,0.9503883389472125)(10,0.9578063687067706)
};
\addlegendentry{MYMO}

\addplot[color=green,mark=*] coordinates {
(1,0.07110515649000916)(2,0.16965198106810603)(3,0.4334445882630008)(4,0.5795030693864824)(5,0.7060721950725066)(6,0.7720268004592971)(7,0.8726240454777944)(8,0.9277840887104556)(9,0.9631263857649598)(10,0.966861230031719)
};
\addlegendentry{Natural\_SVM}

\addplot[color=green,mark=*] coordinates {
(1,0.2391224659637944)(2,0.5749148323876161)(3,0.8329733076805967)(4,0.9870688853055862)(5,0.9790028442256654)(6,0.9879947388558581)(7,0.9879919244913413)(8,0.9810684052273967)(9,0.9810654083095061)(10,0.9741448859634518)
};
\addlegendentry{Natural\_ADA}

\addplot[color=green,mark=*] coordinates {
(1,0)(2,0)(3,0)(4,0)(5,0)(6,0)(7,0)(8,0)(9,0)(10,0)
};
\addlegendentry{Component\_ADA}

\addplot[color=green,mark=*] coordinates {
(1,0.6286188629552337)(2,0.7300933345552184)(3,0.7973575883111212)(4,0.8016690271059757)(5,0.8572240959777855)(6,0.8902999538524836)(7,0.863180513912245)(8,0.8647839947378797)(9,0.8816134235034013)(10,0.8779543650600987)
};
\addlegendentry{Component\_SVM}

