\addplot[color=green,mark=*] coordinates {
(1,1)(2,2)(3,3)(4,4)(5,5)(6,6)(7,7)(8,8)(9,9)(10,10)
};
\addlegendentry{dial}

\addplot[color=green,mark=*] coordinates {
(1,0.3620390720760012)(2,0.46623603566391913)(3,0.5499967460534334)(4,0.572207448456814)(5,0.6054343634087084)(6,0.6490776426647475)(7,0.6695895337204217)(8,0.6761060272422146)(9,0.6938989559360143)(10,0.7029445226443334)
};
\addlegendentry{MYMO}

\addplot[color=green,mark=*] coordinates {
(1,0.08442089387612121)(2,0.15160579436239646)(3,0.24260452008075406)(4,0.3078282042093209)(5,0.36564535778840923)(6,0.45482723130903124)(7,0.5019700671920271)(8,0.5432616294085574)(9,0.5661411540789619)(10,0.5860591922752136)
};
\addlegendentry{Natural\_SVM}

\addplot[color=green,mark=*] coordinates {
(1,0.10748044267062473)(2,0.1759697124129779)(3,0.25126983981383294)(4,0.3181008837186263)(5,0.36736005452707976)(6,0.45267529292831765)(7,0.4982191303493835)(8,0.545341298718351)(9,0.5669616993897538)(10,0.5818882948429961)
};
\addlegendentry{Natural\_SVM+Context}

\addplot[color=green,mark=*] coordinates {
(1,0.178571890024238)(2,0.3475411006812027)(3,0.4650894626662314)(4,0.5313037836412957)(5,0.549434854934054)(6,0.5877312251305069)(7,0.6104493894890621)(8,0.6265230829716855)(9,0.6389722197971305)(10,0.6492775820032508)
};
\addlegendentry{Natural\_ADA}

\addplot[color=green,mark=*] coordinates {
(1,0.18445476459589227)(2,0.36426912561599806)(3,0.4710137257048075)(4,0.5326433997251024)(5,0.5696560347550389)(6,0.5912694695317269)(7,0.6241833862504907)(8,0.6287053086964731)(9,0.6455044147652262)(10,0.6570973580082339)
};
\addlegendentry{Natural\_ADA+Context}

