\addplot[color=green,mark=*] coordinates {
(1,1)(2,2)(3,3)(4,4)(5,5)(6,6)(7,7)(8,8)(9,9)(10,10)(15,15)(20,20)(30,30)(40,40)(50,50)(60,60)(70,70)(80,80)(90,90)
};
\addlegendentry{dial}

\addplot[color=green,mark=*] coordinates {
(1,0)(2,0)(3,0.07142857142857142)(4,0.07142857142857142)(5,0.07142857142857142)(6,0.07142857142857142)(7,0.07142857142857142)(8,0.07142857142857142)(9,0)(10,0)(15,null)(20,0)(30,null)(40,0)(50,0)(60,0)(70,0)(80,0)(90,0)
};
\addlegendentry{Natural}

\addplot[color=green,mark=*] coordinates {
(1,0)(2,0)(3,0.07142857142857142)(4,0.07142857142857142)(5,0.07142857142857142)(6,0.07142857142857142)(7,0.07142857142857142)(8,0.07142857142857142)(9,0.07142857142857142)(10,0.07142857142857142)(15,null)(20,0)(30,null)(40,0)(50,0)(60,0)(70,0)(80,0)(90,0)
};
\addlegendentry{Natural+Context}

\addplot[color=green,mark=*] coordinates {
(1,0)(2,0.19047619047619047)(3,0.11904761904761904)(4,0.11904761904761904)(5,0.11904761904761904)(6,0.11904761904761904)(7,0.19047619047619047)(8,0.2619047619047619)(9,0.2619047619047619)(10,0.2619047619047619)(15,null)(20,0.3333333333333333)(30,null)(40,0.2857142857142857)(50,0.2857142857142857)(60,0.3333333333333333)(70,0.3333333333333333)(80,0.3333333333333333)(90,0.3333333333333333)
};
\addlegendentry{Component}

\addplot[color=green,mark=*] coordinates {
(1,0)(2,0.14285714285714285)(3,0.19047619047619047)(4,0.19047619047619047)(5,0.07142857142857142)(6,0.11904761904761904)(7,0.19047619047619047)(8,0.2619047619047619)(9,0.2619047619047619)(10,0.2619047619047619)(15,null)(20,0.3333333333333333)(30,null)(40,0.2857142857142857)(50,0.3333333333333333)(60,0.3333333333333333)(70,0.3333333333333333)(80,0.3333333333333333)(90,0.3333333333333333)
};
\addlegendentry{Component+Context}

