size	dial	Natural_SVM	Natural_ADA	Natural_RF	Component	Component+Context	Natural_SVM_Context	Natural_ADA_Context	Natural_RF_Context
1	1	0	0	0	0.06666666666666667	0	0	0	0
2	2	0	0	0	0.06666666666666667	0.06666666666666667	0	0	0
3	3	0	0	0	0.14666666666666667	0.15666666666666668	0	0.00425531914893617	0
4	4	0	0	0	0.15	0.15	0	0	0
5	5	0	0	0	0.17333333333333334	0.18333333333333332	0	0	0
6	6	0	0	0	0.12333333333333334	0.19	0	0	0
7	7	0	0	0	0.10666666666666666	0.18	0	0	0
8	8	0	0	0	0.11857142857142858	0.13	0	0	0
9	9	0	0	0	0.06857142857142857	0.10857142857142858	0	0	0
10	10	0	0	0	0.07857142857142857	0.12333333333333334	0	0	0