\addplot[color=green,mark=*] coordinates {
(1,1)(2,2)(3,3)(4,4)(5,5)(6,6)(7,7)(8,8)(9,9)(10,10)(15,15)(20,20)(30,30)(40,40)(50,50)(60,60)(70,70)(80,80)(90,90)
};
\addlegendentry{dial}

\addplot[color=green,mark=*] coordinates {
(1,null)(2,null)(3,0.25)(4,null)(5,0.3485714285714286)(6,0.4446428571428571)(7,0.5938167388167388)(8,0.5960164835164835)(9,0.5868864468864469)(10,0.5774358974358974)(15,0.5406489262371614)(20,0.6223290598290598)(30,0.665079365079365)(40,0.7377380952380952)(50,0.666060606060606)(60,0.6254761904761904)(70,0.6675763271815903)(80,0.6579125844915319)(90,0.6523809523809524)
};
\addlegendentry{Natural}

\addplot[color=green,mark=*] coordinates {
(1,null)(2,null)(3,null)(4,null)(5,0.40428571428571425)(6,0.4384890109890109)(7,0.6165350877192983)(8,0.5970998007840114)(9,0.6052869352869352)(10,0.5785020535020535)(15,0.5027671837965956)(20,0.5841806722689075)(30,0.6830154486036839)(40,0.6833558254610886)(50,0.6652922077922078)(60,0.6485714285714286)(70,0.6022243107769424)(80,0.6796010860484545)(90,0.6617451992451991)
};
\addlegendentry{Natural+Context}

\addplot[color=green,mark=*] coordinates {
(1,0.8946972635207929)(2,0.8438478331704138)(3,0.8785729413955222)(4,0.8673891252117059)(5,0.8912380630122566)(6,0.895079185520362)(7,0.8828238653238654)(8,0.880139353400223)(9,0.8900549450549452)(10,0.9297585309427415)(15,0.9038825066612013)(20,0.9081547619047619)(30,0.9121927497789566)(40,0.9177922077922078)(50,0.9048992673992675)(60,0.9121428571428571)(70,0.9136729362591431)(80,0.9136729362591431)(90,0.913632469479546)
};
\addlegendentry{Component}

\addplot[color=green,mark=*] coordinates {
(1,0.8952800431442703)(2,0.8932287610929881)(3,0.8943276621918892)(4,0.8943276621918892)(5,0.892994475568005)(6,0.8942127196631537)(7,0.8950112544616886)(8,0.8950112544616886)(9,0.8950112544616886)(10,0.8952800431442703)(15,0.8986133764776036)(20,0.8952800431442703)(30,0.900994328858556)(40,0.8952800431442703)(50,0.8952800431442703)(60,0.8952800431442703)(70,0.8952800431442703)(80,0.8952800431442703)(90,0.8952800431442703)
};
\addlegendentry{Component+Context}

