\addplot[color=green,mark=*] coordinates {
(1,1)(2,2)(3,3)(4,4)(5,5)(6,6)(7,7)(8,8)(9,9)(10,10)(15,15)(20,20)(30,30)(40,40)(50,50)(60,60)(70,70)(80,80)(90,90)
};
\addlegendentry{dial}

\addplot[color=green,mark=*] coordinates {
(1,0.015384615384615385)(2,0.03076923076923077)(3,0.03891767205727161)(4,0.04057692307692308)(5,0.06905272952853599)(6,0.11773422748923304)(7,0.3136324956096924)(8,0.3549141048050948)(9,0.3322217971127871)(10,0.3021035175428946)(15,0.2486004178431876)(20,0.30395457712476626)(30,0.2598657177083206)(40,0.23572797206501325)(50,0.24541286411030566)(60,0.2293098579210926)(70,0.3237074150358355)(80,0.2797971586255791)(90,0.3394804249328721)
};
\addlegendentry{Natural}

\addplot[color=green,mark=*] coordinates {
(1,0.019384615384615386)(2,0.05384615384615384)(3,0.06543545534924847)(4,0.03891025641025641)(5,0.09552067824648469)(6,0.14141270927811528)(7,0.3837649270455166)(8,0.3734550192114152)(9,0.38114732690372294)(10,0.3183293239945075)(15,0.24910230740709047)(20,0.30012047574227774)(30,0.29903646298084563)(40,0.27869181569264995)(50,0.27448612418356577)(60,0.2955493425743704)(70,0.32045144686607424)(80,0.33854408541032566)(90,0.34276203412827433)
};
\addlegendentry{Natural+Context}

\addplot[color=green,mark=*] coordinates {
(1,0.9765476190476189)(2,0.5565740525696032)(3,0.6334723777335011)(4,0.6144170170763609)(5,0.7222204219584641)(6,0.8255748807180954)(7,0.8489807376531514)(8,0.8580539977264114)(9,0.872137331059745)(10,0.8701917128107339)(15,0.9237824617910825)(20,0.9199486863711002)(30,0.9007544891148896)(40,0.888639546586154)(50,0.845378793897982)(60,0.896331174850363)(70,0.9289810636156577)(80,0.9223143969489911)(90,0.9317310636156577)
};
\addlegendentry{Component}

\addplot[color=green,mark=*] coordinates {
(1,0.9857142857142858)(2,0.9703296703296704)(3,0.9780219780219781)(4,0.9780219780219781)(5,0.9565361247947454)(6,0.974573702159909)(7,0.9782660098522168)(8,0.9782660098522168)(9,0.9782660098522168)(10,0.9857142857142858)(15,0.9857142857142858)(20,0.9857142857142858)(30,0.9857142857142858)(40,0.9857142857142858)(50,0.9857142857142858)(60,0.9857142857142858)(70,0.9857142857142858)(80,0.9857142857142858)(90,0.9857142857142858)
};
\addlegendentry{Component+Context}

