\addplot[color=green,mark=*] coordinates {
(1,1)(2,2)(3,3)(4,4)(5,5)(6,6)(7,7)(8,8)(9,9)(10,10)
};
\addlegendentry{dial}

\addplot[color=green,mark=*] coordinates {
(1,0.0148018648018648)(2,0.055311355311355316)(3,0.0686896436896437)(4,0.09982517482517483)(5,0.12424075924075924)(6,0.18178475995549168)(7,0.21108878925952096)(8,0.21302750095433023)(9,0.24466269691737647)(10,0.22398461530906227)
};
\addlegendentry{Natural\_SVM}

\addplot[color=green,mark=*] coordinates {
(1,0.03618339025315769)(2,0.08564768564768566)(3,0.1036167321051042)(4,0.12647387496224705)(5,0.1454686398872445)(6,0.19540256680358778)(7,0.2888374652384862)(8,0.27858875195517285)(9,0.2827511390103562)(10,0.3058680419599308)
};
\addlegendentry{Natural\_ADA}

\addplot[color=green,mark=*] coordinates {
(1,0.007692307692307693)(2,0.012454212454212455)(3,0.02131782945736434)(4,0.015421245421245419)(5,0.005421245421245421)(6,0.0358687247711638)(7,0.04528264418508321)(8,0.06637720003573662)(9,0.07120647833920665)(10,0.05704192196534795)
};
\addlegendentry{Natural\_RF}

\addplot[color=green,mark=*] coordinates {
(1,0.04886439142253095)(2,0.12759647329414772)(3,0.14445538957166865)(4,0.20959736047654368)(5,0.26511611663058066)(6,0.30429418851143186)(7,0.2881587149851472)(8,0.2761158835492358)(9,0.27110942659155934)(10,0.31160764929908435)
};
\addlegendentry{Component}

\addplot[color=green,mark=*] coordinates {
(1,0.03905919661733616)(2,0.13580450557194743)(3,0.13951076055727218)(4,0.21206988794907114)(5,0.2805290955971614)(6,0.3210280455033716)(7,0.306454140489875)(8,0.29695114395908495)(9,0.2905893369251283)(10,0.3204640358695946)
};
\addlegendentry{Component+Context}

\addplot[color=green,mark=*] coordinates {
(1,0.026456876456876454)(2,0.043006993006993004)(3,0.049750249750249755)(4,0.06443556443556443)(5,0.09852647352647352)(6,0.1733812935032447)(7,0.21988332805405975)(8,0.20736440436100106)(9,0.21873882404228406)(10,0.20121092558415304)
};
\addlegendentry{Natural\_SVM\_Context}

\addplot[color=green,mark=*] coordinates {
(1,0.07977313384290129)(2,0.09751411379318356)(3,0.09663998791905767)(4,0.10678445585422329)(5,0.11473774287727775)(6,0.1939917201346583)(7,0.26997074111367925)(8,0.2695873468562068)(9,0.25882349735724663)(10,0.2773152088977387)
};
\addlegendentry{Natural\_ADA\_Context}

\addplot[color=green,mark=*] coordinates {
(1,0.005128205128205128)(2,0.016666666666666666)(3,0)(4,0.0319047619047619)(5,0.012564102564102564)(6,0.039826677387653)(7,0.05157407633017389)(8,0.04222464621783963)(9,0.07105083987670488)(10,0.07677471044742741)
};
\addlegendentry{Natural\_RF\_Context}

