size	dial	Natural_SVM	Natural_ADA	Natural_RF	Component	Component+Context	Natural_SVM_Context	Natural_ADA_Context	Natural_RF_Context
1	1	0	0	0	0.2449300699300699	0.44941724941724936	0	0	0
2	2	0	0	0	0.3050990675990676	0.5136363636363636	0	0	0
3	3	0	0	0	0.2994463869463869	0.5373543123543123	0	0	0
4	4	0	0	0	0.3293706293706293	0.5296620046620046	0	0	0
5	5	0	0	0	0.37683566433566434	0.5296620046620046	0	0	0
6	6	0	0	0	0.3196678321678322	0.5219696969696969	0	0	0
7	7	0	0.0125	0	0.3147435897435898	0.5219696969696969	0	0	0
8	8	0	0.0125	0	0.31474358974358974	0.5296620046620046	0	0	0
9	9	0	0.02159090909090909	0	0.3307692307692308	0.4976107226107226	0.008333333333333333	0.02159090909090909	0
10	10	0	0.00909090909090909	0	0.3335372960372961	0.5053030303030303	0	0.02159090909090909	0