size	dial	Natural_Unigram_SVM	Natural_Unigram+Context_SVM	Natural_Unigram_ADA	Natural_Unigram+Context_ADA	Natural_Unigram_RF	Natural_Unigram+Context_RF	Component
1	1	0.06801759582701308	0.06170109468505858	0.05759105610816441	0.056046668351421414	0.04361037423016668	0.038400893255717945	0.25259376074082857
2	2	0.12689750720591844	0.13282105401547736	0.12666159548618428	0.12376524865330243	0.09479885385451398	0.09597725791816297	0.29291662980009237
3	3	0.1709777041531943	0.18038272592755072	0.1631187484540075	0.14797979136230208	0.128219462635645	0.10972748105587429	0.31979176451247965
4	4	0.203770581972854	0.2125147200603732	0.19465802199958102	0.19153391472336845	0.14156482486174618	0.1398653892844854	0.32009787309186055
5	5	0.22841554489389457	0.2443012320966443	0.21382731312580824	0.2195947118994316	0.16625493930353324	0.1484978180825833	0.32941656475736064
6	6	0.2503166827563447	0.26661177659095125	0.23772656803283237	0.24179638967956957	0.19080806238871278	0.18198385149908197	0.3444420320549126
7	7	0.26891405868972396	0.2871134709553757	0.25109313504595077	0.2566743520250304	0.20881491735140925	0.18309411275119508	0.3626140132910235
8	8	0.2818160131686411	0.2973155610857982	0.26228588472440245	0.265303664016613	0.22574151806148493	0.19961222585155983	0.3717690146671847
9	9	0.29095144071280815	0.3161677701378039	0.2769720562151111	0.28598940233375614	0.2317965371593612	0.20574683915615113	0.37784189157323417
10	10	0.29818540020250217	0.3191942481162401	0.28322618201951333	0.296198485044724	0.22682784170930984	0.21727840753232003	0.37356297853131337