size	dial	Natural_SVM	Natural_ADA	Natural_RF	Component_SVM	Component_ADA
1	1	0.024778761061946902	0.018487394957983194	0.03428571428571429	0.163097783142576	0.0895760895451298
2	2	0.06207817565576187	0.03590236094437775	0.04549019607843137	0.17420587796281078	0.2066392251815981
3	3	0.04777485928705441	0.043973063973063976	0.03428571428571429	0.22665010350432344	0.23577798407395206
4	4	0.05627705627705628	0.07553191489361702	0.04027777777777778	0.3110542114889941	0.2852872347885136
5	5	0.09526814400956278	0.10175393234216763	0.04444444444444444	0.28369007746204633	0.26345297202105245
6	6	0.08891893766035641	0.08039768019884011	0.047719298245614036	0.32931703521283734	0.321459371510346
7	7	0.13437348311490188	0.1463835263835264	0.07619047619047618	0.34853080534115016	0.34072916748723203
8	8	0.1322512575144154	0.11294372294372294	0.0680371073160447	0.37112734219185833	0.3574649220693845
9	9	0.13871292106586225	0.11393460534898892	0.08267728143889135	0.39065456654333186	0.40552721237482087
10	10	0.1595715978488743	0.14196115301002535	0.06732026143790851	0.4093402737613264	0.4026407527134679