\addplot[color=green,mark=*] coordinates {
(1,1)(2,2)(3,3)(4,4)(5,5)(6,6)(7,7)(8,8)(9,9)(10,10)
};
\addlegendentry{dial}

\addplot[color=green,mark=*] coordinates {
(1,0.004545454545454545)(2,0.08310147299509)(3,0.1025213675213675)(4,0.1342805744979658)(5,0.21120468891442856)(6,0.35972664998400294)(7,0.45766792340786155)(8,0.4945237213714596)(9,0.48828760762615014)(10,0.4476951671058577)
};
\addlegendentry{Natural\_Unigram\_SVM}

\addplot[color=green,mark=*] coordinates {
(1,0.004651162790697674)(2,0.09188963210702342)(3,0.0921037296037296)(4,0.10575388127208148)(5,0.16457205956433185)(6,0.29454748000329756)(7,0.397361633171971)(8,0.43314955834324553)(9,0.4119411363089779)(10,0.40001768200157556)
};
\addlegendentry{Natural\_Unigram+Context\_SVM}

\addplot[color=green,mark=*] coordinates {
(1,0.16003427265803505)(2,0.2601813747468847)(3,0.23093817709732903)(4,0.33783638276595307)(5,0.39560785677229926)(6,0.5168455912448756)(7,0.5822383520282679)(8,0.5921487569386729)(9,0.6051189799630785)(10,0.5803077369225502)
};
\addlegendentry{Natural\_Unigram\_ADA}

\addplot[color=green,mark=*] coordinates {
(1,0.08365715040972774)(2,0.15623406807617335)(3,0.20456694322891505)(4,0.36573657677372157)(5,0.4460696880328821)(6,0.578121005361229)(7,0.5760470072956709)(8,0.596645489943527)(9,0.555158093648378)(10,0.5319737766974387)
};
\addlegendentry{Natural\_Unigram+Context\_ADA}

\addplot[color=green,mark=*] coordinates {
(1,0)(2,0.04054054054054054)(3,0.0038461538461538464)(4,0.004)(5,0.027761205160712954)(6,0.01873015873015873)(7,0.05831103520843095)(8,0.0762926114020192)(9,0.07930066971372395)(10,0.0520869827846572)
};
\addlegendentry{Natural\_Unigram\_RF}

\addplot[color=green,mark=*] coordinates {
(1,0)(2,0.00909090909090909)(3,0.017984496124031007)(4,0.004651162790697674)(5,0.018936877076411958)(6,0)(7,0.07232168229610685)(8,0.028814520703346568)(9,0.03794372294372294)(10,0.028843598262202914)
};
\addlegendentry{Natural\_Unigram+Context\_RF}

\addplot[color=green,mark=*] coordinates {
(1,0)(2,0)(3,0)(4,0)(5,0)(6,0)(7,0)(8,0)(9,0)(10,0)
};
\addlegendentry{Component}

