\addplot[color=green,mark=*] coordinates {
(5,5)(10,10)(15,15)(20,20)(25,25)(30,30)(35,35)(40,40)(45,45)(50,50)(55,55)(60,60)(65,65)(70,70)
};
\addlegendentry{dial}

\addplot[color=green,mark=*] coordinates {
(5,0.04219187675070028)(10,0.0588127558715794)(15,0.05427350427350427)(20,0.04658119658119658)(25,0.025946275946275944)(30,0.018803418803418803)(35,0.01825396825396825)(40,0.01825396825396825)(45,0.03111111111111111)(50,0.01111111111111111)(55,0.02361111111111111)(60,0.01111111111111111)(65,0.01111111111111111)(70,0.01111111111111111)
};
\addlegendentry{Natural\_SVM}

\addplot[color=green,mark=*] coordinates {
(5,0.0707175177763413)(10,0.095915930474754)(15,0.1381381526969762)(20,0.07659987071751778)(25,0.088422035480859)(30,0.03888888888888888)(35,0.05)(40,0.02222222222222222)(45,0.02936507936507936)(50,0.02222222222222222)(55,0.02936507936507936)(60,0.05189255189255189)(65,0.024136321195144722)(70,0.01825396825396825)
};
\addlegendentry{Natural\_ADA}

\addplot[color=green,mark=*] coordinates {
(5,0.01111111111111111)(10,0.029166666666666664)(15,0.0125)(20,0.04093137254901961)(25,0.0058823529411764705)(30,0.02949346405228758)(35,0.01838235294117647)(40,0.0058823529411764705)(45,0.024685771744595277)(50,0.03176470588235294)(55,0.0606045751633987)(60,0.0058823529411764705)(65,0.01764705882352941)(70,0.016993464052287584)
};
\addlegendentry{Natural\_RF}

\addplot[color=green,mark=*] coordinates {
(5,0.582514185161244)(10,0.7816233929469224)(15,0.8059823673058967)(20,0.8085401853048912)(25,0.8197796811032105)(30,0.7884762622997917)(35,0.7547003160238455)(40,0.756220462543992)(45,0.7762204625439919)(50,0.7685281548516842)(55,0.8297918911154205)(60,0.8374841988077282)(65,0.8353474466709759)(70,0.8263730876966171)
};
\addlegendentry{Component}

