size	dial	MYMO	Natural_SVM	Natural_ADA	Component_ADA	Component_SVM
1	1	0.06569483834373227	0.05089700996677741	0.13023255813953488	0	0.08383923507009157
2	2	0.06808911168241855	0.03840531561461794	0.07911406423034331	0	0.11562172654345086
3	3	0.15038066017929885	0.09143667449963536	0.2063822488723226	0	0.14342921967425654
4	4	0.21620757858137324	0.18181994976095942	0.22785511708937686	0	0.1962274802150015
5	5	0.24623539912535947	0.19342543824109337	0.27344758663533475	0	0.21555222429300702
6	6	0.2745272717450823	0.1938435567079923	0.21670340058882318	0	0.2658758069308268
7	7	0.2522372456433716	0.23231531750533452	0.24411707218854128	0	0.25677785062356817
8	8	0.2712823478280086	0.23528320233368447	0.3074121492045485	0	0.26836480025929826
9	9	0.2793426363137083	0.23089412887484356	0.3108746815042901	0	0.27389837521147786
10	10	0.25047626414047286	0.24240859285669267	0.32609062834814395	0	0.28314532980726964