size	dial	Natural_SVM	Natural_ADA	Natural_RF	Component_SVM	Component_ADA
1	1	0	0	0	0.01818181818181818	0.006896551724137931
2	2	0.05714285714285714	0.02608695652173913	0.03636363636363636	0.1675990675990676	0.07869047619047619
3	3	0.05714285714285714	0.02608695652173913	0.03636363636363636	0.18872948756669689	0.1018110435663627
4	4	0.11714285714285713	0.07478991596638655	0.03636363636363636	0.18208360267183796	0.17797619047619048
5	5	0.10977443609022557	0.07115384615384615	0.09142857142857144	0.2574647530529883	0.25339147286821706
6	6	0.12977443609022557	0.0632967032967033	0.09090909090909091	0.2801171051171051	0.28084924001413925
7	7	0.1326984126984127	0.08653846153846154	0.05858585858585859	0.2433760683760684	0.23924749163879602
8	8	0.12714285714285714	0.09347123464770524	0.02	0.3294913691972515	0.3179835282120419
9	9	0.12714285714285714	0.10082417582417583	0.05858585858585859	0.3174510489510489	0.329842322100584
10	10	0.1454120879120879	0.15602779573367812	0.051515151515151514	0.292245870071957	0.315355526826115