size	dial	MYMO	Natural_SVM	Natural_SVM+Context	Natural_ADA	Natural_ADA+Context
1	1	0.12796328558523679	0.011764705882352941	0.009523809523809523	0.023316912972085387	0.03687371917178998
2	2	0.15944367953484362	0.02	0.023529411764705882	0.054255319148936165	0.09062980030721965
3	3	0.28540618328342116	0	0.026666666666666665	0.08376623376623377	0.04528301886792453
4	4	0.295523711914215	0	0.029629629629629627	0.0770034843205575	0.04528301886792453
5	5	0.3507164584119102	0	0.010526315789473684	0.16622670807453416	0.1507002801120448
6	6	0.3686780123851062	0.023076923076923078	0.03719298245614035	0.14237637362637362	0.10561904761904761
7	7	0.4194085415015647	0.016666666666666666	0.026666666666666665	0.09745243945243945	0.15233692338955496
8	8	0.4115536902122268	0.016666666666666666	0.023076923076923078	0.11299999999999999	0.13297600238747279
9	9	0.5146358126040214	0.017391304347826087	0.023076923076923078	0.12728571428571428	0.10943309109236046
10	10	0.5402660153589063	0.07127929541722645	0.05523809523809524	0.10577639751552795	0.1598270524726891