\addplot[color=green,mark=*] coordinates {
(10,10)(20,20)(30,30)(40,40)(50,50)(60,60)(70,70)(80,80)(90,90)(100,100)(110,110)(120,120)(130,130)(140,140)(150,150)(160,160)
};
\addlegendentry{dial}

\addplot[color=green,mark=*] coordinates {
(10,0.02116635397123202)(20,0.036408163265306125)(30,0.08799099543271471)(40,0.1287816087441012)(50,0.14241553766457055)(60,0.16002783412184077)(70,0.27346007123592964)(80,0.3027197343258592)(90,0.39164620055278443)(100,0.4057703494936938)(110,0.4299370260359778)(120,0.43222026151098253)(130,0.42142261410811455)(140,0.39754313490951876)(150,0.4071948614156407)(160,0.340636283010226)
};
\addlegendentry{Natural\_Unigram\_SVM}

\addplot[color=green,mark=*] coordinates {
(10,0.0305050505050505)(20,0.025967140357615326)(30,0.07024915754585115)(40,0.10877066481678606)(50,0.11955642241645141)(60,0.14972825865920125)(70,0.2649260076921246)(80,0.2918170656025663)(90,0.3654715444576838)(100,0.37652769482715354)(110,0.4190217587723259)(120,0.4056458567259508)(130,0.41602954921314317)(140,0.3910588896325492)(150,0.4207993008680224)(160,0.3839002860394303)
};
\addlegendentry{Natural\_Unigram+Context\_SVM}

\addplot[color=green,mark=*] coordinates {
(10,0.07526830549089922)(20,0.13378443616647412)(30,0.19277926169681198)(40,0.24062134992299247)(50,0.26717447647306)(60,0.24853331683997096)(70,0.3488419623734513)(80,0.3941943326170588)(90,0.39977337766157867)(100,0.37901832589053197)(110,0.4751801904703827)(120,0.4559542318424008)(130,0.5054216509307842)(140,0.4067175928595105)(150,0.44137131149040487)(160,0.4844180781325644)
};
\addlegendentry{Natural\_Unigram\_ADA}

\addplot[color=green,mark=*] coordinates {
(10,0.044520607087771266)(20,0.07233060509594053)(30,0.14748134367788962)(40,0.18921413764856052)(50,0.2657152004362624)(60,0.33816260440465123)(70,0.35189962723571294)(80,0.38012043035808457)(90,0.3984253762192689)(100,0.4011366896411485)(110,0.4497281858096505)(120,0.42373063242526915)(130,0.4802156274081388)(140,0.3774662286705106)(150,0.3574883837190047)(160,0.4188569044639132)
};
\addlegendentry{Natural\_Unigram+Context\_ADA}

\addplot[color=green,mark=*] coordinates {
(10,0)(20,0.005333333333333334)(30,0)(40,0.02788292788292789)(50,0.025728560221313847)(60,0.031441202475685236)(70,0.11638293400920914)(80,0.13411705253810516)(90,0.1184540547172126)(100,0.100762986042323)(110,0.14572887844801355)(120,0.11804695568768236)(130,0.17883032598421358)(140,0.11330371766079014)(150,0.12091277890466533)(160,0.019082668847543106)
};
\addlegendentry{Natural\_Unigram\_RF}

\addplot[color=green,mark=*] coordinates {
(10,0)(20,0.003125)(30,0.022394282310899342)(40,0.03796585437034875)(50,0.0382953181272509)(60,0.035377014562623266)(70,0.11004953506509267)(80,0.10890342944026625)(90,0.13369140799769158)(100,0.04962637199013018)(110,0.09225236937627515)(120,0.06197494081517477)(130,0.07984607984607985)(140,0.06114256304683478)(150,0.014084507042253521)(160,0)
};
\addlegendentry{Natural\_Unigram+Context\_RF}

\addplot[color=green,mark=*] coordinates {
(10,0.6426255874833517)(20,0.7190705519999975)(30,0.7028263716814489)(40,0.7157807050011911)(50,0.7226068487036427)(60,0.735212315425257)(70,0.735598519518741)(80,0.736875366691641)(90,0.7433053975788614)(100,null)(110,null)(120,null)(130,null)(140,null)(150,null)(160,null)
};
\addlegendentry{Component}

