size	dial	Natural	Natural+Context	Component	Component+Context
1	1	0	0	0.6178130511463844	0.7765432098765432
2	2	0	0	0.48500881834215165	0.7828042328042327
3	3	0	0	0.5659611992945326	0.7828042328042327
4	4	0	0	0.47777777777777763	0.7828042328042327
5	5	0	0	0.6212522045855379	0.7648148148148147
6	6	0	0	0.667283950617284	0.7691358024691357
7	7	0	0	null	null
8	8	0	0.06857142857142857	null	null
9	9	0	0.06857142857142857	null	null
10	10	0	0.04	null	null
15	15	0	0	0.6178130511463844	0.7814814814814814
20	20	0	0	0.5481481481481482	0.7907407407407407
30	30	0	0	0.5351851851851852	0.7907407407407407
40	40	0	0	0.5703703703703704	0.8026455026455026
50	50	0	0	0.55	0.7722222222222223
60	60	0	0	0.5944444444444444	0.7841269841269841
70	70	0	0	0.6037037037037037	0.7841269841269841
80	80	0	0	0.6037037037037037	0.7841269841269841
90	90	0	0	0.5499999999999999	0.7841269841269841