\addplot[color=green,mark=*] coordinates {
(1,1)(2,2)(3,3)(4,4)(5,5)(6,6)(7,7)(8,8)(9,9)(10,10)(15,15)(20,20)(25,25)(30,30)(35,35)(40,40)(45,45)(50,50)(55,55)(60,60)(65,65)(70,70)(75,75)(80,80)(85,85)(90,90)
};
\addlegendentry{dial}

\addplot[color=green,mark=*] coordinates {
(1,0.01607061950479103)(2,0.06217769456654525)(3,0.05213575682940815)(4,0.04515343451933983)(5,0.047367110631391665)(6,0.048989022101455455)(7,0.07716233412354608)(8,0.08258093537192038)(9,0.08525256633529356)(10,0.08759855869512935)(15,0.07605934861105887)(20,0.08360846611403813)(25,0.11567175240299973)(30,0.11815162134884971)(35,0.12543085244785923)(40,0.12491751045524095)(45,0.12616400316246687)(50,0.1288996022885078)(55,0.12586912940465683)(60,0.12751097317958046)(65,0.1297027629416106)(70,0.13894580452753427)(75,0.1394743366975143)(80,0.13299702003941788)(85,0.1406122295764616)(90,0.14247320570650332)
};
\addlegendentry{Natural\_SVM}

\addplot[color=green,mark=*] coordinates {
(1,0.06306781054093061)(2,0.07243958759148544)(3,0.09268610367589478)(4,0.06577638784786398)(5,0.08706662655330495)(6,0.07679845455224024)(7,0.11845902804190271)(8,null)(9,null)(10,null)(15,null)(20,null)(25,null)(30,null)(35,null)(40,null)(45,null)(50,null)(55,null)(60,null)(65,null)(70,null)(75,null)(80,null)(85,null)(90,null)
};
\addlegendentry{Natural\_Ada}

\addplot[color=green,mark=*] coordinates {
(1,0.0036284871456925987)(2,0.01745915664289385)(3,0.014519458844915544)(4,0.01840335751208213)(5,0.01343205245327812)(6,0.020055988920239506)(7,0.04520286419432587)(8,0.06941439451914684)(9,0.062137607915011314)(10,null)(15,null)(20,null)(25,null)(30,null)(35,null)(40,null)(45,null)(50,null)(55,null)(60,null)(65,null)(70,null)(75,null)(80,null)(85,null)(90,null)
};
\addlegendentry{Natural\_RF}

