size	dial	Natural_Unigram_SVM	Natural_Unigram+Context_SVM	Natural_Unigram_ADA	Natural_Unigram+Context_ADA	Natural_Unigram_RF	Natural_Unigram+Context_RF	Component
10	10	0	0	0	0	0	0	0.8
20	20	0	0	0	0	0	0	0.9666666666666666
30	30	0	0	0	0	0	0	0.9
40	40	0	0	0	0	0	0	0.9333333333333332
50	50	0	0	0	0	0	0	0.9333333333333332
60	60	0	0	0	0	0	0	0.9666666666666666
70	70	0	0	0	0	0	0	0.9333333333333332
80	80	0	0	0	0	0	0	0.9333333333333332
90	90	0	0	0	0	0	0	0.9666666666666668
100	100	0	0	0	0	0	0	null
110	110	0	0	0	0	0	0	null
120	120	0	0	0	0	0	0	null
130	130	0	0	0	0	0	0	null
140	140	0	0	0	0	0	0	null
150	150	0	0	0	0	0	0	null
160	160	0	0	0	0	0	0	null
170	170	0	0	0	0	0	0	null