size	dial	Natural	Natural+Context	Component	Component+Context
1	1	null	null	0.900211038961039	0.907559523809524
2	2	null	null	0.8733333333333333	0.918670634920635
3	3	null	null	0.8628571428571428	0.918670634920635
4	4	null	null	0.8995238095238095	0.918670634920635
5	5	0.08333333333333333	0.17178571428571426	0.859004329004329	0.918670634920635
6	6	0.10243506493506493	0.1256060606060606	0.8942857142857144	0.906170634920635
7	7	0.12428571428571429	0.07261904761904761	0.9083333333333334	0.9079491341991343
8	8	0.12928571428571428	0.09166666666666666	0.8968253968253969	0.9079491341991343
9	9	0.12095238095238095	0.09166666666666666	0.9257142857142856	0.9079491341991343
10	10	0.1392857142857143	0.09833333333333334	0.9358333333333334	0.9304166666666667
15	15	0.15	0.17857142857142855	0.9083333333333334	0.9182539682539683
20	20	null	null	0.9063492063492063	0.9177777777777779
30	30	null	null	0.9168253968253968	0.918670634920635
40	40	null	null	0.9099999999999999	0.918670634920635
50	50	null	null	0.9172222222222223	0.918670634920635
60	60	null	null	0.9222222222222223	0.918670634920635
70	70	null	null	0.9186111111111112	0.918670634920635
80	80	null	null	0.9068253968253968	0.918670634920635
90	90	null	null	0.9099999999999999	0.918670634920635