\addplot[color=green,mark=*] coordinates {
(1,1)(2,2)(3,3)(4,4)(5,5)(6,6)(7,7)(8,8)(9,9)(10,10)
};
\addlegendentry{dial}

\addplot[color=green,mark=*] coordinates {
(1,0.4965076902108386)(2,0.6132074599840717)(3,0.7524868005002938)(4,0.7561223758749998)(5,0.7735136268307182)(6,0.8162357729449183)(7,0.8465095249578007)(8,0.8362592547937375)(9,0.8317984510075963)(10,0.8348488488855803)
};
\addlegendentry{MYMO}

\addplot[color=green,mark=*] coordinates {
(1,0.00909090909090909)(2,0.00909090909090909)(3,0.08674242424242425)(4,0.09090909090909091)(5,0.08636363636363636)(6,0.10810276679841897)(7,0.1156690933864847)(8,0.19986824769433462)(9,0.1852711901624945)(10,0.19638230127360562)
};
\addlegendentry{Natural\_SVM}

\addplot[color=green,mark=*] coordinates {
(1,0)(2,0)(3,0.07424242424242425)(4,0.08257575757575758)(5,0.08295454545454546)(6,0.08295454545454546)(7,0.08333333333333333)(8,0.14367588932806324)(9,0.1203667105841019)(10,0.1203667105841019)
};
\addlegendentry{Natural\_SVM+Context}

\addplot[color=green,mark=*] coordinates {
(1,0.09545454545454546)(2,0)(3,0.1537878787878788)(4,0.17462121212121212)(5,0.1574915824915825)(6,0.2574915824915825)(7,0.28509833564181386)(8,0.2968865072125942)(9,0.327892216479173)(10,0.32818373253155864)
};
\addlegendentry{Natural\_ADA}

\addplot[color=green,mark=*] coordinates {
(1,0)(2,0)(3,0.1537878787878788)(4,0.1496212121212121)(5,0.1621212121212121)(6,0.12424242424242424)(7,0.21233812483812486)(8,0.3144754400189183)(9,0.3571851457721023)(10,0.39777372386068044)
};
\addlegendentry{Natural\_ADA+Context}

