size	dial	Natural_SVM	Natural_ADA	Natural_RF	Component	Component+Context	Natural_SVM_Context	Natural_ADA_Context	Natural_RF_Context
1	1	0	0	0	0	0	0	0	0
2	2	0	0.015384615384615385	0	0.10833333333333332	0.11758241758241758	0	0.015384615384615385	0
3	3	0.04444444444444444	0.04265734265734265	0.025	0.16456876456876457	0.21434941869724478	0.05714285714285714	0.04265734265734265	0.05454545454545454
4	4	0.047058823529411764	0.04265734265734265	0.04	0.18225108225108225	0.19026915113871637	0.05	0.04265734265734265	0.05
5	5	0.05	0.04265734265734265	0.025	0.28165584415584416	0.29044817927170874	0.05714285714285714	0.04265734265734265	0.04
6	6	0.04285714285714286	0.060435120435120435	0	0.2400518341307815	0.31944624261187726	0.07403846153846154	0.07423629002576371	0.05454545454545454
7	7	0.07529411764705882	0.09345099345099345	0.02	0.2971946912736386	0.44130382775119614	0.082	0.0942362900257637	0.025
8	8	0.08529411764705883	0.06618675442204854	0.02222222222222222	0.3301834130781499	0.4533902939166096	0.082	0.0942362900257637	0.05357142857142857
9	9	0.06857142857142857	0.04444444444444444	0.06136363636363636	0.24404344193817878	0.47045748817521593	0.06785714285714287	0.07198298777246145	0.03636363636363636
10	10	0.06190476190476191	0.05873015873015872	0.02222222222222222	0.256566245931571	0.5248583745265667	0.06416666666666666	0.042222222222222223	0.03636363636363636