\addplot[color=green,mark=*] coordinates {
(1,1)(2,2)(3,3)(4,4)(5,5)(6,6)(7,7)(8,8)(9,9)(10,10)
};
\addlegendentry{dial}

\addplot[color=green,mark=*] coordinates {
(1,0.02727272727272727)(2,0.01818181818181818)(3,0.038181818181818185)(4,0.01818181818181818)(5,0.04818181818181818)(6,0.07484848484848486)(7,0.03)(8,0.03)(9,0.01)(10,0.01)
};
\addlegendentry{Natural\_SVM}

\addplot[color=green,mark=*] coordinates {
(1,0.02727272727272727)(2,0.01818181818181818)(3,0.01818181818181818)(4,0.01818181818181818)(5,0.04818181818181818)(6,0.07318181818181818)(7,0.07393939393939394)(8,0.08227272727272729)(9,0.08227272727272729)(10,0.06409090909090909)
};
\addlegendentry{Natural\_ADA}

\addplot[color=green,mark=*] coordinates {
(1,0.00909090909090909)(2,0)(3,0.00909090909090909)(4,0.00909090909090909)(5,0.00909090909090909)(6,0.008333333333333333)(7,0.017424242424242425)(8,0.017424242424242425)(9,0.017424242424242425)(10,0.008333333333333333)
};
\addlegendentry{Natural\_RF}

\addplot[color=green,mark=*] coordinates {
(1,0.4)(2,0.32595571095571096)(3,0.27356643356643356)(4,0.333006993006993)(5,0.3873310023310023)(6,0.4127156177156178)(7,0.3680885780885781)(8,0.3852447552447552)(9,0.40524475524475523)(10,0.41202797202797203)
};
\addlegendentry{Component}

\addplot[color=green,mark=*] coordinates {
(1,0.2809090909090909)(2,0.2724825174825175)(3,0.3490675990675991)(4,0.45412587412587413)(5,0.499988344988345)(6,0.6048834498834499)(7,0.554009324009324)(8,0.725979020979021)(9,0.7168881118881119)(10,0.7232750582750582)
};
\addlegendentry{Component+Context}

\addplot[color=green,mark=*] coordinates {
(1,0.05454545454545454)(2,0.07272727272727272)(3,0.12181818181818183)(4,0.06363636363636363)(5,0.07545454545454547)(6,0.07393939393939394)(7,0.10303030303030303)(8,0.0946969696969697)(9,0.08636363636363636)(10,0.0590909090909091)
};
\addlegendentry{Natural\_SVM\_Context}

\addplot[color=green,mark=*] coordinates {
(1,0.02727272727272727)(2,0.045454545454545456)(3,0.046363636363636364)(4,0.05545454545454546)(5,0.08454545454545455)(6,0.10954545454545454)(7,0.1459090909090909)(8,0.19136363636363635)(9,0.19136363636363635)(10,0.12772727272727274)
};
\addlegendentry{Natural\_ADA\_Context}

\addplot[color=green,mark=*] coordinates {
(1,0.03636363636363636)(2,0.03636363636363636)(3,0.019090909090909092)(4,0)(5,0.04818181818181818)(6,0.05651515151515152)(7,0.044848484848484846)(8,0.017424242424242425)(9,0.03484848484848485)(10,0.018333333333333333)
};
\addlegendentry{Natural\_RF\_Context}

