size	dial	Natural_SVM	Natural_ADA	Natural_RF	Component_SVM	Component_ADA
1	1	0.008296353463245225	0.01998887071753137	0	0.3990928923253561	0.408566821046154
2	2	0.04485838795738365	0.09324316092706253	0.008868699978369024	0.48735561410107	0.45915643838627007
3	3	0.0909968019513179	0.16473625613656967	0.0029411764705882353	0.5461432171512597	0.4188737587526406
4	4	0.1367594131697069	0.1951093434912205	0.02238562091503268	0.49785993532124745	0.44315862346528967
5	5	0.21314714490979725	0.27054764562054456	0.08523460884476212	0.5332805463389723	0.5160145286116958
6	6	0.2639764478852813	0.32708571127312125	0.1352547534180828	0.5381639350607338	0.5494891695560924
7	7	0.32978688760125213	0.375697770689714	0.15892171838173125	0.5554406785158317	0.5479952877763823
8	8	0.3537737432367624	0.40776841441832296	0.15514499250916836	0.5532057933252574	0.6195450733659805
9	9	0.35738320900884457	0.41884927934322125	0.16453949670193743	0.5858018228461315	0.5973300343571724
10	10	0.3732751144894113	0.4760275936238818	0.13360899856046374	0.6056996103178023	0.6061019813606213