\addplot[color=green,mark=*] coordinates {
(1,1)(2,2)(3,3)(4,4)(5,5)(6,6)(7,7)(8,8)(9,9)(10,10)
};
\addlegendentry{dial}

\addplot[color=green,mark=*] coordinates {
(1,0.025)(2,0.0375)(3,0.10892857142857144)(4,0.13392857142857145)(5,0.1505952380952381)(6,0.16488095238095238)(7,0.18749999999999997)(8,0.20416666666666666)(9,0.2125)(10,0.22916666666666666)
};
\addlegendentry{MYMO}

\addplot[color=green,mark=*] coordinates {
(1,0)(2,0)(3,0.014285714285714285)(4,0)(5,0)(6,0)(7,0.016666666666666666)(8,0.016666666666666666)(9,0.016666666666666666)(10,0.05)
};
\addlegendentry{Natural\_SVM}

\addplot[color=green,mark=*] coordinates {
(1,0)(2,0)(3,0.014285714285714285)(4,0)(5,0.014285714285714285)(6,0)(7,0.016666666666666666)(8,0.016666666666666666)(9,0.016666666666666666)(10,0.05)
};
\addlegendentry{Natural\_SVM+Context}

\addplot[color=green,mark=*] coordinates {
(1,0)(2,0)(3,0)(4,0)(5,0)(6,0)(7,0.03333333333333333)(8,0.03333333333333333)(9,0.03333333333333333)(10,0.08333333333333333)
};
\addlegendentry{Natural\_ADA}

\addplot[color=green,mark=*] coordinates {
(1,0)(2,0)(3,0)(4,0)(5,0)(6,0)(7,0.03333333333333333)(8,0.03333333333333333)(9,0.03333333333333333)(10,0.08333333333333333)
};
\addlegendentry{Natural\_ADA+Context}

