\addplot[color=green,mark=*] coordinates {
(1,1)(2,2)(3,3)(4,4)(5,5)(6,6)(7,7)(8,8)(9,9)(10,10)
};
\addlegendentry{dial}

\addplot[color=green,mark=*] coordinates {
(1,0.05771288283203234)(2,0.08996288477486944)(3,0.09555772367783114)(4,0.09781428841131744)(5,0.11307380990666487)(6,0.10992846941785046)(7,0.08878513299476844)(8,0.09138990727903319)(9,0.0911127953566145)(10,0.07968975323169188)
};
\addlegendentry{Natural\_SVM}

\addplot[color=green,mark=*] coordinates {
(1,0.07345091756624342)(2,0.09497750518270028)(3,0.13102229273619975)(4,0.11160379385763194)(5,0.1338906723223839)(6,0.1168045733792038)(7,0.11172817061995048)(8,0.11632167555581166)(9,0.1265433442659887)(10,0.10154394142566332)
};
\addlegendentry{Natural\_ADA}

\addplot[color=green,mark=*] coordinates {
(1,0.02972252175305611)(2,0.06630590554835625)(3,0.05182902909447532)(4,0.04271028630015793)(5,0.029310178811661397)(6,0.031185295854141426)(7,0.027085036346145952)(8,0.0454386322060056)(9,0.05376070996420505)(10,0.06136171509510763)
};
\addlegendentry{Natural\_RF}

\addplot[color=green,mark=*] coordinates {
(1,0.5452188947472647)(2,0.7138915889742523)(3,0.7283420519361925)(4,0.7785909289223942)(5,0.8187315839022226)(6,0.7993010428950976)(7,0.8230130543171377)(8,0.8277277142445325)(9,0.8341608188299245)(10,0.8371692747939605)
};
\addlegendentry{Component}

\addplot[color=green,mark=*] coordinates {
(1,0.8048078611979758)(2,0.9586690199112045)(3,0.9690622756225608)(4,0.966617536223106)(5,0.967777681981788)(6,0.9628732667606968)(7,0.964615187341213)(8,0.9669938054565723)(9,0.9652020568498436)(10,0.9641574438088627)
};
\addlegendentry{Component+Context}

\addplot[color=green,mark=*] coordinates {
(1,0.07867572171152404)(2,0.11809841200964197)(3,0.12533996256107302)(4,0.11896839903174136)(5,0.1437169165566266)(6,0.1358196588466511)(7,0.11465724637283103)(8,0.12385734238902113)(9,0.11684383066547624)(10,0.10482646932197863)
};
\addlegendentry{Natural\_SVM\_Context}

\addplot[color=green,mark=*] coordinates {
(1,0.10759940073677629)(2,0.12404987126900477)(3,0.14772474688973963)(4,0.1231603515942297)(5,0.16531351640868644)(6,0.15729252663881263)(7,0.1425175171101669)(8,0.15151732817106037)(9,0.16516681090616092)(10,0.16783570719219437)
};
\addlegendentry{Natural\_ADA\_Context}

\addplot[color=green,mark=*] coordinates {
(1,0.04909451069025537)(2,0.06393504945402478)(3,0.06313643087302778)(4,0.059863318570071)(5,0.047624651871225776)(6,0.05531674655047889)(7,0.0349962556000341)(8,0.054424399698290715)(9,0.07249911700182624)(10,0.07387858279721338)
};
\addlegendentry{Natural\_RF\_Context}

