size	dial	Natural_SVM	Natural_ADA	Natural_RF	Component
5	5	0.047367110631391665	0.08523766068977881	0.014067455110348483	0.5441341220808148
10	10	0.08759855869512935	0.1582554583232268	0.06921615548261985	0.6509157077685369
15	15	0.07605934861105887	0.14971102582322743	0.06346260214279449	0.6871276361801355
20	20	0.08360846611403813	0.17063412637224978	0.11204541439560085	0.6747967957975141
25	25	0.11567175240299973	0.19310654145244177	0.11522839708404978	0.6735564400238071
30	30	0.11815162134884971	0.18127449040738236	0.12542340856771944	0.6972508389122766
35	35	0.12543085244785923	0.17216171464160085	0.1185932509750183	0.6844355386134565
40	40	0.12491751045524095	0.16324154271646193	0.12501631301256327	0.6872209215994166
45	45	0.12616400316246687	0.17044927274415494	0.12754409887163914	0.6940956397750864
50	50	0.1288996022885078	0.1721421775444107	0.12466502754495368	0.70069144087829
55	55	0.12586912940465683	0.1759180821058693	0.13592873204687556	0.7112063584372625
60	60	0.12751097317958046	0.16832202727284448	0.14457716491472666	0.7255775446969853
65	65	0.1297027629416106	0.17878228226069826	0.14849015917049488	0.7479564613760014
70	70	0.13894580452753427	0.17188698528142204	0.15469412029116258	0.7529194552255263