size	dial	Natural	Natural+Context	Component	Component+Context
1	1	0.07626123876123876	0.18413181299324144	0.9489790740141372	0.9850818858560795
2	2	0.0828418625615422	0.0753979353979354	0.7084086165550696	0.9773895781637718
3	3	0.07255690546013127	0.07104220998744325	0.7415425878469357	0.9850818858560795
4	4	0.04857142857142857	0.07288095238095238	0.7277859740903219	0.9850818858560795
5	5	0	0.02857142857142857	0.7897635646645816	0.9583354583705216
6	6	0	0.01111111111111111	0.8782632266402685	0.9549909767651703
7	7	0	0	0.9076837944664031	0.961660233434427
8	8	0	0	0.9119914867740956	0.961660233434427
9	9	0	0	0.9445348693174781	0.961660233434427
10	10	0	0	0.9141027224906338	0.9736858744600682
15	15	0	0	0.9495719593896311	0.9820515828257765
20	20	0	0	0.8951227999054087	0.9730772238514174
30	30	0	0	0.9185015128240934	0.9850818858560795
40	40	0	0	0.9099208825043327	0.9850818858560795
50	50	0	0	0.8823029661639769	0.9850818858560795
60	60	0	0	0.9096719739677674	0.9850818858560795
70	70	0	0	0.9335411398637203	0.9850818858560795
80	80	0	0	0.9374820265632279	0.9850818858560795
90	90	0	0	0.9364935208161015	0.9850818858560795