size	dial	Natural_SVM	Natural_ADA	Natural_RF	Component_SVM	Component_ADA
1	1	0	0	0	0.09166666666666666	0.11499999999999999
2	2	0	0.005555555555555555	0	0	0.065
3	3	0	0	0	0	0.10500000000000001
4	4	0	0.0044444444444444444	0	0.02857142857142857	0.21999999999999997
5	5	0	0	0	0.10666666666666666	0.14666666666666667
6	6	0	0.004545454545454545	0	0.04	0.16499999999999998
7	7	0	0	0	0.07333333333333333	0.15746031746031747
8	8	0	0	0	0.025	0.20023809523809524
9	9	0	0	0	0.07857142857142857	0.18555555555555556
10	10	0	0	0	0.07857142857142857	0.2588888888888889