\addplot[color=green,mark=*] coordinates {
(1,1)(2,2)(3,3)(4,4)(5,5)(6,6)(7,7)(8,8)(9,9)(10,10)
};
\addlegendentry{dial}

\addplot[color=green,mark=*] coordinates {
(1,0)(2,0)(3,0)(4,0)(5,0)(6,0)(7,0)(8,0)(9,0)(10,0)
};
\addlegendentry{Natural\_SVM}

\addplot[color=green,mark=*] coordinates {
(1,0.0047619047619047615)(2,0.010526315789473684)(3,0.0047619047619047615)(4,0)(5,0.03383458646616541)(6,0.023809523809523808)(7,0.015025062656641603)(8,0.005263157894736842)(9,0.021275062656641603)(10,0.02857142857142857)
};
\addlegendentry{Natural\_ADA}

\addplot[color=green,mark=*] coordinates {
(1,0)(2,0)(3,0)(4,0)(5,0)(6,0)(7,0)(8,0)(9,0)(10,0)
};
\addlegendentry{Natural\_RF}

\addplot[color=green,mark=*] coordinates {
(1,0.07002734107997266)(2,0.18157695374800636)(3,0.2605422647527911)(4,0.3295602642971064)(5,0.389127363864206)(6,0.4070243791296423)(7,0.4077204374572795)(8,0.39415242652084753)(9,0.42907325131009344)(10,0.451453634085213)
};
\addlegendentry{Component}

\addplot[color=green,mark=*] coordinates {
(1,0.043426748689906584)(2,0.19998519024834813)(3,0.25499344953292324)(4,0.31701013898382313)(5,0.36714570517202094)(6,0.43210241512873093)(7,0.41527341079972657)(8,0.40041809068124856)(9,0.4392993848257006)(10,0.4624812030075187)
};
\addlegendentry{Component+Context}

\addplot[color=green,mark=*] coordinates {
(1,0)(2,0)(3,0)(4,0)(5,0)(6,0.00625)(7,0.00625)(8,0.00625)(9,0.01875)(10,0.01875)
};
\addlegendentry{Natural\_SVM\_Context}

\addplot[color=green,mark=*] coordinates {
(1,0.0047619047619047615)(2,0.039097744360902256)(3,0.020050125313283207)(4,0.04603696741854636)(5,0.020050125313283207)(6,0.048120300751879695)(7,0.02857142857142857)(8,0.020789473684210524)(9,0.05509085213032581)(10,0.05509085213032581)
};
\addlegendentry{Natural\_ADA\_Context}

\addplot[color=green,mark=*] coordinates {
(1,0)(2,0)(3,0)(4,0)(5,0)(6,0)(7,0)(8,0)(9,0)(10,0)
};
\addlegendentry{Natural\_RF\_Context}

