size	dial	Natural_SVM	Natural_ADA	Natural_RF	Component	Component+Context	Natural_SVM_Context	Natural_ADA_Context	Natural_RF_Context
1	1	0.05966711125235211	0.07917874115732039	0.024077193425481598	0.5405455146838748	0.8085406398007764	0.09410093158606232	0.10157568013582567	0.06043809193612841
2	2	0.07883991516028203	0.12014523947532715	0.029210275605049872	0.7135349055177947	0.961822320242945	0.10042600228072499	0.14675147484039403	0.0429273249082732
3	3	0.10230650431252282	0.15275558561186622	0.06688931520812112	0.7548932795578979	0.9730824734379351	0.12652668707444353	0.17045695841788047	0.07127707432609817
4	4	0.11971414721681803	0.1402497555618438	0.04355581070383256	0.7961062829548242	0.9696816203934284	0.13222978729330667	0.1548842179089917	0.06237468277705145
5	5	0.12874344949710095	0.14735732172240207	0.04068262648885561	0.8296699201441244	0.9705028310045968	0.13489202233668468	0.17326702970082833	0.05237265868745735
6	6	0.13295391462618722	0.13478469471343152	0.052557541189276226	0.8145354558130343	0.9685778853324875	0.13816511631843043	0.17755310483688871	0.06979785314037287
7	7	0.12518525168250694	0.14511176366932052	0.06477125246001639	0.8428379403101826	0.9706872360904901	0.13772398996663443	0.17327954143597563	0.061349874396838824
8	8	0.1330520833443863	0.1328964384305869	0.04557228328261001	0.8465180885164851	0.9746551544210753	0.15104531858664189	0.15695225450420686	0.07117433654503644
9	9	0.13637838824135118	0.12907507396474263	0.05421511121305807	0.8497541043879974	0.9711307740969864	0.15112192079513043	0.1509973276060977	0.06507476952383343
10	10	0.12902260389651005	0.13195281172001924	0.03400591628690958	0.8542486128551403	0.9704336984608617	0.14601941441766234	0.14742346752588165	0.04655797570317941