size	dial	Natural_SVM	Natural_ADA	Natural_RF	Component	Component+Context	Natural_SVM_Context	Natural_ADA_Context	Natural_RF_Context
1	1	0	0.0047619047619047615	0	0.07002734107997266	0.043426748689906584	0	0.0047619047619047615	0
2	2	0	0.010526315789473684	0	0.18157695374800636	0.19998519024834813	0	0.039097744360902256	0
3	3	0	0.0047619047619047615	0	0.2605422647527911	0.25499344953292324	0	0.020050125313283207	0
4	4	0	0	0	0.3295602642971064	0.31701013898382313	0	0.04603696741854636	0
5	5	0	0.03383458646616541	0	0.389127363864206	0.36714570517202094	0	0.020050125313283207	0
6	6	0	0.023809523809523808	0	0.4070243791296423	0.43210241512873093	0.00625	0.048120300751879695	0
7	7	0	0.015025062656641603	0	0.4077204374572795	0.41527341079972657	0.00625	0.02857142857142857	0
8	8	0	0.005263157894736842	0	0.39415242652084753	0.40041809068124856	0.00625	0.020789473684210524	0
9	9	0	0.021275062656641603	0	0.42907325131009344	0.4392993848257006	0.01875	0.05509085213032581	0
10	10	0	0.02857142857142857	0	0.451453634085213	0.4624812030075187	0.01875	0.05509085213032581	0