size	dial	Natural_SVM	Natural_ADA	Natural_RF	Component	Component+Context	Natural_SVM_Context	Natural_ADA_Context	Natural_RF_Context
1	1	0.2595959595959596	0.19090909090909092	0.08181818181818182	null	null	0.2595959595959596	0.2505050505050505	0.03636363636363636
2	2	0.34181818181818185	0.2797979797979798	0.15191919191919193	null	null	0.28070707070707074	0.30070707070707065	0.18484848484848487
3	3	0.217979797979798	0.29797979797979796	0.09191919191919193	null	null	0.19797979797979798	0.29797979797979796	0.07878787878787878
4	4	0.217979797979798	0.21888888888888886	0.1101010101010101	null	null	0.18686868686868685	0.29797979797979796	0.07171717171717171
5	5	0.217979797979798	0.29797979797979796	0.11919191919191921	null	null	0.18686868686868685	0.29797979797979796	0.03333333333333333
6	6	0.19797979797979798	0.1997979797979798	0.06666666666666667	null	null	0.18686868686868685	0.2088888888888889	0.031313131313131314
7	7	0.17777777777777776	0.1997979797979798	0.13232323232323231	null	null	0.16666666666666666	0.2088888888888889	0.08282828282828283
8	8	0.15050505050505053	0.1997979797979798	0.07171717171717171	null	null	0.1595959595959596	0.18888888888888888	0.09898989898989899
9	9	0.15050505050505053	0.1997979797979798	0.10101010101010102	null	null	0.1595959595959596	0.2088888888888889	0.08282828282828283
10	10	0.21050505050505053	0.32141414141414143	0.06444444444444444	null	null	0.21050505050505053	0.3305050505050505	0.08444444444444445