size	dial	Natural_SVM	Natural_ADA	Natural_RF	Component	Component+Context	Natural_SVM_Context	Natural_ADA_Context	Natural_RF_Context
1	1	0	0	0	0	0	0	0	0
2	2	0.03484848484848485	0.011212121212121211	0	0.07393162393162393	0.12387287509238729	0.03636363636363636	0.04666666666666667	0
3	3	0.06493506493506493	0.0874025974025974	0	0.09592074592074593	0.19451923076923078	0.07922077922077922	0.05121212121212121	0.01818181818181818
4	4	0.06303030303030303	0.08666666666666667	0.03333333333333333	0.11445449974861739	0.19921122994652407	0.07922077922077922	0.08416666666666668	0.01818181818181818
5	5	0.0696969696969697	0.12285714285714286	0	0.13424908424908427	0.2601415251415251	0.08722077922077921	0.1311904761904762	0
6	6	0.10303030303030303	0.16285714285714287	0	0.18221033352612298	0.2865705931495405	0.13407027754853842	0.17119047619047617	0
7	7	0.0715151515151515	0.1423684210526316	0.032467532467532464	0.21470075444365389	0.36360877684407095	0.1571928071928072	0.13403508771929826	0.032467532467532464
8	8	0.08433566433566435	0.1272727272727273	0.0125	0.22888839746424883	0.38130743525480365	0.1571928071928072	0.13560606060606062	0.013333333333333332
9	9	0.08251748251748252	0.13584313725490196	0.014285714285714285	0.2141556647686679	0.48001973258939207	0.13636363636363638	0.17521885521885522	0.03333333333333333
10	10	0.08121212121212122	0.0999798893916541	0	0.2529960235842589	0.5169240975742524	0.1302097902097902	0.11829577829577828	0.014285714285714285