\addplot[color=green,mark=*] coordinates {
(10,10)(20,20)(30,30)(40,40)(50,50)(60,60)(70,70)(80,80)(90,90)(100,100)(110,110)(120,120)(130,130)(140,140)(150,150)(160,160)
};
\addlegendentry{dial}

\addplot[color=green,mark=*] coordinates {
(10,0.13137768137686595)(20,0.19640898366884213)(30,0.2579667075859874)(40,0.42979279198916986)(50,0.5082428873751336)(60,0.505835498211026)(70,0.581718232153768)(80,0.6408681344649169)(90,0.6388821787923252)(100,0.6798630959583756)(110,0.72349796769129)(120,0.7452613697362382)(130,0.8009952580942656)(140,0.9156704397484571)(150,0.9199372759856631)(160,0.9666666666666667)
};
\addlegendentry{Natural\_Unigram\_SVM}

\addplot[color=green,mark=*] coordinates {
(10,0.1331446992182828)(20,0.15114803898603107)(30,0.18582688738719594)(40,0.3052419163338266)(50,0.33757807350405133)(60,0.3356013332694754)(70,0.4059380799790776)(80,0.518904454197965)(90,0.5299631326933465)(100,0.5897848189099855)(110,0.656933291099775)(120,0.7000596586381169)(130,0.7273552809029784)(140,0.8270877648052349)(150,0.8630227001194744)(160,0.9555555555555556)
};
\addlegendentry{Natural\_Unigram+Context\_SVM}

\addplot[color=green,mark=*] coordinates {
(10,0.2955005055611729)(20,0.5068559044211025)(30,0.693561584820603)(40,0.693561584820603)(50,0.7915207684940724)(60,0.8252286336626117)(70,0.8414125265746153)(80,0.8650684405531098)(90,0.8639931717359055)(100,0.8650684405531098)(110,0.9201729470168043)(120,0.9685600437909979)(130,0.9674847749737936)(140,0.9799145328481139)(150,0.9820639187574671)(160,0.9777777777777777)
};
\addlegendentry{Natural\_Unigram\_ADA}

\addplot[color=green,mark=*] coordinates {
(10,0.06676261456668516)(20,0.3130685879323897)(30,0.4265444123712087)(40,0.6908915352857474)(50,0.8544421168086792)(60,0.8814084089435106)(70,0.8252834943165507)(80,0.8489942689489844)(90,0.8510350852755149)(100,0.8682393863507837)(110,0.9222686239972742)(120,0.9694837985774359)(130,0.9674299143198546)(140,0.9799145328481139)(150,0.9820639187574671)(160,0.9777777777777777)
};
\addlegendentry{Natural\_Unigram+Context\_ADA}

\addplot[color=green,mark=*] coordinates {
(10,0.06670879676440848)(20,0.05188032433009439)(30,0.04674817584501527)(40,0.20245863755135093)(50,0.07023487241210828)(60,0.07208674390141258)(70,0.09965113890462074)(80,0.14525387007983878)(90,0.14299352351884992)(100,0.1834465912261992)(110,0.14736824532841958)(120,0.19004244967697786)(130,0.21770109786489789)(140,0.3092493818821292)(150,0.3432272998805257)(160,0.43333333333333335)
};
\addlegendentry{Natural\_Unigram\_RF}

\addplot[color=green,mark=*] coordinates {
(10,0.03643927286169368)(20,0.044076261160151696)(30,0.04372596772381501)(40,0.06890807846889258)(50,0.03907416165635612)(60,0.037773299756098444)(70,0.09598446105890028)(80,0.137863464960443)(90,0.15422652764640435)(100,0.15670821690929979)(110,0.13543995219617733)(120,0.12582464972740723)(130,0.1966364112854315)(140,0.2482756997911945)(150,0.19674432497013142)(160,0.1)
};
\addlegendentry{Natural\_Unigram+Context\_RF}

\addplot[color=green,mark=*] coordinates {
(10,0.8449113387489959)(20,0.9176403003046222)(30,0.9120238821117009)(40,0.9131103818212608)(50,0.9408425432548153)(60,0.9138055527911174)(70,0.9058874983105467)(80,0.8992632536205238)(90,0.8928125816413045)(100,0.8828959545444555)(110,0.8879287395107485)(120,null)(130,null)(140,null)(150,null)(160,null)
};
\addlegendentry{Component}

