size	dial	Natural_SVM	Natural_ADA	Natural_RF	Component	Component+Context	Natural_SVM_Context	Natural_ADA_Context	Natural_RF_Context
1	1	0	0	0	0.14224736048265457	0.15686274509803919	0	0	0
2	2	0	0	0	0.16142857142857142	0.2157142857142857	0	0.004597701149425287	0
3	3	0	0	0	0.21666666666666665	0.4023809523809524	0	0	0
4	4	0	0	0	0.22285714285714286	0.36571428571428577	0	0	0
5	5	0	0	0	0.2414285714285714	0.40499999999999997	0	0	0
6	6	0	0	0	0.21619047619047618	0.5149999999999999	0	0	0
7	7	0	0	0	0.20857142857142857	0.46571428571428575	0	0	0
8	8	0	0	0	0.19	0.598095238095238	0	0	0
9	9	0	0	0	0.17333333333333334	0.6047619047619046	0	0	0
10	10	0	0	0	0.19666666666666668	0.5423809523809523	0	0	0