size	dial	Natural_Unigram_SVM	Natural_Unigram+Context_SVM	Natural_Unigram_ADA	Natural_Unigram+Context_ADA	Natural_Unigram_RF	Natural_Unigram+Context_RF	Component
1	1	0	0	0.08275862068965517	0.004054054054054054	0	0	0.6995464805753411
2	2	0.002857142857142857	0.0035714285714285713	0.007207792207792207	0.007207792207792207	0	0.011764705882352941	0.8034604648225339
3	3	0.05555555555555556	0.03529411764705882	0.07692307692307693	0.07692307692307693	0.012903225806451613	0	0.7935153081273769
4	4	0.05555555555555556	0.025	0.1685897435897436	0.08525641025641026	0.016666666666666666	0.015384615384615385	0.7902947244326554
5	5	0.05555555555555556	0.025	0.07692307692307693	0.07692307692307693	0	0	0.7918087975243147
6	6	0.09523809523809523	0.025	0.2519230769230769	0.2553418803418804	0.016666666666666666	0.014285714285714285	0.8098895139899034
7	7	0.09523809523809523	0.025	0.24716117216117217	0.49049450549450546	0	0.016666666666666666	0.8021707381420953
8	8	0.09857142857142856	0.015384615384615385	0.33049450549450554	0.33049450549450554	0.016666666666666666	0.016666666666666666	0.8021707381420953
9	9	0.09172932330827067	0.016666666666666666	0.32493894993894995	0.4187320533872258	0	0.016666666666666666	0.7851034798534797
10	10	0.10315789473684212	0.016666666666666666	0.32493894993894995	0.4049389499389499	0.016666666666666666	0.016666666666666666	0.789023708679159