size	dial	Natural_SVM	Natural_PolynomialSVM	Natural_RadialSVM	Natural_SigmoidSVM	Natural_ADA
1	1	0	0	0	0	0
2	2	0.05	0	0.05	0.05	0.05
3	3	0.08909090909090908	0	0.08909090909090908	0.08909090909090908	0.22818181818181818
4	4	0.08575757575757574	0	0.07575757575757576	0.08575757575757574	0.19131313131313132
5	5	0.07575757575757576	0	0.06575757575757575	0.06575757575757575	0.20040404040404042
6	6	0.13131313131313133	0	0.1213131313131313	0.09186868686868686	0.24686868686868685
7	7	0.13131313131313133	0	0.13131313131313133	0.06333333333333332	0.20464646464646466
8	8	0.13131313131313133	0	0.13131313131313133	0.052222222222222225	0.20464646464646466
9	9	0.13131313131313133	0	0.13131313131313133	0.03222222222222222	0.20464646464646466
10	10	0.13131313131313133	0	0.12297979797979797	0.04242424242424242	0.21575757575757576