size	dial	Natural_Unigram_SVM	Natural_Unigram+Context_SVM	Natural_Unigram_ADA	Natural_Unigram+Context_ADA	Natural_Unigram_RF	Natural_Unigram+Context_RF	Component
1	1	0.09794502266264304	0.09550561925357495	0.20719649846490582	0.18098927944831872	0.05146490953128892	0.042515674093728764	0
2	2	0.1760946059451159	0.1679374175059664	0.35347873148704506	0.3369695131145808	0.07188871723905801	0.07075743191416481	0
3	3	0.2617726630065613	0.2343098021333559	0.4610330141921195	0.44320958541853683	0.09051302747675696	0.0896376516645693	0
4	4	0.3336247867346511	0.305080135938204	0.5291707138680162	0.5113777289828689	0.11139938075491196	0.10640934205156286	0
5	5	0.4309223903568923	0.3977697600971747	0.5852515178047667	0.5856559475329111	0.13437720296708672	0.1429005943836915	0
6	6	0.49140279887635446	0.4564236072667282	0.617464243149594	0.6182731888035543	0.18424361122608723	0.16897842113846157	0
7	7	0.5300971474859041	0.501711229998443	0.6445446894328632	0.6525354605138531	0.19888894366990909	0.19605432417411087	0
8	8	0.562413292274109	0.5350601238772563	0.6514346042274846	0.6543090243247953	0.22411681290634813	0.2280776066302952	0
9	9	0.5766131617064321	0.5533841948220604	0.6562405460227971	0.6440049220480732	0.2336482907806016	0.23738804600657573	0
10	10	0.5843702226784357	0.562659084808447	0.6531376119159653	0.6567218960786385	0.25950930239875114	0.24973098358913148	0