size	dial	Natural_Unigram_SVM	Natural_Unigram+Context_SVM	Natural_Unigram_ADA	Natural_Unigram+Context_ADA	Natural_Unigram_RF	Natural_Unigram+Context_RF	Component
10	10	0	0	0	0	0	0	0
20	20	0	0	0	0	0	0	0
30	30	0	0	0	0	0	0	0
40	40	0	0	0	0	0	0	0
50	50	0	0	0	0	0	0	0
60	60	0.031578947368421054	0.047058823529411764	0.031578947368421054	0.0625	0	0.03636363636363636	0
70	70	0.11487306501547986	0.14898989898989898	0.06190476190476191	0.13354880413703946	0.016666666666666666	0.09615384615384616	0
80	80	0.1089783281733746	0.14898989898989898	0.08095238095238096	0.1892197998080351	0	0.10859728506787332	0
90	90	0.09710526315789474	0.15493761140819964	0.0649122807017544	0.1506993006993007	0.032467532467532464	0.10064935064935066	0
100	100	0.10979532163742689	0.16827094474153298	0.14499108734402852	0.21494172494172492	0.01818181818181818	0.07636363636363637	0
110	110	0.10979532163742689	0.16827094474153298	0.1451948051948052	0.21494172494172492	0.014285714285714285	0.10153846153846154	0
120	120	0.10979532163742689	0.16827094474153298	0.12306595365418896	0.21494172494172492	0.030952380952380953	0.03333333333333333	null
130	130	0.09757121297868326	0.15493761140819964	0.12862394436164928	0.18696969696969695	0.05714285714285714	0.08244343891402714	null
140	140	0.03125	0.05555555555555555	0.07744107744107744	0.07215007215007214	0	0.07017543859649122	null
150	150	0.07142857142857142	0.13333333333333333	0.13227513227513227	0.26745718050065875	0.05128205128205129	0.2222222222222222	null
160	160	0.21428571428571427	0.4	0.14285714285714285	0.45454545454545453	0	0.5714285714285714	null