size	dial	Natural_SVM	Natural_ADA	Natural_RF	Component	Component+Context	Natural_SVM_Context	Natural_ADA_Context	Natural_RF_Context
1	1	0	0	0	0.010368897317807074	0.004996096799375488	0	0	0
2	2	0	0	0	0.006031746031746031	0.11666666666666665	0	0	0
3	3	null	0	0	0.02255840135097101	0.195	0	0	0
4	4	null	0	null	0.05175324675324675	null	0	0	0
5	5	null	0	0	0.055714285714285716	null	0	0	0
6	6	null	0	null	0.06211274864418881	null	0	0	0
7	7	null	0	null	0.06692933083176986	null	0	0	0
8	8	null	0	null	0.07188034188034188	null	null	0	0
9	9	null	0	0	0.08062271062271062	null	null	0	0
10	10	null	0	0	0.152014652014652	null	null	0	0