size	dial	Natural_SVM	Natural_ADA	Natural_RF	Component
5	5	0	0.009523809523809523	0	0.6852027126640131
10	10	0.01818181818181818	0.11563714063714063	0	0.7759186035272991
15	15	0.048888888888888885	0.13941919191919191	0.025	0.8440099116569705
20	20	0.05888888888888888	0.0548425430778372	0.015384615384615385	0.826346643552526
25	25	0.05888888888888888	0.08617826617826617	0.015384615384615385	0.8377405927405928
30	30	0.04555555555555555	0.05908496732026143	0.015384615384615385	0.8501233766233766
35	35	0.07883116883116884	0.12781512605042017	0	0.8239005602240896
40	40	0.07883116883116884	0.1432263814616756	0.02	0.8286507936507936
45	45	0.06428571428571428	0.1007936507936508	0.02222222222222222	0.8191984486102134
50	50	0.046507936507936505	0.08857142857142856	0	0.8341766180156274
55	55	0.024285714285714285	0.025	0	0.8305200501253134
60	60	0.024285714285714285	0.04555555555555555	0.02222222222222222	0.8305200501253134
65	65	0.024285714285714285	0.0455988455988456	0	0.8466658357122754
70	70	0.01	0.057222222222222216	0.03222222222222222	0.8455623416830846