size	dial	Natural_Unigram_SVM	Natural_Unigram+Context_SVM	Natural_Unigram_ADA	Natural_Unigram+Context_ADA	Natural_Unigram_RF	Natural_Unigram+Context_RF	Component
1	1	0.4281343941506813	0.38651730696687137	0.3429159908364462	0.28769140375606966	0.38731669702018623	0.4902760200719434	null
2	2	0.5748005735276032	0.6168820338416671	0.4977348593509805	0.49277132153446274	0.5625339715290453	0.5775192930424822	null
3	3	0.6615052803622592	0.696917070155284	0.5945070370133816	0.6010978375217986	0.6545493817721648	0.7004776508131887	null
4	4	0.6972731044405169	0.7355015801591136	0.6622859308587687	0.6598553293995969	0.6863962673476374	0.7255557310697964	null
5	5	0.7273450570559594	0.7655923808024283	0.6692313542742195	0.6784567067102545	0.7273931389118996	0.7184235619159537	null
6	6	0.7519449450977655	0.7822453731134431	0.6889434309734733	0.6817757122014075	0.8077421782708374	0.7969121932861318	null
7	7	0.7653892097307523	0.7953212552327893	0.7033148921833472	0.704000775833961	0.8091388723259147	0.7929801399872329	null
8	8	0.7706070375024177	0.8072575132140773	0.7148838141216538	0.7214518340435891	0.8326606099877519	0.8187006113190389	null
9	9	0.775984150435377	0.8142860619902711	0.7217487545965614	0.7343534894857799	0.8471082905436352	0.8441959353078857	null
10	10	0.7822874757961998	0.8167208529030013	0.7252321374428269	0.7381996815665873	0.8579147004480097	0.8309674172640342	null