\addplot[color=green,mark=*] coordinates {
(1,1)(2,2)(3,3)(4,4)(5,5)(6,6)(7,7)(8,8)(9,9)(10,10)
};
\addlegendentry{dial}

\addplot[color=green,mark=*] coordinates {
(1,0.06287878787878788)(2,0.07462121212121212)(3,0.12916666666666668)(4,0.1391666666666667)(5,0.1675)(6,0.1956818181818182)(7,0.20477272727272727)(8,0.20477272727272727)(9,0.2843181818181818)(10,0.2843181818181818)
};
\addlegendentry{MYMO}

\addplot[color=green,mark=*] coordinates {
(1,0.01818181818181818)(2,0.02159090909090909)(3,0.03977272727272727)(4,0.04159090909090909)(5,0.04159090909090909)(6,0.0325)(7,0.0325)(8,0.05068181818181818)(9,0.05068181818181818)(10,0.05068181818181818)
};
\addlegendentry{Natural\_SVM}

\addplot[color=green,mark=*] coordinates {
(1,0.06363636363636363)(2,0.03636363636363636)(3,0.01818181818181818)(4,0.039090909090909086)(5,0.06636363636363636)(6,0.04818181818181818)(7,0.08909090909090908)(8,0.10727272727272727)(9,0.07886363636363636)(10,0.07886363636363636)
};
\addlegendentry{Natural\_ADA}

\addplot[color=green,mark=*] coordinates {
(1,0)(2,0)(3,0)(4,0)(5,0)(6,0)(7,0)(8,0)(9,0)(10,0)
};
\addlegendentry{Component\_ADA}

\addplot[color=green,mark=*] coordinates {
(1,0.06212121212121212)(2,0.11515151515151514)(3,0.16136363636363635)(4,0.16068181818181818)(5,0.1716666666666667)(6,0.2146212121212121)(7,0.24871212121212122)(8,0.2668939393939394)(9,0.30022727272727273)(10,0.3025)
};
\addlegendentry{Component\_SVM}

