\addplot[color=green,mark=*] coordinates {
(1,1)(2,2)(3,3)(4,4)(5,5)(6,6)(7,7)(8,8)(9,9)(10,10)
};
\addlegendentry{dial}

\addplot[color=green,mark=*] coordinates {
(1,0.008333333333333333)(2,0.05454545454545454)(3,0.045454545454545456)(4,0.045454545454545456)(5,0.05454545454545454)(6,0.05454545454545454)(7,0.045454545454545456)(8,0.045454545454545456)(9,0.045454545454545456)(10,0.07272727272727272)
};
\addlegendentry{Natural\_SVM}

\addplot[color=green,mark=*] coordinates {
(1,0)(2,0)(3,0)(4,0)(5,0)(6,0)(7,0)(8,0)(9,0)(10,0)
};
\addlegendentry{Natural\_PolynomialSVM}

\addplot[color=green,mark=*] coordinates {
(1,0)(2,0.02727272727272727)(3,0.02727272727272727)(4,0.00909090909090909)(5,0.01818181818181818)(6,0.00909090909090909)(7,0)(8,0)(9,0)(10,0.06363636363636363)
};
\addlegendentry{Natural\_RadialSVM}

\addplot[color=green,mark=*] coordinates {
(1,0.008333333333333333)(2,0)(3,0)(4,0)(5,0)(6,0)(7,0)(8,0)(9,0)(10,0)
};
\addlegendentry{Natural\_SigmoidSVM}

\addplot[color=green,mark=*] coordinates {
(1,0.09166666666666666)(2,0.18333333333333332)(3,0.18333333333333332)(4,0.18333333333333332)(5,0.23787878787878788)(6,0.24557109557109555)(7,0.3301864801864802)(8,0.33018648018648017)(9,0.4301864801864802)(10,0.33787878787878783)
};
\addlegendentry{Natural\_ADA}

