size	dial	Natural_SVM	Natural_ADA	Natural_RF	Component	Component+Context	Natural_SVM_Context	Natural_ADA_Context	Natural_RF_Context
1	1	0	0	0	0.4914423076923078	0.7403412518853696	0	0	0
2	2	0	0.023076923076923078	0.007692307692307693	0.6786714429361489	0.9261884112619407	0.015384615384615385	0.03076923076923077	0.007692307692307693
3	3	0	0.03076923076923077	0	0.7020783056812469	0.9379531171442936	0.007692307692307693	0.023076923076923078	0.015384615384615385
4	4	0	0.03076923076923077	0.007692307692307693	0.7092313976872799	0.9209596530920061	0	0.015384615384615385	0.007692307692307693
5	5	0	0	0	0.7387248617395675	0.9142929864253395	0	0.011764705882352941	0
6	6	0	0	0	0.6658239064856712	0.9010903720462545	0	0.011764705882352941	0
7	7	0	0.026250000000000002	0	0.6550848416289592	0.9066459276018101	0	0.013333333333333332	0
8	8	0	0.026666666666666665	0	0.6696103569632981	0.9242929864253396	0	0.02	0
9	9	0.006666666666666666	0.013333333333333332	0	0.7071719457013574	0.906972724987431	0	0.021025641025641025	0
10	10	0	0.013333333333333332	0.00625	0.74087732528909	0.9003060583207644	0	0.027275641025641027	0.00625