size	dial	Natural_SVM	Natural_ADA	Natural_RF	Component	Component+Context	Natural_SVM_Context	Natural_ADA_Context	Natural_RF_Context
1	1	0	0	0	0	0	0	0	0
2	2	0	0.01111111111111111	0	0.11805555555555555	0.12916666666666665	0	0.01111111111111111	0
3	3	0.05714285714285714	0.053968253968253964	0.014285714285714285	0.1640873015873016	0.20853174603174604	0.05714285714285714	0.053968253968253964	0.04285714285714286
4	4	0.05714285714285714	0.053968253968253964	0.02857142857142857	0.1640873015873016	0.1863095238095238	0.05714285714285714	0.053968253968253964	0.04285714285714286
5	5	0.05714285714285714	0.053968253968253964	0.014285714285714285	0.23742063492063492	0.2674206349206349	0.05714285714285714	0.053968253968253964	0.02857142857142857
6	6	0.04285714285714286	0.10396825396825396	0	0.21992063492063493	0.30103174603174604	0.06964285714285715	0.09146825396825396	0.04107142857142857
7	7	0.08035714285714286	0.11646825396825396	0.0125	0.26992063492063495	0.4551984126984127	0.09285714285714286	0.15396825396825395	0.014285714285714285
8	8	0.08035714285714286	0.07896825396825397	0.014285714285714285	0.31686507936507935	0.4663095238095238	0.09285714285714286	0.15396825396825395	0.039285714285714285
9	9	0.06785714285714287	0.06785714285714287	0.039285714285714285	0.25992063492063494	0.5157142857142858	0.06785714285714287	0.13035714285714287	0.02857142857142857
10	10	0.06785714285714287	0.07896825396825397	0.014285714285714285	0.27103174603174607	0.5704365079365079	0.06785714285714287	0.08035714285714286	0.02857142857142857