\addplot[color=green,mark=*] coordinates {
(1,1)(2,2)(3,3)(4,4)(5,5)(6,6)(7,7)(8,8)(9,9)(10,10)
};
\addlegendentry{dial}

\addplot[color=green,mark=*] coordinates {
(1,0.4447539133933997)(2,0.5615132594388365)(3,0.6191730364540577)(4,0.6369070169243638)(5,0.664650600346331)(6,0.6940305485469388)(7,0.7067778650148109)(8,0.711949762752323)(9,0.7193408437031732)(10,0.7278712757228747)
};
\addlegendentry{MYMO}

\addplot[color=green,mark=*] coordinates {
(1,0.11927086379874427)(2,0.2161123273119164)(3,0.3254363226544955)(4,0.40328910430661014)(5,0.46791282631006775)(6,0.550861122429045)(7,0.5885292852745831)(8,0.628733754717626)(9,0.6478764756388306)(10,0.6585330477465863)
};
\addlegendentry{Natural\_SVM}

\addplot[color=green,mark=*] coordinates {
(1,0.1452080422351328)(2,0.2330195676406715)(3,0.3171944059271889)(4,0.39497825790846813)(5,0.45010234552506667)(6,0.5274130505362087)(7,0.5713925756924934)(8,0.6193067557645694)(9,0.6439083811978746)(10,0.6577556266808898)
};
\addlegendentry{Natural\_SVM+Context}

\addplot[color=green,mark=*] coordinates {
(1,0.224189615869544)(2,0.4142199905194769)(3,0.49911672224068504)(4,0.5757408015918242)(5,0.5991314175066057)(6,0.6389898064750736)(7,0.6431984849433168)(8,0.655851508994689)(9,0.6728175135059903)(10,0.6838562335273063)
};
\addlegendentry{Natural\_ADA}

\addplot[color=green,mark=*] coordinates {
(1,0.23346807385077448)(2,0.4074674654781476)(3,0.512310606176489)(4,0.5795488052222714)(5,0.6201375943498063)(6,0.6417503632590073)(7,0.6553440729307708)(8,0.664765369527219)(9,0.6787145309533902)(10,0.6841399311270998)
};
\addlegendentry{Natural\_ADA+Context}

