\addplot[color=green,mark=*] coordinates {
(1,1)(2,2)(3,3)(4,4)(5,5)(6,6)(7,7)(8,8)(9,9)(10,10)
};
\addlegendentry{dial}

\addplot[color=green,mark=*] coordinates {
(1,0)(2,0.09027777777777778)(3,0.13472222222222224)(4,0.2208333333333333)(5,0.2833333333333333)(6,0.29444444444444445)(7,0.29444444444444445)(8,0.37361111111111106)(9,0.38611111111111107)(10,0.3875)
};
\addlegendentry{MYMO}

\addplot[color=green,mark=*] coordinates {
(1,0)(2,0.04444444444444444)(3,0.04444444444444444)(4,0.11944444444444444)(5,0.10694444444444444)(6,0.11805555555555555)(7,0.11805555555555555)(8,0.10555555555555556)(9,0.10555555555555556)(10,0.11805555555555555)
};
\addlegendentry{Natural\_SVM}

\addplot[color=green,mark=*] coordinates {
(1,0)(2,0.03333333333333333)(3,0.03333333333333333)(4,0.11944444444444444)(5,0.08333333333333333)(6,0.08333333333333333)(7,0.07083333333333333)(8,0.09444444444444444)(9,0.09444444444444444)(10,0.15694444444444444)
};
\addlegendentry{Natural\_ADA}

\addplot[color=green,mark=*] coordinates {
(1,0)(2,0)(3,0)(4,0)(5,0)(6,0)(7,0)(8,0)(9,0)(10,0)
};
\addlegendentry{Component\_ADA}

\addplot[color=green,mark=*] coordinates {
(1,0.05)(2,0.12916666666666668)(3,0.1436111111111111)(4,0.20861111111111108)(5,0.2836111111111111)(6,0.2711111111111111)(7,0.27222222222222225)(8,0.3388888888888889)(9,0.33638888888888896)(10,0.36)
};
\addlegendentry{Component\_SVM}

