size	dial	Natural_Unigram_SVM	Natural_Unigram+Context_SVM	Natural_Unigram_ADA	Natural_Unigram+Context_ADA	Natural_Unigram_RF	Natural_Unigram+Context_RF	Component
10	10	0.012274428068757424	0.016633867222731052	0.015246081264512438	0.01852857145009014	0.007649085514778622	0.01104438751810589	0.2793976982455523
20	20	0.01803511318675481	0.024040390505319233	0.023471378769423214	0.029650284903617985	0.010109456163665542	0.013874848479963476	0.3395079423553793
30	30	0.022690660985189973	0.0285686402224475	0.02723503709442075	0.03740330795279298	0.012062755483119416	0.016222852962350286	0.36237032672248554
40	40	0.0320274003101619	0.03693420734690651	0.035272847237162605	0.045644382253638385	0.016193433672242318	0.022367303842154004	0.357659462804834
50	50	0.03843801001915857	0.04362665914846499	0.03937263693150615	0.05286880154505362	0.018385875853672407	0.023900142819005647	0.3821111444580279
60	60	0.046421039107415726	0.05147783865264186	0.04927880226706592	0.06521233518346732	0.02104975205182328	0.02476060597978043	0.4154106395835232
70	70	0.05189921738105715	0.05968553861605439	0.05170474323007218	0.07288049849605241	0.023086071831548087	0.02864758294310322	0.42133970231615825
80	80	0.0552510298263464	0.06471576058011971	0.05643961897522913	0.08145804865478298	0.02397525739035295	0.029664080416979304	0.4283400629393285
90	90	0.058396282823510746	0.0728416084270825	0.06097848632005939	0.08583033910912787	0.025731950868653757	0.033507352886971646	0.42256897598416143
100	100	0.06242462018635635	0.0761842404230935	0.06745543094199788	0.09163341323537033	0.027631388284499625	0.030304630740579243	0.42943255569526695
110	110	0.0659084084327498	0.07949179663707082	0.066622803637073	0.09598626226507126	0.030595174179881474	0.036631853532281176	0.45104470882908976
120	120	0.06858455522875768	0.0830342888317911	0.06859389732776607	0.10028416232615531	0.029648655748056568	0.03550571494808516	null
130	130	0.07119271068329366	0.08572295326239665	0.07130447361013839	0.10542848202426136	0.032333340399822705	0.039123819981607286	null
140	140	0.0671418341969284	0.08158855785355268	0.06896584558615448	0.10027882109651141	0.027062614352135653	0.03487811029128066	null
150	150	0.07131546577965057	0.08801409360598987	0.07352942445657976	0.11282793168525067	0.03007500261621937	0.03700308309789901	null
160	160	0.07382713964987471	0.09274163099233404	0.07235896825953517	0.11111045183657722	0.028481537930779465	0.04094677203452488	null