size	dial	Natural_Unigram_SVM	Natural_Unigram+Context_SVM	Natural_Unigram_ADA	Natural_Unigram+Context_ADA	Natural_Unigram_RF	Natural_Unigram+Context_RF	Component
1	1	0.1268990898147748	0.12534999816427955	0.1372564930341536	0.1275092263392625	0.10357040490271038	0.09877908022927921	0.07830596464231665
2	2	0.17698759214752166	0.18198510825464984	0.22573580663161302	0.21279891742945728	0.12767028220678237	0.12605129196951728	0.07830596464231665
3	3	0.24162025772436962	0.23208704863334825	0.31663583922551897	0.3073804070682168	0.14052899349469883	0.13780351804480212	0.07830596464231665
4	4	0.2906430037545785	0.2868088545037156	0.36872227582604034	0.3540705871492552	0.16051518312499657	0.15149357897150476	0.07830596464231665
5	5	0.36007683658474454	0.3508010060652279	0.40336914456603284	0.4048844846886899	0.17981589229048692	0.18477185053623765	0.07830596464231665
6	6	0.404731617594306	0.39110493306843475	0.44426447772108313	0.42956953755910765	0.21432839227246614	0.20692090146309128	0.07830596464231665
7	7	0.4317541523108616	0.42548272676258725	0.47184162200203106	0.46958919420061374	0.22685320415763904	0.22444827160773956	0.07830596464231665
8	8	0.4576438296646387	0.4547997983897467	0.4852692068389069	0.48252648726728875	0.2508264626554432	0.25099557110789417	0.07830596464231665
9	9	0.4684068122561543	0.471522193924976	0.4934122833622533	0.4868224256188398	0.2591439514959316	0.26114649931939043	0.07830596464231665
10	10	0.47531912715781166	0.4788620087580135	0.4881488672971421	0.4899009313138746	0.27844712158430196	0.2743937652407763	0.07830596464231665