\addplot[color=green,mark=*] coordinates {
(10,10)(20,20)(30,30)(40,40)(50,50)(60,60)(70,70)(80,80)(90,90)(100,100)(110,110)(120,120)(130,130)(140,140)(150,150)(160,160)
};
\addlegendentry{dial}

\addplot[color=green,mark=*] coordinates {
(10,null)(20,0.8395452279300455)(30,0.9125287852454861)(40,0.9200402262354421)(50,0.9408732575925342)(60,0.9422015195388201)(70,0.943512773204923)(80,0.9411494620544005)(90,0.9375775263775317)(100,0.9401479463278963)(110,0.939649736328459)(120,0.9441795623061778)(130,0.9380913220551378)(140,0.9370479925972113)(150,0.9305417980484453)(160,0.9348081679590718)
};
\addlegendentry{Natural\_Unigram\_SVM}

\addplot[color=green,mark=*] coordinates {
(10,null)(20,0.7806165392578437)(30,0.8953118970490896)(40,0.9128452965342367)(50,0.9395963643458796)(60,0.9345501238080332)(70,0.9392400872742757)(80,0.9401394331262549)(90,0.9413444030192221)(100,0.9404776613992836)(110,0.942963553137939)(120,0.9505582774951387)(130,0.9445326316241324)(140,0.9397722418293654)(150,0.9326734359551696)(160,0.9345719247681337)
};
\addlegendentry{Natural\_Unigram+Context\_SVM}

\addplot[color=green,mark=*] coordinates {
(10,null)(20,0.7538768196762761)(30,0.7573526916261619)(40,0.9270371390843419)(50,0.9314366627484898)(60,0.9292704325917536)(70,0.9290982102773493)(80,0.9294715839356753)(90,0.9294935617219726)(100,0.9291615369448373)(110,0.9297964251953216)(120,0.9346133696393212)(130,0.9331709331412842)(140,0.9310905090543704)(150,0.9217510043719721)(160,0.9276102699144174)
};
\addlegendentry{Natural\_Unigram\_ADA}

\addplot[color=green,mark=*] coordinates {
(10,null)(20,null)(30,0.7464305531758806)(40,null)(50,0.9301007748663409)(60,0.9292107346524183)(70,0.9275326594875338)(80,0.9290679780930244)(90,0.932117352354536)(100,0.9285631568262769)(110,0.933129024791833)(120,0.9301634295255994)(130,0.9290126390887123)(140,0.9353561549339992)(150,0.9208855902304349)(160,0.9266465549539126)
};
\addlegendentry{Natural\_Unigram+Context\_ADA}

\addplot[color=green,mark=*] coordinates {
(10,null)(20,null)(30,null)(40,null)(50,0.9595785110735333)(60,0.9601317281015739)(70,0.9353992989179257)(80,0.9033415330130264)(90,0.9334164210546241)(100,0.8760933900027913)(110,0.9256728579124849)(120,0.9569869788600115)(130,0.9158990842684575)(140,0.9233836093451645)(150,0.9173193449883743)(160,0.9353050371262291)
};
\addlegendentry{Natural\_Unigram\_RF}

\addplot[color=green,mark=*] coordinates {
(10,null)(20,null)(30,null)(40,null)(50,null)(60,0.9307539147794609)(70,0.8556944378525561)(80,0.8765671765992726)(90,0.8783488405584731)(100,0.8855539828690446)(110,0.9221511608000433)(120,0.9238665983962222)(130,0.9035814433812944)(140,0.9323566632840278)(150,0.8851660055762584)(160,0.9245157722476159)
};
\addlegendentry{Natural\_Unigram+Context\_RF}

\addplot[color=green,mark=*] coordinates {
(10,0.9192319310537496)(20,0.9197208301573072)(30,0.9214660352129306)(40,0.9231806254674849)(50,0.9240717914332887)(60,0.9238860012191694)(70,0.9271871440446544)(80,0.9268892752598991)(90,0.9277693431992539)(100,null)(110,null)(120,null)(130,null)(140,null)(150,null)(160,null)
};
\addlegendentry{Component}

