size	dial	MYMO	Natural_SVM	Natural_SVM+Context	Natural_ADA	Natural_ADA+Context
1	1	0.37335591652929107	0.015406162464985995	0.016526610644257703	0.27933067964027714	0.18459383753501402
2	2	0.553927733772935	0.03040616246498599	0.030644257703081233	0.264593837535014	0.269593837535014
3	3	0.6549298379638937	0.06635854341736695	0.06635854341736695	0.3403081232492997	0.33030812324929976
4	4	0.6035432833420449	0.06635854341736695	0.05921568627450979	0.3403081232492997	0.3403081232492997
5	5	0.6170697465589106	0.052072829131652655	0.04016806722689076	0.3403081232492997	0.33030812324929976
6	6	0.6848551860935761	0.07016806722689076	0.05302521008403362	0.3953081232492997	0.3303081232492997
7	7	0.6484618632141852	0.1342156862745098	0.09802521008403361	0.4003081232492997	0.3303081232492997
8	8	0.6517472826451154	0.15621848739495797	0.11478991596638655	0.40433067964027714	0.40433067964027714
9	9	0.6523664776915551	0.15621848739495797	0.1269327731092437	0.40307017543859647	0.39218782249741996
10	10	0.681778644472143	0.14407563025210085	0.10478991596638657	0.4083333333333334	0.4033333333333333