\addplot[color=green,mark=*] coordinates {
(1,1)(2,2)(3,3)(4,4)(5,5)(6,6)(7,7)(8,8)(9,9)(10,10)
};
\addlegendentry{dial}

\addplot[color=green,mark=*] coordinates {
(1,0.4155425577506332)(2,0.4850390800178313)(3,0.5799317674431661)(4,0.5658740233210373)(5,0.5707469684391613)(6,0.5893986779890069)(7,0.5969881958543708)(8,0.5948432501053817)(9,0.6054209158188597)(10,0.6010937114235834)
};
\addlegendentry{MYMO}

\addplot[color=green,mark=*] coordinates {
(1,0.016666666666666666)(2,0.016666666666666666)(3,0.10236842105263158)(4,0.1006993006993007)(5,0.10285714285714284)(6,0.12280483494733865)(7,0.13186147736490988)(8,0.14630206677265503)(9,0.1720250744989019)(10,0.2021206022659511)
};
\addlegendentry{Natural\_SVM}

\addplot[color=green,mark=*] coordinates {
(1,0)(2,0)(3,0.09034531360112756)(4,0.09449204406364749)(5,0.10056022408963586)(6,0.09761904761904762)(7,0.0980952380952381)(8,0.1484667713239142)(9,0.13988095238095238)(10,0.14861751152073732)
};
\addlegendentry{Natural\_SVM+Context}

\addplot[color=green,mark=*] coordinates {
(1,0.046153846153846156)(2,0)(3,0.11615384615384614)(4,0.09682051282051282)(5,0.12260545905707196)(6,0.17002813946944312)(7,0.20635636989184233)(8,0.21477745621306651)(9,0.27106832832087224)(10,0.27914025530164505)
};
\addlegendentry{Natural\_ADA}

\addplot[color=green,mark=*] coordinates {
(1,0)(2,0)(3,0.11615384615384614)(4,0.11282051282051282)(5,0.09615384615384616)(6,0.09411764705882353)(7,0.1614289717007565)(8,0.22344012554462328)(9,0.2821789202265753)(10,0.3229402376406679)
};
\addlegendentry{Natural\_ADA+Context}

