\addplot[color=green,mark=*] coordinates {
(1,1)(2,2)(3,3)(4,4)(5,5)(6,6)(7,7)(8,8)(9,9)(10,10)(15,15)(20,20)(25,25)(30,30)(35,35)(40,40)(45,45)(50,50)(55,55)(60,60)(65,65)(70,70)(75,75)(80,80)(85,85)(90,90)
};
\addlegendentry{dial}

\addplot[color=green,mark=*] coordinates {
(1,0.03207227555053642)(2,0.17414136595171076)(3,0.18607304857304857)(4,0.22026890605819519)(5,0.13352192493496842)(6,0.06857142857142857)(7,0.05871496924128503)(8,0.07352997879313669)(9,0.057458550221708114)(10,0.1240887558023108)(15,0.10762939958592133)(20,0.0706876456876457)(25,0.12738858363858366)(30,0.13663203725426096)(35,0.10391062141519807)(40,0.10036332088963666)(45,0.07477058029689608)(50,0.09944810744810746)(55,0.03982905982905983)(60,0.0603052503052503)(65,0.07415806415806417)(70,0.03967032967032967)(75,0.05076923076923077)(80,0.04919413919413919)(85,0.023809523809523808)(90,0.023809523809523808)
};
\addlegendentry{Natural\_SVM}

\addplot[color=green,mark=*] coordinates {
(1,0.032900432900432895)(2,0.15519127156426926)(3,0.17296543072858858)(4,0.16332928034011623)(5,0.1724155122621088)(6,0.1337086607922521)(7,0.1272198100084157)(8,null)(9,null)(10,null)(15,null)(20,null)(25,null)(30,null)(35,null)(40,null)(45,null)(50,null)(55,null)(60,null)(65,null)(70,null)(75,null)(80,null)(85,null)(90,null)
};
\addlegendentry{Natural\_Ada}

\addplot[color=green,mark=*] coordinates {
(1,0.009523809523809523)(2,0.08160498055021381)(3,0.06979363400202516)(4,0.09242646242646242)(5,0.06089381061349024)(6,0.06860453272217978)(7,0.09447033358798065)(8,0.03557312252964427)(9,0.022023809523809522)(10,null)(15,null)(20,null)(25,null)(30,null)(35,null)(40,null)(45,null)(50,null)(55,null)(60,null)(65,null)(70,null)(75,null)(80,null)(85,null)(90,null)
};
\addlegendentry{Natural\_RF}

