size	dial	Natural_SVM	Natural_ADA	Natural_RF	Component	Component+Context	Natural_SVM_Context	Natural_ADA_Context	Natural_RF_Context
1	1	0	0	0	0.3401190476190476	0.5931286549707602	0	0	0
2	2	0	0	0	0.445009435009435	0.6764215686274511	0	0	0
3	3	0	0	0	0.44442173839232657	0.6978835569315447	0	0	0
4	4	0	0	0	0.4820740860446743	0.6910414516683867	0	0	0
5	5	0	0	0	0.5359442002785656	0.6910414516683867	0	0	0
6	6	0	0	0	0.4747525676937441	0.6834391124871002	0	0	0
7	7	0	0.0064516129032258064	0	0.4742110177404296	0.6834391124871002	0	0	0
8	8	0	0.00625	0	0.4742110177404295	0.6910414516683867	0	0	0
9	9	0	0.009392789373814043	0	0.4856568173828236	0.6600816993464054	0.01	0.012167832167832168	0
10	10	0	0.0029411764705882353	0	0.4939441019936376	0.6685784313725491	0	0.008205128205128205	0