size	dial	Natural_SVM	Natural_ADA	Natural_RF	Component	Component+Context	Natural_SVM_Context	Natural_ADA_Context	Natural_RF_Context
1	1	0	0	0	0	0	0	0	0
2	2	0	0.00392156862745098	0	0.06493506493506493	0.09903846153846155	0	0.015384615384615385	0
3	3	0	0	0	0.08636363636363636	0.12564102564102564	0	0	0
4	4	0	0	0	0.08636363636363636	0.14638694638694638	0	0	0
5	5	0	0	0	0.05636363636363637	0.16230769230769232	0	0	0
6	6	0.0125	0	0.016666666666666666	0.10549783549783551	0.16920745920745922	0.013333333333333332	0	0
7	7	0.0125	0	0	0.1274980574980575	0.2575059254471019	0.013333333333333332	0	0.023529411764705882
8	8	0.0125	0	0.016666666666666666	0.1288869463869464	0.26406309376897613	0.013333333333333332	0	0
9	9	0.011764705882352941	0	0	0.20014260249554366	0.33014152514152517	0.02967032967032967	0.021052631578947368	0
10	10	0.03643724696356275	0.01111111111111111	0.016666666666666666	0.26464057871952607	0.4333954933954933	0.05072296124927704	0.03216374269005848	0