\addplot[color=green,mark=*] coordinates {
(5,5)(10,10)(15,15)(20,20)(25,25)(30,30)(35,35)(40,40)(45,45)(50,50)(55,55)(60,60)(65,65)(70,70)
};
\addlegendentry{dial}

\addplot[color=green,mark=*] coordinates {
(5,0.02929020006528662)(10,0.04454900296692663)(15,0.040005312156477305)(20,0.04919402205196961)(25,0.06191949649170338)(30,0.07082504672406556)(35,0.0662667082591144)(40,0.06743105298342486)(45,0.06361510900342252)(50,0.07175220568937676)(55,0.07106036101966492)(60,0.07210623782525219)(65,0.07012368062837526)(70,0.07507253700519192)
};
\addlegendentry{Natural\_SVM}

\addplot[color=green,mark=*] coordinates {
(5,0.044994603364616685)(10,0.09385895802171848)(15,0.09109749399120123)(20,0.08750881112506892)(25,0.11370203198230407)(30,0.11072694081705645)(35,0.09988138383134873)(40,0.10564292709247496)(45,0.12047660541401024)(50,0.1245567621388726)(55,0.12732640244287682)(60,0.12380196572166133)(65,0.129531312936144)(70,0.12907025679007833)
};
\addlegendentry{Natural\_ADA}

\addplot[color=green,mark=*] coordinates {
(5,0.006136945663114362)(10,0.030180761638740485)(15,0.030632945969757665)(20,0.04804580992089195)(25,0.04563931779323848)(30,0.06183127884520347)(35,0.057664552881939314)(40,0.057234946252289046)(45,0.06339320066932883)(50,0.06129618614729134)(55,0.07396590144927213)(60,0.07994202545667535)(65,0.08038356457379181)(70,0.0862535345489918)
};
\addlegendentry{Natural\_RF}

\addplot[color=green,mark=*] coordinates {
(5,0.3289329018213104)(10,0.4477450646046129)(15,0.4543079335194252)(20,0.4708884810512844)(25,0.46127509509237424)(30,0.46691743855060885)(35,0.4649505958736322)(40,0.4588512024731587)(45,0.4804532911726122)(50,0.47759853179901873)(55,0.4750237643837905)(60,0.48839790331262944)(65,0.5000984376327178)(70,0.5011233984355091)
};
\addlegendentry{Component}

