\addplot[color=green,mark=*] coordinates {
(10,10)(20,20)(30,30)(40,40)(50,50)(60,60)(70,70)(80,80)(90,90)(100,100)(110,110)(120,120)(130,130)(140,140)(150,150)(160,160)
};
\addlegendentry{dial}

\addplot[color=green,mark=*] coordinates {
(10,0)(20,0)(30,0.02727272727272727)(40,0.00909090909090909)(50,0.00909090909090909)(60,0.03636363636363636)(70,0.07636363636363637)(80,0.07636363636363637)(90,0.07636363636363637)(100,0.06636363636363636)(110,0.06636363636363636)(120,0.051515151515151514)(130,0.06212121212121211)(140,0.14954545454545454)(150,0.11818181818181817)(160,0.15757575757575756)
};
\addlegendentry{Natural\_Unigram\_SVM}

\addplot[color=green,mark=*] coordinates {
(10,0)(20,0)(30,0.00909090909090909)(40,0.00909090909090909)(50,0.00909090909090909)(60,0.01818181818181818)(70,0.038181818181818185)(80,0.04818181818181818)(90,0.04818181818181818)(100,0.038181818181818185)(110,0.019090909090909092)(120,0.021212121212121213)(130,0.03181818181818182)(140,0.06818181818181819)(150,0.04772727272727273)(160,0.06363636363636364)
};
\addlegendentry{Natural\_Unigram+Context\_SVM}

\addplot[color=green,mark=*] coordinates {
(10,0)(20,0)(30,0.02727272727272727)(40,0.03)(50,0.00909090909090909)(60,0.07545454545454545)(70,0.14636363636363636)(80,0.13454545454545455)(90,0.12545454545454546)(100,0.2572727272727272)(110,0.12727272727272726)(120,0.0303030303030303)(130,0.04545454545454545)(140,0.05454545454545454)(150,0.16818181818181818)(160,0.3242424242424243)
};
\addlegendentry{Natural\_Unigram\_ADA}

\addplot[color=green,mark=*] coordinates {
(10,0)(20,0)(30,0.1)(40,0)(50,0.10909090909090909)(60,0.06636363636363636)(70,0.13636363636363635)(80,0.22545454545454544)(90,0.2572727272727272)(100,0.2572727272727272)(110,0.12727272727272726)(120,0.0303030303030303)(130,0.04545454545454545)(140,0.05454545454545454)(150,0.16818181818181818)(160,0.22424242424242424)
};
\addlegendentry{Natural\_Unigram+Context\_ADA}

\addplot[color=green,mark=*] coordinates {
(10,0)(20,0)(30,0)(40,0)(50,0)(60,0)(70,0)(80,0.00909090909090909)(90,0)(100,0)(110,0)(120,0)(130,0)(140,0)(150,0)(160,0)
};
\addlegendentry{Natural\_Unigram\_RF}

\addplot[color=green,mark=*] coordinates {
(10,0)(20,0)(30,0)(40,0)(50,0)(60,0)(70,0)(80,0)(90,0)(100,0)(110,0)(120,0)(130,0)(140,0)(150,0)(160,0)
};
\addlegendentry{Natural\_Unigram+Context\_RF}

\addplot[color=green,mark=*] coordinates {
(10,0.09166666666666666)(20,0.008333333333333333)(30,0.00909090909090909)(40,0.06363636363636363)(50,0.07272727272727272)(60,0.05454545454545454)(70,0.11515151515151516)(80,0.026515151515151512)(90,0.036515151515151514)(100,null)(110,null)(120,null)(130,null)(140,null)(150,null)(160,null)
};
\addlegendentry{Component}

