\addplot[color=green,mark=*] coordinates {
(10,10)(20,20)(30,30)(40,40)(50,50)(60,60)(70,70)(80,80)(90,90)(100,100)(110,110)(120,120)(130,130)(140,140)(150,150)(160,160)
};
\addlegendentry{dial}

\addplot[color=green,mark=*] coordinates {
(10,0)(20,0)(30,0)(40,0)(50,0)(60,0)(70,0)(80,0)(90,0)(100,0)(110,0)(120,0)(130,0)(140,0)(150,0)(160,0)
};
\addlegendentry{Natural\_Unigram\_SVM}

\addplot[color=green,mark=*] coordinates {
(10,0)(20,0)(30,0)(40,0)(50,0.011764705882352941)(60,0.006666666666666666)(70,0.006666666666666666)(80,0.006666666666666666)(90,0.006666666666666666)(100,0.035238095238095235)(110,0.007692307692307693)(120,0.008)(130,0.007142857142857143)(140,0.020833333333333332)(150,0.04301075268817204)(160,0)
};
\addlegendentry{Natural\_Unigram+Context\_SVM}

\addplot[color=green,mark=*] coordinates {
(10,0)(20,0)(30,0)(40,0)(50,0)(60,0)(70,0)(80,0)(90,0)(100,0)(110,0)(120,0)(130,0)(140,0)(150,0)(160,0)
};
\addlegendentry{Natural\_Unigram\_ADA}

\addplot[color=green,mark=*] coordinates {
(10,0)(20,0)(30,0)(40,0)(50,0.02)(60,0.016666666666666666)(70,0.016666666666666666)(80,0.01818181818181818)(90,0.02222222222222222)(100,0.02222222222222222)(110,0.02222222222222222)(120,0.06285714285714286)(130,0.06785714285714287)(140,0.07142857142857142)(150,0.17777777777777778)(160,0)
};
\addlegendentry{Natural\_Unigram+Context\_ADA}

\addplot[color=green,mark=*] coordinates {
(10,0)(20,0)(30,0)(40,0)(50,0)(60,0)(70,0.03333333333333333)(80,0)(90,0.03333333333333333)(100,0.02857142857142857)(110,0.03333333333333333)(120,0.03333333333333333)(130,0)(140,0)(150,0)(160,0)
};
\addlegendentry{Natural\_Unigram\_RF}

\addplot[color=green,mark=*] coordinates {
(10,0)(20,0)(30,0)(40,0)(50,0.04)(60,0)(70,0.02857142857142857)(80,0.04)(90,0.03333333333333333)(100,0.04)(110,0.04)(120,0.04)(130,0.04)(140,0)(150,0)(160,0)
};
\addlegendentry{Natural\_Unigram+Context\_RF}

\addplot[color=green,mark=*] coordinates {
(10,0.031578947368421054)(20,0.13696969696969696)(30,0.1473970473970474)(40,0.2064912280701754)(50,0.24321266968325794)(60,0.36754901960784314)(70,0.42033864827982476)(80,0.4470439691027927)(90,0.5019610703306355)(100,0.46027472527472524)(110,0.47328104262886866)(120,null)(130,null)(140,null)(150,null)(160,null)
};
\addlegendentry{Component}

