size	dial	MYMO	Natural_SVM	Natural_SVM+Context	Natural_ADA	Natural_ADA+Context
1	1	0.38783947825128495	0.3887319828021932	0.5815323751014617	0.17521274167212408	0.3685369304307272
2	2	0.3540658349297905	0.32303403920199997	0.555437153866443	0.29015244467512513	0.4056045461916571
3	3	0.3796639255964488	0.35899125164870516	0.563479829369952	0.376937911027794	0.48324563759306943
4	4	0.5512975058220221	0.4486981300066125	0.6650655371815832	0.4969410536063864	0.5824448594016511
5	5	0.5301258544159041	0.4531366576787385	0.6391931606125716	0.4428844462425238	0.6165180569693579
6	6	0.5675989094271874	0.5308189546019044	0.7155756378826195	0.5229149712069961	0.5997790960239542
7	7	0.5958454768321606	0.5911355941954111	0.7442513615407909	0.5770574515912104	0.604986741016467
8	8	0.6355921878967489	0.6027678420433966	0.7778625258879711	0.5651600107805232	0.6653949991861714
9	9	0.6486479293238452	0.5521644293141387	0.7210123359242229	0.5541224083930666	0.715178784837275
10	10	0.6511359975400471	0.5556320706241189	0.6951505305538173	0.5635719686885983	0.666681807922023