\addplot[color=green,mark=*] coordinates {
(1,1)(2,2)(3,3)(4,4)(5,5)(6,6)(7,7)(8,8)(9,9)(10,10)(15,15)(20,20)(30,30)(40,40)(50,50)(60,60)(70,70)(80,80)(90,90)
};
\addlegendentry{dial}

\addplot[color=green,mark=*] coordinates {
(1,null)(2,0.20612710818593172)(3,0.22494239094239094)(4,0.2178654678654679)(5,0.1268936127082412)(6,0.12111111111111113)(7,0.16220144561321032)(8,0.12329972658920027)(9,null)(10,null)(15,null)(20,null)(30,null)(40,null)(50,null)(60,null)(70,null)(80,null)(90,null)
};
\addlegendentry{Natural}

\addplot[color=green,mark=*] coordinates {
(1,null)(2,0.1931087752826883)(3,0.17644598226137648)(4,0.19316581228286014)(5,0.15201104249652345)(6,0.17500777000777)(7,0.16777209078414135)(8,0.15233241961968322)(9,null)(10,null)(15,null)(20,null)(30,null)(40,null)(50,null)(60,null)(70,null)(80,null)(90,null)
};
\addlegendentry{Natural+Context}

\addplot[color=green,mark=*] coordinates {
(1,0.964823926073926)(2,0.9492063492063492)(3,0.9519036519036519)(4,0.9543939393939394)(5,0.9605714285714286)(6,0.9617424242424242)(7,0.9610625996810207)(8,0.960700280840441)(9,0.9621535087719298)(10,0.9623125996810208)(15,0.9739880952380954)(20,0.9637313258636787)(30,0.9589974937343358)(40,0.9666666666666668)(50,0.957330827067669)(60,0.9621238994923207)(70,0.9629426129426129)(80,0.9621238994923207)(90,0.9621238994923207)
};
\addlegendentry{Component}

\addplot[color=green,mark=*] coordinates {
(1,0.9645607681791892)(2,0.9639197425381637)(3,0.9639197425381637)(4,0.9639197425381637)(5,0.9625021367521368)(6,0.9627945344129556)(7,0.9641829004329004)(8,0.9641829004329004)(9,0.9645162337662339)(10,0.964823926073926)(15,0.9641441015125226)(20,0.9645607681791892)(30,0.9645607681791892)(40,0.9645607681791892)(50,0.9645607681791892)(60,0.9645607681791892)(70,0.9645607681791892)(80,0.9645607681791892)(90,0.9645607681791892)
};
\addlegendentry{Component+Context}

