size	dial	Natural_Unigram_SVM	Natural_Unigram+Context_SVM	Natural_Unigram_ADA	Natural_Unigram+Context_ADA	Natural_Unigram_RF	Natural_Unigram+Context_RF	Component
1	1	0.0743578782806525	0.10124496737934523	0.3035804245119952	0.24037318800639912	0.016806722689075633	0.05769496204278812	0
2	2	0.20047596174715765	0.19102524323670592	0.49408977148685934	0.49408977148685934	0.018431972483026866	0.04015094998145845	0
3	3	0.354433160970717	0.33168920390194395	0.6857427941537242	0.7886291336001972	0.1020098237022424	0.05571387522607034	0
4	4	0.5320748078686419	0.4603619301514225	0.8746988181291874	0.8657480254036527	0.09355212540280557	0.07144531452859768	0
5	5	0.7131467351434927	0.6456153293562885	0.9092852842946011	0.9102643021616771	0.1895238413547697	0.11141793993106833	0
6	6	0.7965646637881785	0.7584811864489467	0.9728715921404344	0.9728715921404344	0.1736491284732607	0.11903599055591949	0
7	7	0.8920617552754269	0.8418436110510257	0.972913153461809	0.972913153461809	0.23359086731893783	0.3081408126434861	0
8	8	0.9268005184571674	0.9023786261598644	0.9748311384650352	0.9748311384650352	0.4521629018758918	0.40661678382811567	0
9	9	0.9426869109843088	0.9236035920662056	0.9748311384650352	0.9748311384650352	0.4492320600423372	0.40916816142102	0
10	10	0.9462581973845072	0.9280212556188416	0.9748311384650352	0.9743619499098847	0.4221037564106361	0.40894077185772615	0