\addplot[color=green,mark=*] coordinates {
(1,1)(2,2)(3,3)(4,4)(5,5)(6,6)(7,7)(8,8)(9,9)(10,10)
};
\addlegendentry{dial}

\addplot[color=green,mark=*] coordinates {
(1,0.24013951734539968)(2,0.3102615032026797)(3,0.34686489980607627)(4,0.3745421245421245)(5,0.36120879120879124)(6,0.38537800434859254)(7,0.38665251415251417)(8,0.39903346653346655)(9,0.4066051105756988)(10,0.4066051105756988)
};
\addlegendentry{MYMO}

\addplot[color=green,mark=*] coordinates {
(1,0)(2,0.038461538461538464)(3,0.08872608872608871)(4,0.11752380952380954)(5,0.10800000000000001)(6,0.18424908424908426)(7,0.1743918620079611)(8,0.1743918620079611)(9,0.1765896642057633)(10,0.17856334841628957)
};
\addlegendentry{Natural\_SVM}

\addplot[color=green,mark=*] coordinates {
(1,0)(2,0.019047619047619046)(3,0.0695970695970696)(4,0.09830604178430265)(5,0.11089345437171523)(6,0.17103896103896105)(7,0.16103896103896104)(8,0.16103896103896104)(9,0.14285714285714285)(10,0.13455433455433458)
};
\addlegendentry{Natural\_SVM+Context}

\addplot[color=green,mark=*] coordinates {
(1,0)(2,0.06666666666666667)(3,0.14329371816638373)(4,0.2220360284876414)(5,0.22252886002886002)(6,0.22878205128205126)(7,0.22934017736649315)(8,0.23381453634085214)(9,0.23381453634085214)(10,0.22226475279106855)
};
\addlegendentry{Natural\_ADA}

\addplot[color=green,mark=*] coordinates {
(1,0)(2,0.06666666666666667)(3,0.15463203463203462)(4,0.21503267973856208)(5,0.2032636738906089)(6,0.22836538461538458)(7,0.2278978696741855)(8,0.2278978696741855)(9,0.2278978696741855)(10,0.222719298245614)
};
\addlegendentry{Natural\_ADA+Context}

