size	dial	Natural_SVM	Natural_ADA	Natural_RF	Component_SVM	Component_ADA
1	1	0	0	0	0.03	0.02
2	2	0.06333333333333332	0.06444444444444444	0	0.11444444444444443	0.06444444444444444
3	3	0.042222222222222223	0.03111111111111111	0.042222222222222223	0.15444444444444444	0.12262626262626261
4	4	0.042222222222222223	0.021111111111111112	0.01	0.1417171717171717	0.1526262626262626
5	5	0.05333333333333333	0.05444444444444444	0.01111111111111111	0.1417171717171717	0.19418470418470418
6	6	0.042222222222222223	0.05444444444444444	0.03333333333333333	0.1306060606060606	0.17307359307359307
7	7	0.042222222222222223	0.05444444444444444	0.01	0.1215151515151515	0.18307359307359308
8	8	0.06222222222222222	0.06444444444444444	0.03222222222222222	0.14242424242424243	0.2030735930735931
9	9	0.09936507936507936	0.13587301587301587	0.03857142857142857	0.18956709956709958	0.24112554112554113
10	10	0.09936507936507936	0.11730158730158731	0.03428571428571429	0.19956709956709956	0.2645021645021645