\addplot[color=green,mark=*] coordinates {
(1,1)(2,2)(3,3)(4,4)(5,5)(6,6)(7,7)(8,8)(9,9)(10,10)
};
\addlegendentry{dial}

\addplot[color=green,mark=*] coordinates {
(1,0.06569483834373227)(2,0.06808911168241855)(3,0.15038066017929885)(4,0.21620757858137324)(5,0.24623539912535947)(6,0.2745272717450823)(7,0.2522372456433716)(8,0.2712823478280086)(9,0.2793426363137083)(10,0.25047626414047286)
};
\addlegendentry{MYMO}

\addplot[color=green,mark=*] coordinates {
(1,0.05089700996677741)(2,0.03840531561461794)(3,0.09143667449963536)(4,0.18181994976095942)(5,0.19342543824109337)(6,0.1938435567079923)(7,0.23231531750533452)(8,0.23528320233368447)(9,0.23089412887484356)(10,0.24240859285669267)
};
\addlegendentry{Natural\_SVM}

\addplot[color=green,mark=*] coordinates {
(1,0.13023255813953488)(2,0.07911406423034331)(3,0.2063822488723226)(4,0.22785511708937686)(5,0.27344758663533475)(6,0.21670340058882318)(7,0.24411707218854128)(8,0.3074121492045485)(9,0.3108746815042901)(10,0.32609062834814395)
};
\addlegendentry{Natural\_ADA}

\addplot[color=green,mark=*] coordinates {
(1,0)(2,0)(3,0)(4,0)(5,0)(6,0)(7,0)(8,0)(9,0)(10,0)
};
\addlegendentry{Component\_ADA}

\addplot[color=green,mark=*] coordinates {
(1,0.08383923507009157)(2,0.11562172654345086)(3,0.14342921967425654)(4,0.1962274802150015)(5,0.21555222429300702)(6,0.2658758069308268)(7,0.25677785062356817)(8,0.26836480025929826)(9,0.27389837521147786)(10,0.28314532980726964)
};
\addlegendentry{Component\_SVM}

