\addplot[color=green,mark=*] coordinates {
(10,10)(20,20)(30,30)(40,40)(50,50)(60,60)(70,70)(80,80)(90,90)(100,100)(110,110)(120,120)(130,130)(140,140)(150,150)(160,160)
};
\addlegendentry{dial}

\addplot[color=green,mark=*] coordinates {
(10,0.03636363636363636)(20,0.07636363636363637)(30,0.08)(40,0.06999999999999999)(50,0.05)(60,0.08705882352941177)(70,0.08705882352941177)(80,0.08705882352941177)(90,0.12615384615384614)(100,0.09833333333333333)(110,0.09833333333333333)(120,0.1444871794871795)(130,0.17155483405483404)(140,0.10173160173160173)(150,0.14285714285714285)(160,0)
};
\addlegendentry{Natural\_Unigram\_SVM}

\addplot[color=green,mark=*] coordinates {
(10,0.05555555555555556)(20,0.04)(30,0.04)(40,0.04)(50,0.050793650793650794)(60,0.09841269841269841)(70,0.09841269841269841)(80,0.09555555555555556)(90,0.143030303030303)(100,0.143030303030303)(110,0.143030303030303)(120,0.17922077922077922)(130,0.17362637362637362)(140,0.07142857142857142)(150,0.14285714285714285)(160,0)
};
\addlegendentry{Natural\_Unigram+Context\_SVM}

\addplot[color=green,mark=*] coordinates {
(10,0.012738853503184714)(20,0.012738853503184714)(30,0.01886792452830189)(40,0.01111111111111111)(50,0.01111111111111111)(60,0.04086819613135403)(70,0.021637426900584796)(80,0.021637426900584796)(90,0.06982078853046594)(100,0.06982078853046594)(110,0.04982078853046595)(120,0.04982078853046595)(130,0.10731066707297607)(140,0.07017543859649122)(150,0.14814814814814814)(160,0)
};
\addlegendentry{Natural\_Unigram\_ADA}

\addplot[color=green,mark=*] coordinates {
(10,0.01886792452830189)(20,0.030341880341880345)(30,0)(40,0.019230769230769232)(50,0.030341880341880345)(60,0.021637426900584796)(70,0.021637426900584796)(80,0.021637426900584796)(90,0.08993464052287582)(100,0.09361111111111112)(110,0.09361111111111112)(120,0.09361111111111112)(130,0.1323278029160382)(140,0.07407407407407407)(150,0.14814814814814814)(160,0)
};
\addlegendentry{Natural\_Unigram+Context\_ADA}

\addplot[color=green,mark=*] coordinates {
(10,0.03076923076923077)(20,0.016666666666666666)(30,0)(40,0.03076923076923077)(50,0)(60,0)(70,0.015384615384615385)(80,0)(90,0)(100,0.02222222222222222)(110,0)(120,0.02222222222222222)(130,0)(140,0)(150,0.06666666666666667)(160,0)
};
\addlegendentry{Natural\_Unigram\_RF}

\addplot[color=green,mark=*] coordinates {
(10,0.01818181818181818)(20,0)(30,0.01818181818181818)(40,0)(50,0)(60,0)(70,0.01818181818181818)(80,0)(90,0.02222222222222222)(100,0.02222222222222222)(110,0)(120,0)(130,0.02)(140,0)(150,0)(160,0)
};
\addlegendentry{Natural\_Unigram+Context\_RF}

\addplot[color=green,mark=*] coordinates {
(10,0.14223856209150326)(20,0.25749999999999995)(30,0.38699543920132157)(40,0.35671945701357466)(50,0.47721216691804924)(60,0.5268625165683989)(70,0.5137871474930298)(80,0.5900745968857424)(90,0.5820714335245227)(100,0.5724113313586997)(110,0.5608475511416688)(120,null)(130,null)(140,null)(150,null)(160,null)
};
\addlegendentry{Component}

