size	dial	Natural_SVM	Natural_ADA	Natural_RF	Component	Component+Context	Natural_SVM_Context	Natural_ADA_Context	Natural_RF_Context
1	1	0	0	0	0.3433333333333334	0.2444444444444444	0	0	0
2	2	0	0.05	0	0.24000000000000005	0.21722222222222226	0.0125	0.0125	0
3	3	0.01111111111111111	0.061111111111111116	0	0.30583333333333335	0.34138888888888885	0.034722222222222224	0.061111111111111116	0.01111111111111111
4	4	0	0.02361111111111111	0	0.34722222222222227	0.48888888888888893	0.05	0.04861111111111111	0.01111111111111111
5	5	0	0.01111111111111111	0.01111111111111111	0.40166666666666667	0.4997222222222222	0.05	0.08611111111111111	0
6	6	0.0125	0.09861111111111112	0.01111111111111111	0.38916666666666666	0.515	0.05	0.09861111111111112	0
7	7	0	0.061111111111111116	0.01111111111111111	0.38805555555555554	0.5547222222222221	0.025	0.061111111111111116	0.01111111111111111
8	8	0	0.061111111111111116	0.01111111111111111	0.39416666666666667	0.6730555555555556	0	0.061111111111111116	0.01111111111111111
9	9	0	0.061111111111111116	0.01111111111111111	0.3605555555555556	0.6380555555555556	0	0.061111111111111116	0.01111111111111111
10	10	0	0.02361111111111111	0.01111111111111111	0.39055555555555554	0.6194444444444444	0	0.061111111111111116	0.01111111111111111