size	dial	Natural	Natural+Context	Component	Component+Context
1	1	0	0	0.6332070707070707	0.6007070707070707
2	2	0	0	0.4386688311688312	0.5707070707070707
3	3	0	0.01	0.43775974025974024	0.5716161616161617
4	4	0	0.01	0.35327200577200574	0.5591161616161616
5	5	0	0	0.4031890331890332	0.5593939393939393
6	6	0	0	0.48462121212121206	0.5482828282828283
7	7	0	0	0.5047871572871573	0.6241161616161617
8	8	0.025396825396825397	0.07218253968253968	0.5467748917748917	0.5973304473304474
9	9	0.025396825396825397	0.07218253968253968	0.5267748917748918	0.5973304473304474
10	10	0.025396825396825397	0.06218253968253967	0.49998196248196247	0.5773304473304474
15	15	0.03968253968253968	0.10667027417027417	0.5117748917748919	0.512886002886003
20	20	0.0494047619047619	0.11706709956709956	0.45423160173160176	0.556497113997114
30	30	0.014285714285714285	0.0369047619047619	0.4312518037518037	0.49228715728715733
40	40	0.01111111111111111	0.03373015873015873	0.4312518037518037	0.5324891774891775
50	50	0	0.020833333333333332	0.41493867243867244	0.5345093795093796
60	60	0.01111111111111111	0.057106782106782106	0.42402958152958153	0.5324891774891775
70	70	0	0.09658730158730158	0.42216089466089474	0.5233982683982684
80	80	0	0.07119047619047619	0.4457720057720058	0.5436002886002886
90	90	0	0.07119047619047619	0.4423629148629149	0.5578860028860029