size	dial	Natural	Natural+Context	Component	Component+Context
1	1	null	null	0.964823926073926	0.9645607681791892
2	2	0.20612710818593172	0.1931087752826883	0.9492063492063492	0.9639197425381637
3	3	0.22494239094239094	0.17644598226137648	0.9519036519036519	0.9639197425381637
4	4	0.2178654678654679	0.19316581228286014	0.9543939393939394	0.9639197425381637
5	5	0.1268936127082412	0.15201104249652345	0.9605714285714286	0.9625021367521368
6	6	0.12111111111111113	0.17500777000777	0.9617424242424242	0.9627945344129556
7	7	0.16220144561321032	0.16777209078414135	0.9610625996810207	0.9641829004329004
8	8	0.12329972658920027	0.15233241961968322	0.960700280840441	0.9641829004329004
9	9	null	null	0.9621535087719298	0.9645162337662339
10	10	null	null	0.9623125996810208	0.964823926073926
15	15	null	null	0.9739880952380954	0.9641441015125226
20	20	null	null	0.9637313258636787	0.9645607681791892
30	30	null	null	0.9589974937343358	0.9645607681791892
40	40	null	null	0.9666666666666668	0.9645607681791892
50	50	null	null	0.957330827067669	0.9645607681791892
60	60	null	null	0.9621238994923207	0.9645607681791892
70	70	null	null	0.9629426129426129	0.9645607681791892
80	80	null	null	0.9621238994923207	0.9645607681791892
90	90	null	null	0.9621238994923207	0.9645607681791892