size	dial	Natural_SVM	Natural_ADA	Natural_RF	Component	Component+Context	Natural_SVM_Context	Natural_ADA_Context	Natural_RF_Context
1	1	0	0	0	0.34453612883280404	0.6352931495898249	0	0	0
2	2	0	0.017204301075268817	0	0.5149681477942348	0.7614102445566976	0	0.017204301075268817	0
3	3	0	0	0	0.4917506154035993	0.7520012268433321	0	0	0
4	4	0	0	0	0.5476665929529707	0.7569243037664091	0	0	0
5	5	0.04656084656084656	0.04280459770114943	0	0.5983368538402863	0.7550012268433322	0.05660919540229885	0.042	0.04
6	6	0.038461538461538464	0.044137931034482755	0.042105263157894736	0.5517625141194935	0.756995145967686	0.05217391304347826	0.050525152017689326	0.02857142857142857
7	7	0.042105263157894736	0.05065189048239895	0.03333333333333333	0.6208068209740036	0.7704299285763817	0.038461538461538464	0.04873015873015873	0.0375
8	8	0	0.053567251461988305	0.015384615384615385	0.6375307108350586	0.7704623599131608	0.02857142857142857	0.05616858237547893	0.026666666666666665
9	9	0	0.04888888888888889	0.04	0.661232512719927	0.7642014903479434	0	0.0539792008757526	0.09072681704260652
10	10	0	0.09337717200701419	0.07739938080495357	0.6524375077418555	0.7642014903479434	0	0.11423810549860969	0.015384615384615385