size	dial	Natural_SVM	Natural_ADA	Natural_RF	Component	Component+Context	Natural_SVM_Context	Natural_ADA_Context	Natural_RF_Context
1	1	0	0	0	0.5462408424908425	0.7705615942028986	0	0	0
2	2	0	0.0012072434607645875	0.0007905138339920949	0.7791538701286247	0.9350941982853748	0.002247191011235955	0.0027874564459930314	0.0015748031496062992
3	3	0	0.0016632016632016633	0	0.809523250935448	0.941327964519141	0.0014084507042253522	0.0022304832713754648	0.0020942408376963353
4	4	0	0.0016293279022403257	0.0007662835249042145	0.8065793667117196	0.9317226678550208	0	0.0014814814814814816	0.00196078431372549
5	5	0	0	0	0.8233516483516483	0.9280445069354807	0	0.0029629629629629632	0
6	6	0	0	0	0.7776409621153781	0.9206997532791389	0	0.0029629629629629632	0
7	7	0	0.023650296064089166	0	0.7723429526052611	0.9237156262950121	0	0.00909090909090909	0
8	8	0	0.022553064941823724	0	0.7833522460837836	0.9339623056119001	0	0.014805194805194804	0
9	9	0.010526315789473684	0.008163265306122448	0	0.8123951396484603	0.9243287855372033	0	0.012545454545454545	0
10	10	0	0.008	0.0015151515151515152	0.8331341113254913	0.920387898837696	0	0.021346814964610716	0.0022222222222222222