size	dial	MYMO	Natural_SVM	Natural_ADA	Component_ADA	Component_SVM
1	1	0.04230769230769231	0.05384615384615384	0.06953846153846154	0	0.04230769230769231
2	2	0.08630769230769231	0.11369230769230769	0.20615384615384613	0	0.086
3	3	0.13246153846153846	0.17523076923076925	0.2927991452991453	0	0.13599999999999998
4	4	0.13630769230769232	0.18292307692307694	0.3581837606837607	0	0.13599999999999998
5	5	0.1516923076923077	0.1944615384615385	0.3641310541310542	0	0.16323076923076923
6	6	0.17035327635327638	0.20527635327635324	0.3145940170940171	0	0.17804558404558404
7	7	0.17419943019943024	0.21696866096866102	0.38496438746438744	0	0.17804558404558404
8	8	0.17851994301994306	0.22128917378917384	0.32663105413105414	0	0.17804558404558404
9	9	0.1826866096866097	0.23314814814814816	0.41698005698005697	0	0.2015968660968661
10	10	0.22196723646723648	0.2839672364672365	0.5528774928774929	0	0.26769373219373216