\addplot[color=green,mark=*] coordinates {
(1,1)(2,2)(3,3)(4,4)(5,5)(6,6)(7,7)(8,8)(9,9)(10,10)
};
\addlegendentry{dial}

\addplot[color=green,mark=*] coordinates {
(1,0.08025316455696202)(2,0.08667413213885777)(3,0.09080882352941176)(4,0.08518518518518518)(5,0.0947089947089947)(6,0.18774928774928773)(7,0.18550724637681157)(8,0.19393939393939394)(9,0.2)(10,0.18596491228070175)
};
\addlegendentry{Natural\_Unigram\_SVM}

\addplot[color=green,mark=*] coordinates {
(1,0.0871345029239766)(2,0.05462184873949579)(3,0.053030303030303025)(4,0.05196078431372549)(5,0.10384615384615384)(6,0.2013823857302118)(7,0.1976190476190476)(8,0.20999999999999996)(9,0.21649122807017546)(10,0.1988888888888889)
};
\addlegendentry{Natural\_Unigram+Context\_SVM}

\addplot[color=green,mark=*] coordinates {
(1,0.012844036697247707)(2,0.011764705882352941)(3,0.0391304347826087)(4,0.011764705882352941)(5,0.05258103241296519)(6,0.1774505976303565)(7,0.1774505976303565)(8,0.21274471527741534)(9,0.17772549019607845)(10,0.17259728506787334)
};
\addlegendentry{Natural\_Unigram\_ADA}

\addplot[color=green,mark=*] coordinates {
(1,0.017543859649122806)(2,0)(3,0)(4,0.05089514066496163)(5,0.05258103241296519)(6,0.1774505976303565)(7,0.1774505976303565)(8,0.21274471527741534)(9,0.1682016806722689)(10,0.1682016806722689)
};
\addlegendentry{Natural\_Unigram+Context\_ADA}

\addplot[color=green,mark=*] coordinates {
(1,0.0875)(2,0.04444444444444444)(3,0)(4,0.0375)(5,0.0794871794871795)(6,0.12222222222222223)(7,0.09948717948717949)(8,0.10285714285714284)(9,0.1188235294117647)(10,0.07222222222222222)
};
\addlegendentry{Natural\_Unigram\_RF}

\addplot[color=green,mark=*] coordinates {
(1,0)(2,0.03636363636363636)(3,0.04)(4,0.02222222222222222)(5,0.038181818181818185)(6,0.04)(7,0.0404040404040404)(8,0)(9,0)(10,0.06826923076923078)
};
\addlegendentry{Natural\_Unigram+Context\_RF}

\addplot[color=green,mark=*] coordinates {
(1,0)(2,0)(3,0)(4,0)(5,0)(6,0)(7,0)(8,0)(9,0)(10,0)
};
\addlegendentry{Component}

