\addplot[color=green,mark=*] coordinates {
(1,1)(2,2)(3,3)(4,4)(5,5)(6,6)(7,7)(8,8)(9,9)(10,10)(15,15)(20,20)(25,25)(30,30)(35,35)(40,40)(45,45)(50,50)(55,55)(60,60)(65,65)(70,70)(75,75)(80,80)(85,85)(90,90)
};
\addlegendentry{dial}

\addplot[color=green,mark=*] coordinates {
(1,0)(2,0)(3,0)(4,0)(5,0)(6,0)(7,0.0125)(8,0.0125)(9,0.0125)(10,0.0125)(15,0.02967032967032967)(20,0.03314777327935223)(25,0.03314777327935223)(30,0.025455465587044535)(35,0.050455465587044536)(40,0.050455465587044536)(45,0.03795546558704453)(50,0.025455465587044535)(55,0.012955465587044534)(60,0.012955465587044534)(65,0.012955465587044534)(70,0.005263157894736842)(75,0.012955465587044534)(80,0.005263157894736842)(85,0.005263157894736842)(90,0.005263157894736842)
};
\addlegendentry{Natural\_SVM}

\addplot[color=green,mark=*] coordinates {
(1,0)(2,0)(3,0.10303724053724055)(4,0.007692307692307693)(5,0)(6,0)(7,0)(8,null)(9,null)(10,null)(15,null)(20,null)(25,null)(30,null)(35,null)(40,null)(45,null)(50,null)(55,null)(60,null)(65,null)(70,null)(75,null)(80,null)(85,null)(90,null)
};
\addlegendentry{Natural\_Ada}

\addplot[color=green,mark=*] coordinates {
(1,0)(2,0)(3,0)(4,0)(5,0)(6,0)(7,0)(8,0)(9,0.014285714285714285)(10,null)(15,null)(20,null)(25,null)(30,null)(35,null)(40,null)(45,null)(50,null)(55,null)(60,null)(65,null)(70,null)(75,null)(80,null)(85,null)(90,null)
};
\addlegendentry{Natural\_RF}

