size	dial	Natural_Unigram_SVM	Natural_Unigram+Context_SVM	Natural_Unigram_ADA	Natural_Unigram+Context_ADA	Natural_Unigram_RF	Natural_Unigram+Context_RF	Component
1	1	0.10356225883595709	0.11946730342232521	0.12222800280808443	0.10683843576631447	0.06393781452192668	0.02865744069015097	0.3090481555523546
2	2	0.18019966647943347	0.2000973397792647	0.1591379346266151	0.12598975006756022	0.09926044536257869	0.04568870690893924	0.31490236570122426
3	3	0.19311909017989856	0.18171156398404686	0.1832562860416322	0.14450845935972842	0.10124305495635552	0.034739597082710696	0.3020659107316618
4	4	0.20506985297261804	0.1957844956091948	0.17317578017005103	0.152509987285359	0.09877305578115486	0.039868968334452845	0.3982338195373639
5	5	0.2730531678353942	0.2659259771026645	0.25299816774205236	0.2821416256768382	0.11520162707726303	0.09267347902229517	0.4185484474151269
6	6	0.2919401629446674	0.26255702708341794	0.23982531904652687	0.22624516215236606	0.10636079916472438	0.11340576953922876	0.42330819117779434
7	7	0.3412614603610803	0.32238817632951927	0.3148008336914673	0.3288630454988584	0.13992581171045426	0.13258350500278676	0.4835563215929355
8	8	0.34889986483164587	0.321415995454086	0.3011834935617141	0.2635859804101476	0.16054648034586846	0.11852904987771969	0.48567462529535577
9	9	0.3423606741868039	0.32628469139217103	0.2947052309852582	0.24672391707758118	0.13062169064986254	0.10343747070729548	0.49375296704444793
10	10	0.3464423068398651	0.320282336604102	0.28830605307899415	0.2778945044850779	0.13979870301674077	0.13774179241378787	0.49672829467344215