\addplot[color=green,mark=*] coordinates {
(1,1)(2,2)(3,3)(4,4)(5,5)(6,6)(7,7)(8,8)(9,9)(10,10)
};
\addlegendentry{dial}

\addplot[color=green,mark=*] coordinates {
(1,0.39808109901043315)(2,0.48713861753342835)(3,0.4705710360433997)(4,0.44948243797072324)(5,0.5238389610512522)(6,0.5240075276053684)(7,0.5317371585484312)(8,0.5409506792312622)(9,0.5287892287480825)(10,0.5282670962013126)
};
\addlegendentry{MYMO}

\addplot[color=green,mark=*] coordinates {
(1,0.0043271221532091095)(2,0.028451114103288017)(3,0.0635153456463928)(4,0.10198803237994909)(5,0.18571850072768625)(6,0.23187039826433664)(7,0.2887126874305695)(8,0.3236218444095366)(9,0.3107543495855201)(10,0.3184646267645454)
};
\addlegendentry{Natural\_SVM}

\addplot[color=green,mark=*] coordinates {
(1,0.1284139773270208)(2,0.16379946548654448)(3,0.19262961472085782)(4,0.22430048008737535)(5,0.28898604661311333)(6,0.3093320178941651)(7,0.38140495924144807)(8,0.4199075565052127)(9,0.419888657509307)(10,0.4694561094658403)
};
\addlegendentry{Natural\_ADA}

\addplot[color=green,mark=*] coordinates {
(1,0)(2,0)(3,0)(4,0)(5,0)(6,0)(7,0)(8,0)(9,0)(10,0)
};
\addlegendentry{Component\_ADA}

\addplot[color=green,mark=*] coordinates {
(1,0.44978092307857676)(2,0.48779304354038644)(3,0.5274608449457245)(4,0.5066473187827699)(5,0.5631376258372123)(6,0.5213760866468714)(7,0.5210777301758268)(8,0.540360629354623)(9,0.55223680691741)(10,0.5376681483587842)
};
\addlegendentry{Component\_SVM}

