size	dial	Natural	Natural+Context	Component	Component+Context
1	1	0	0	0	0
2	2	0	0	0.22380952380952382	0.16666666666666666
3	3	0.09523809523809523	0.09523809523809523	0.15238095238095237	0.22380952380952382
4	4	0.09523809523809523	0.09523809523809523	0.15238095238095237	0.22380952380952382
5	5	0.09523809523809523	0.09523809523809523	0.1285714285714286	0.07142857142857142
6	6	0.09523809523809523	0.09523809523809523	0.1285714285714286	0.15238095238095237
7	7	0.09523809523809523	0.09523809523809523	0.24761904761904763	0.24761904761904763
8	8	0.09523809523809523	0.09523809523809523	0.34285714285714286	0.34285714285714286
9	9	0	0.09523809523809523	0.34285714285714286	0.34285714285714286
10	10	0	0.09523809523809523	0.34285714285714286	0.34285714285714286
15	15	null	null	0.3416666666666667	null
20	20	0	0	0.3904761904761905	0.3904761904761905
30	30	null	null	0.3416666666666667	null
40	40	0	0	0.3333333333333333	0.3333333333333333
50	50	0	0	0.3333333333333333	0.3904761904761905
60	60	0	0	0.3904761904761905	0.3904761904761905
70	70	0	0	0.3904761904761905	0.3904761904761905
80	80	0	0	0.3904761904761905	0.3904761904761905
90	90	0	0	0.3904761904761905	0.3904761904761905