size	dial	Natural_SVM	Natural_ADA	Natural_RF	Component
5	5	0.1454373706004141	0.21364450588411615	0.10562435500515996	0.8400414480552729
10	10	0.17733567331806022	0.15196215844704244	0.15016971327237916	0.8959062133020177
15	15	0.0881896551724138	0.11977369450195534	0.13722010291886844	0.9575393948409717
20	20	0.04533113944878651	0.07424440374440375	0.15744588744588742	0.8970488788539391
25	25	0.008	0.0718375890572687	0.12036019536019538	0.9071824306691066
30	30	0.016666666666666666	0.04388703084355258	0.12602011713776418	0.8842950841589682
35	35	0	0.051743271221532085	0.1272161172161172	0.8360750002837116
40	40	0	0.034999999999999996	0.17954776021080368	0.8531384336604146
45	45	0	0.009523809523809523	0.09704761904761905	0.864309379872943
50	50	0	0.04092071611253197	0.12407177033492825	0.856476867557672
55	55	0	0.021288515406162466	0.12085210111525901	0.896073564446725
60	60	0	0.02159090909090909	0.08527272727272726	0.8961206308567258
65	65	0	0.021195652173913043	0.10631598793363499	0.9520378130977042
70	70	0	0.020460358056265983	0.10862368024132729	0.9419963114374881