\addplot[color=green,mark=*] coordinates {
(1,1)(2,2)(3,3)(4,4)(5,5)(6,6)(7,7)(8,8)(9,9)(10,10)
};
\addlegendentry{dial}

\addplot[color=green,mark=*] coordinates {
(1,0.02721488957902001)(2,0.04228659303468936)(3,0.05245344233465723)(4,0.056214719681824545)(5,0.06566134939202688)(6,0.06957384431826222)(7,0.0649287540412616)(8,0.06422810339613631)(9,0.06586070811647207)(10,0.06091326517007449)
};
\addlegendentry{Natural\_SVM}

\addplot[color=green,mark=*] coordinates {
(1,0.02433725948623485)(2,0.06576465680210761)(3,0.0488256999302865)(4,0.06949490036954249)(5,0.07737468553735474)(6,0.06367432358754668)(7,0.05305849685688373)(8,0.06655904132122534)(9,0.09107891364822304)(10,0.08528198418341666)
};
\addlegendentry{Natural\_ADA}

\addplot[color=green,mark=*] coordinates {
(1,0.01238365340464036)(2,0.019718309859154928)(3,0.007378215654077723)(4,0.013535480495885557)(5,0.012071320734245517)(6,0.01580895735442812)(7,0.02692339379466401)(8,0.015470383275261323)(9,0.02616528382199813)(10,0.018963367554998705)
};
\addlegendentry{Natural\_RF}

\addplot[color=green,mark=*] coordinates {
(1,0.4876181828125109)(2,0.6716515837127576)(3,0.7170961653002195)(4,0.7372839777595585)(5,0.7618664262414445)(6,0.753862407635445)(7,0.7881013019611055)(8,0.7969543486573819)(9,0.802527919505539)(10,0.8021975321203441)
};
\addlegendentry{Component}

\addplot[color=green,mark=*] coordinates {
(1,0.7125455091941914)(2,0.8776962858492766)(3,0.8993500840938953)(4,0.8929757292898678)(5,0.8949218976646411)(6,0.9005314097239616)(7,0.9082377557998358)(8,0.9174872729952266)(9,0.9119529678086147)(10,0.9101218495672525)
};
\addlegendentry{Component+Context}

\addplot[color=green,mark=*] coordinates {
(1,0.031489354513735315)(2,0.043189127210932335)(3,0.05661060623042149)(4,0.06497216461492235)(5,0.0800266964683211)(6,0.07750258784665001)(7,0.07369060885080916)(8,0.07319731690137804)(9,0.06923768791986436)(10,0.06478515858815058)
};
\addlegendentry{Natural\_SVM\_Context}

\addplot[color=green,mark=*] coordinates {
(1,0.04397985347985349)(2,0.047897246703559465)(3,0.04868935695194988)(4,0.06229318132768864)(5,0.0806854133682597)(6,0.08599928798300847)(7,0.08186587611410924)(8,0.0893205740846301)(9,0.09308285480677804)(10,0.10446210384182844)
};
\addlegendentry{Natural\_ADA\_Context}

\addplot[color=green,mark=*] coordinates {
(1,0.02421269188162684)(2,0.030813397129186605)(3,0.014236650826782726)(4,0.015037528370861702)(5,0.019075362839407785)(6,0.03428833615779627)(7,0.017449645567568846)(8,0.017646284017592034)(9,0.022462049335863377)(10,0.040934451113254285)
};
\addlegendentry{Natural\_RF\_Context}

