\addplot[color=green,mark=*] coordinates {
(1,1)(2,2)(3,3)(4,4)(5,5)(6,6)(7,7)(8,8)(9,9)(10,10)(15,15)(20,20)(25,25)(30,30)(35,35)(40,40)(45,45)(50,50)(55,55)(60,60)(65,65)(70,70)(75,75)(80,80)(85,85)(90,90)
};
\addlegendentry{dial}

\addplot[color=green,mark=*] coordinates {
(1,0)(2,0)(3,0)(4,0)(5,0)(6,0.03333333333333333)(7,0.02857142857142857)(8,0.05965647255969837)(9,0.07280366692131399)(10,0.06774354186118892)(15,0.07319974143503556)(20,0.10158113944878651)(25,0.09154377880184332)(30,0.073815987933635)(35,0.08048265460030166)(40,0.10605042016806723)(45,0.1288605512134924)(50,0.14436008436008435)(55,0.1288605512134924)(60,0.2470784297964826)(65,0.24204707170224413)(70,0.25117614438394836)(75,0.28478516694033934)(80,0.2157560568086884)(85,0.2075207626910413)(90,0.21063492063492065)
};
\addlegendentry{Natural\_SVM}

\addplot[color=green,mark=*] coordinates {
(1,0)(2,0.01111111111111111)(3,0.01111111111111111)(4,0.017669172932330827)(5,0.017669172932330827)(6,0.017669172932330827)(7,0.017669172932330827)(8,null)(9,null)(10,null)(15,null)(20,null)(25,null)(30,null)(35,null)(40,null)(45,null)(50,null)(55,null)(60,null)(65,null)(70,null)(75,null)(80,null)(85,null)(90,null)
};
\addlegendentry{Natural\_Ada}

\addplot[color=green,mark=*] coordinates {
(1,0)(2,0)(3,0)(4,0)(5,0)(6,0)(7,0.03333333333333333)(8,0.17331574857890647)(9,0.176844070961718)(10,null)(15,null)(20,null)(25,null)(30,null)(35,null)(40,null)(45,null)(50,null)(55,null)(60,null)(65,null)(70,null)(75,null)(80,null)(85,null)(90,null)
};
\addlegendentry{Natural\_RF}

