\addplot[color=green,mark=*] coordinates {
(1,1)(2,2)(3,3)(4,4)(5,5)(6,6)(7,7)(8,8)(9,9)(10,10)
};
\addlegendentry{dial}

\addplot[color=green,mark=*] coordinates {
(1,0)(2,0.016666666666666666)(3,0.05)(4,0.06)(5,0.0951015531660693)(6,0.1037037037037037)(7,0.10236299648064354)(8,0.1221134421134421)(9,0.13042133520074697)(10,0.13306721329161725)
};
\addlegendentry{Natural\_Unigram\_SVM}

\addplot[color=green,mark=*] coordinates {
(1,0)(2,0.009523809523809523)(3,0.04285714285714286)(4,0.032)(5,0.029523809523809525)(6,0.029523809523809525)(7,0.028968253968253966)(8,0.04463492063492063)(9,0.08152380952380953)(10,0.08806926406926406)
};
\addlegendentry{Natural\_Unigram+Context\_SVM}

\addplot[color=green,mark=*] coordinates {
(1,0)(2,0.06206896551724138)(3,0.06206896551724138)(4,0.12404761904761905)(5,0.17511144883485308)(6,0.29714534713993784)(7,0.2985000269428935)(8,0.36516669360956017)(9,0.3613495312089837)(10,0.2875285717893335)
};
\addlegendentry{Natural\_Unigram\_ADA}

\addplot[color=green,mark=*] coordinates {
(1,0)(2,0.06206896551724138)(3,0.06206896551724138)(4,0.12404761904761905)(5,0.17511144883485308)(6,0.3004310614256521)(7,0.30188560688019755)(8,0.36516669360956017)(9,0.35244242738384707)(10,0.2859326901934519)
};
\addlegendentry{Natural\_Unigram+Context\_ADA}

\addplot[color=green,mark=*] coordinates {
(1,0)(2,0.004878048780487805)(3,0.017391304347826087)(4,0)(5,0)(6,0)(7,0)(8,0)(9,0.013333333333333332)(10,0)
};
\addlegendentry{Natural\_Unigram\_RF}

\addplot[color=green,mark=*] coordinates {
(1,0)(2,0)(3,0)(4,0)(5,0)(6,0)(7,0)(8,0)(9,0)(10,0)
};
\addlegendentry{Natural\_Unigram+Context\_RF}

\addplot[color=green,mark=*] coordinates {
(1,0.5276022841074426)(2,0.612055244327425)(3,0.6099641264818103)(4,0.610898478313995)(5,0.6014414908174535)(6,0.6257070488501195)(7,0.6332305598219066)(8,0.6231043527173241)(9,0.6163476753127383)(10,0.6189033488428579)
};
\addlegendentry{Component}

