size	dial	Natural_Unigram_SVM	Natural_Unigram+Context_SVM	Natural_Unigram_ADA	Natural_Unigram+Context_ADA	Natural_Unigram_RF	Natural_Unigram+Context_RF	Component
10	10	0	0	0	0	0	0	0.08863636363636364
20	20	0	0	0	0	0	0	0.07272727272727272
30	30	0.03333333333333333	0.04166666666666667	0.1	0.016666666666666666	0	0	0.2537878787878788
40	40	0.25	0.2333333333333333	0.29393939393939394	0.20227272727272724	0.034090909090909095	0.025757575757575757	0.2689393939393939
50	50	0.2325757575757576	0.19924242424242425	0.4416666666666667	0.10075757575757575	0.026515151515151512	0.04318181818181819	0.2698484848484849
60	60	0.22424242424242422	0.15681818181818183	0.2606060606060606	0.0590909090909091	0.017424242424242425	0.025757575757575757	0.26151515151515153
70	70	0.26212121212121214	0.19318181818181818	0.2856060606060606	0.1340909090909091	0.07045454545454546	0.01818181818181818	0.20075757575757575
80	80	0.2821212121212121	0.23227272727272727	0.34060606060606063	0.2140909090909091	0.03727272727272728	0.08196969696969697	0.24484848484848482
90	90	0.29045454545454547	0.22393939393939397	0.34060606060606063	0.2390909090909091	0.07212121212121211	0.08045454545454546	0.21984848484848488
100	100	0.3131818181818182	0.22393939393939397	0.3322727272727273	0.2140909090909091	0.045454545454545456	0.053030303030303025	null
110	110	0.3048484848484848	0.20651515151515154	0.3322727272727273	0.3065151515151515	0.028181818181818186	0.04318181818181819	null
120	120	0.3377104377104377	0.22946127946127948	0.30353535353535355	0.2804713804713805	0.04966329966329966	0.028619528619528618	null
130	130	0.2916666666666667	0.18055555555555555	0.375	0.375	0.04545454545454545	0.04545454545454545	null
140	140	0.3333333333333333	0.21666666666666665	0.45	0.4	0.03636363636363636	0.03636363636363636	null
150	150	0.3106060606060606	0.25	0.3125	0.25	0.045454545454545456	0.09090909090909091	null
160	160	0.4419191919191919	0.3611111111111111	0.4444444444444444	0.3611111111111111	0.030303030303030304	0.0909090909090909	null