\addplot[color=green,mark=*] coordinates {
(10,10)(20,20)(30,30)(40,40)(50,50)(60,60)(70,70)(80,80)(90,90)(100,100)(110,110)(120,120)(130,130)(140,140)(150,150)(160,160)(170,170)
};
\addlegendentry{dial}

\addplot[color=green,mark=*] coordinates {
(10,0.3680181666615071)(20,0.5148262679581979)(30,0.6005214661375273)(40,0.6616386760294246)(50,0.687176171932194)(60,0.7165553588111311)(70,0.7383612555478773)(80,0.7530409929963972)(90,0.7630968461722327)(100,0.7578416569281549)(110,0.7668557224608374)(120,0.7754989929775985)(130,0.7829195495548686)(140,0.7781652236987264)(150,0.7796994932950534)(160,0.788823917305701)(170,0.7853403141361257)
};
\addlegendentry{Natural\_Unigram\_SVM}

\addplot[color=green,mark=*] coordinates {
(10,0.36318382068730876)(20,0.5472958973836161)(30,0.6367746989076627)(40,0.707031800257932)(50,0.7163268854031637)(60,0.7526146025975977)(70,0.7700967840330758)(80,0.7871581339056283)(90,0.790879466202801)(100,0.7961064577918269)(110,0.8042098102555102)(120,0.8116727145954403)(130,0.8208653052121353)(140,0.8151544963538203)(150,0.8189946421351268)(160,0.8355501154986413)(170,0.8303858520900321)
};
\addlegendentry{Natural\_Unigram+Context\_SVM}

\addplot[color=green,mark=*] coordinates {
(10,0.36423745195485013)(20,0.4340994988938308)(30,0.5636724998411983)(40,0.606453598850853)(50,0.6436083827156778)(60,0.6721653055363853)(70,0.6748763227548732)(80,0.6894755900375185)(90,0.7059264985330729)(100,0.7010971937077624)(110,0.7122270152930053)(120,0.7185510857697639)(130,0.712348102509678)(140,0.7079891131965951)(150,0.7164161488094994)(160,0.7419190681358753)(170,0.6942046855733662)
};
\addlegendentry{Natural\_Unigram\_ADA}

\addplot[color=green,mark=*] coordinates {
(10,0.3499344609937613)(20,0.4534930896215781)(30,0.5212130650469253)(40,0.6245424278632521)(50,0.6572679730477448)(60,0.6503606108957504)(70,0.6907463715551574)(80,0.6850164232621476)(90,0.6926787709167581)(100,0.7066077266936814)(110,0.7227120538034892)(120,0.7357507596053072)(130,0.7285463924331141)(140,0.711257296395688)(150,0.7362264938744588)(160,0.7348191922067574)(170,0.7214700193423598)
};
\addlegendentry{Natural\_Unigram+Context\_ADA}

\addplot[color=green,mark=*] coordinates {
(10,0.34697958498420134)(20,0.5264384283155221)(30,0.6294542380228136)(40,0.6924599445469282)(50,0.6783058036148896)(60,0.7250584974108044)(70,0.748871649982447)(80,0.7760665200235641)(90,0.8356251312538655)(100,0.8382870805947888)(110,0.8177512957523103)(120,0.8621815362948647)(130,0.8441293116565828)(140,0.8731549186117007)(150,0.8698229634987527)(160,0.89211516672336)(170,0.9025487256371814)
};
\addlegendentry{Natural\_Unigram\_RF}

\addplot[color=green,mark=*] coordinates {
(10,0.3907204533904773)(20,0.5684719483824849)(30,0.7146915255175285)(40,0.6598864224648111)(50,0.7060587203471415)(60,0.717684369191923)(70,0.7313129270312871)(80,0.7755497879738258)(90,0.8022887555422298)(100,0.7856179709254973)(110,0.8102279164545523)(120,0.8181404195877674)(130,0.8535695771145038)(140,0.8589068813519525)(150,0.8650651472838727)(160,0.8487203519949597)(170,0.8778501628664495)
};
\addlegendentry{Natural\_Unigram+Context\_RF}

\addplot[color=green,mark=*] coordinates {
(10,0.598305485780039)(20,0.6497387017936037)(30,0.6306049848191886)(40,0.6492707537057472)(50,0.6507993930555445)(60,0.6648786891224686)(70,0.6670377209097492)(80,0.6751799665171696)(90,0.6796843236972889)(100,null)(110,null)(120,null)(130,null)(140,null)(150,null)(160,null)(170,null)
};
\addlegendentry{Component}

