size	dial	Natural_SVM	Natural_ADA	Natural_RF	Component_SVM	Component_ADA
1	1	0	0	0	0.2333333333333333	0.1
2	2	0	0	0	0.31666666666666665	0.33333333333333337
3	3	0	0	0	0.2833333333333333	0.2333333333333333
4	4	0	0	0	0.13333333333333333	0.11666666666666665
5	5	0.1	0	0	0.21666666666666665	0.25
6	6	0.1	0	0.05	0.2666666666666667	0.33333333333333337
7	7	0.05	0.05	0	0.33333333333333337	0.2333333333333333
8	8	0.05	0.05	0	0.3	0.2666666666666667
9	9	0.05	0.1	0	0.21666666666666665	0.23333333333333334
10	10	0.05	0.1	0	0.21666666666666665	0.2833333333333333