size	dial	Natural_SVM	Natural_ADA	Natural_RF	Component	Component+Context	Natural_SVM_Context	Natural_ADA_Context	Natural_RF_Context
1	1	0	0.00625	0	0.09864646464646465	0.07370370370370369	0	0.00625	0
2	2	0	0.00380952380952381	0	0.2293549622446867	0.2549872286079182	0	0.02171997157071784	0
3	3	0	0.00625	0	0.3393838076386436	0.34650902562192887	0	0.0301994301994302	0
4	4	0	0	0	0.4156188339672913	0.409883321401348	0	0.03836598184424271	0
5	5	0	0.026606099935107076	0	0.48424751460081444	0.45181257435963207	0	0.0301994301994302	0
6	6	0	0.028717948717948714	0	0.4939752337034946	0.5120745940181614	0.01111111111111111	0.031688963210702345	0
7	7	0	0.01920715778474399	0	0.5121617087358868	0.48849224460568996	0.01111111111111111	0.017910447761194027	0
8	8	0	0.006060606060606061	0	0.4907727879857184	0.48684170559776296	0.01111111111111111	0.027771972599558804	0
9	9	0	0.026899465477051687	0	0.5319410797930721	0.5291274733446534	0.03216374269005848	0.05561101132909644	0
10	10	0	0.017910447761194027	0	0.5505106645433185	0.5518328994294524	0.03216374269005848	0.05787291609100119	0