size	dial	Natural_Unigram_SVM	Natural_Unigram+Context_SVM	Natural_Unigram_ADA	Natural_Unigram+Context_ADA	Natural_Unigram_RF	Natural_Unigram+Context_RF	Component
10	10	0	0	0	0	0	0	0.043137254901960784
20	20	0	0	0	0	0	0	0.014285714285714285
30	30	0.04285714285714286	0.016666666666666666	0	0.04	0	0	0
40	40	0.016666666666666666	0.016666666666666666	0.06857142857142857	0.06857142857142857	0	0	0.08205128205128205
50	50	0.016666666666666666	0.016666666666666666	0.08719235364396655	0.04588235294117647	0	0	0.08
60	60	0.056666666666666664	0.03205128205128205	0.10054073803434416	0.0319693094629156	0	0	0.06666666666666667
70	70	0.056666666666666664	0.03205128205128205	0.06054073803434416	0.14185073873713425	0	0	0.1095
80	80	0.11215538847117794	0.06955128205128205	0.15057769726247988	0.11688246082767988	0	0	0.04395604395604395
90	90	0.10658263305322128	0.06955128205128205	0.09535790814563193	0.06054073803434416	0	0	0.06103896103896104
100	100	0.09702380952380951	0.060622710622710616	0.10699235093756995	0.12616835660313921	0	0	null
110	110	0.09702380952380951	0.03205128205128205	0.06682769726247986	0.09759692803171065	0	0	null
120	120	0.09702380952380951	0.03205128205128205	0.02608695652173913	0.02608695652173913	0	0	null
130	130	0.10701203558346416	0.045787545787545784	0.037267080745341616	0.037267080745341616	0	0	null
140	140	0.11648351648351647	0.0641025641025641	0.05217391304347826	0.05217391304347826	0	0	null
150	150	0.18727106227106224	0.08391608391608392	0.15217391304347827	0.15217391304347827	0	0	null
160	160	0.24969474969474967	0.11188811188811189	0.3278985507246377	0.2028985507246377	0	0	null
170	170	0.42857142857142855	0.15384615384615385	0.42857142857142855	0.16666666666666666	0	0	null