\addplot[color=green,mark=*] coordinates {
(10,10)(20,20)(30,30)(40,40)(50,50)(60,60)(70,70)(80,80)(90,90)(100,100)(110,110)(120,120)(130,130)(140,140)(150,150)(160,160)
};
\addlegendentry{dial}

\addplot[color=green,mark=*] coordinates {
(10,0.003076923076923077)(20,0.003076923076923077)(30,0.003125)(40,0.006060606060606061)(50,0)(60,0)(70,0)(80,0)(90,0)(100,0)(110,0)(120,0)(130,0)(140,0)(150,0)(160,0)
};
\addlegendentry{Natural\_Unigram\_SVM}

\addplot[color=green,mark=*] coordinates {
(10,0.004651162790697674)(20,0.005714285714285714)(30,0.00625)(40,0.05)(50,0.06666666666666667)(60,0.06666666666666667)(70,0.06666666666666667)(80,0.06666666666666667)(90,0.1)(100,0.1)(110,0.1)(120,0.1111111111111111)(130,0)(140,0)(150,0)(160,0)
};
\addlegendentry{Natural\_Unigram+Context\_SVM}

\addplot[color=green,mark=*] coordinates {
(10,0.0013986013986013986)(20,0.002127659574468085)(30,0.002127659574468085)(40,0)(50,0)(60,0)(70,0)(80,0)(90,0)(100,0)(110,0)(120,0)(130,0)(140,0)(150,0)(160,0)
};
\addlegendentry{Natural\_Unigram\_ADA}

\addplot[color=green,mark=*] coordinates {
(10,0.002127659574468085)(20,0.002127659574468085)(30,0.0013986013986013986)(40,0.013333333333333332)(50,0.03636363636363636)(60,0.03636363636363636)(70,0.03333333333333333)(80,0.025)(90,0.09523809523809523)(100,0.026666666666666665)(110,0.02857142857142857)(120,0.03418803418803419)(130,0.05128205128205129)(140,0.05333333333333333)(150,0.06666666666666667)(160,0)
};
\addlegendentry{Natural\_Unigram+Context\_ADA}

\addplot[color=green,mark=*] coordinates {
(10,0)(20,0)(30,0)(40,0)(50,0)(60,0)(70,0)(80,0)(90,0)(100,0)(110,0)(120,0)(130,0)(140,0)(150,0)(160,0)
};
\addlegendentry{Natural\_Unigram\_RF}

\addplot[color=green,mark=*] coordinates {
(10,0)(20,0)(30,0)(40,0)(50,0)(60,0)(70,0)(80,0)(90,0)(100,0)(110,0)(120,0)(130,0)(140,0)(150,0)(160,0)
};
\addlegendentry{Natural\_Unigram+Context\_RF}

\addplot[color=green,mark=*] coordinates {
(10,0.01111111111111111)(20,0)(30,0.025202020202020205)(40,0)(50,0.06412698412698412)(60,0.06888888888888889)(70,0.06222222222222222)(80,0.08722222222222223)(90,0.08412698412698412)(100,null)(110,null)(120,null)(130,null)(140,null)(150,null)(160,null)
};
\addlegendentry{Component}

