size	dial	Natural_SVM	Natural_ADA	Natural_RF	Component	Component+Context	Natural_SVM_Context	Natural_ADA_Context	Natural_RF_Context
1	1	0.045391770476782424	0.06845388444802064	0.030372336804846505	0.5339431098550571	0.7872340364975868	0.044347443020783604	0.06824186716431954	0.05933996751882716
2	2	0.14850619013684144	0.20036473058619114	0.08300247328492863	0.6975181862745158	0.9418089231891289	0.16840339729282483	0.21254828196962658	0.08152294237948501
3	3	0.17497002341860937	0.21085464278745863	0.10829917172503686	0.7388812020526212	0.9522284327494122	0.20063445144920675	0.24445383392122402	0.15214929338696753
4	4	0.17562362186590477	0.24957362506189407	0.14414544699096637	0.7711027328455626	0.9513109778094158	0.2092928128602769	0.2685727642026058	0.16349172556510325
5	5	0.22888967419254813	0.26361716174050165	0.1562859487107689	0.7910433177448101	0.9500863497996501	0.2460487759084093	0.30580015160778695	0.19899603779128863
6	6	0.23427264575304632	0.2524790675259767	0.15540547409450772	0.7861735530391687	0.9498801251325453	0.26107162882618024	0.2993076867404176	0.20220582512458934
7	7	0.23991426142859132	0.25999447704132106	0.1467928926778247	0.8191505337085957	0.9521167255804809	0.2616607324447465	0.2941542400196876	0.19915698124016487
8	8	0.26617049390763914	0.2919133681287764	0.16512433167072743	0.836426601271838	0.953234611332016	0.2973654667605074	0.32514635040650836	0.20212021882448333
9	9	0.2757883824082192	0.307682585124152	0.18754500706557634	0.8367553495705587	0.9489829915719448	0.3107171242641156	0.3162454289670431	0.22709548310847466
10	10	0.2874463617933644	0.2934123741898377	0.18174233312607074	0.8403871929423911	0.9487022361386238	0.29718906350942664	0.33198084700623764	0.225971620031921