\addplot[color=green,mark=*] coordinates {
(1,1)(2,2)(3,3)(4,4)(5,5)(6,6)(7,7)(8,8)(9,9)(10,10)
};
\addlegendentry{dial}

\addplot[color=green,mark=*] coordinates {
(1,0)(2,0.06333333333333332)(3,0.042222222222222223)(4,0.06333333333333332)(5,0.05333333333333333)(6,0.042222222222222223)(7,0.042222222222222223)(8,0.06222222222222222)(9,0.09936507936507936)(10,0.11936507936507937)
};
\addlegendentry{Natural\_SVM}

\addplot[color=green,mark=*] coordinates {
(1,0)(2,0)(3,0)(4,0)(5,0)(6,0)(7,0)(8,0)(9,0)(10,0)
};
\addlegendentry{Natural\_PolynomialSVM}

\addplot[color=green,mark=*] coordinates {
(1,0)(2,0.06333333333333332)(3,0.042222222222222223)(4,0.042222222222222223)(5,0.05333333333333333)(6,0.042222222222222223)(7,0.042222222222222223)(8,0.06222222222222222)(9,0.09936507936507936)(10,0.09936507936507936)
};
\addlegendentry{Natural\_RadialSVM}

\addplot[color=green,mark=*] coordinates {
(1,0)(2,0.07333333333333333)(3,0.042222222222222223)(4,0.06333333333333332)(5,0.05333333333333333)(6,0.042222222222222223)(7,0.042222222222222223)(8,0.042222222222222223)(9,0.09936507936507936)(10,0.09936507936507936)
};
\addlegendentry{Natural\_SigmoidSVM}

\addplot[color=green,mark=*] coordinates {
(1,0)(2,0.12)(3,0.061111111111111116)(4,0.03111111111111111)(5,0.05444444444444444)(6,0.05444444444444444)(7,0.05444444444444444)(8,0.06444444444444444)(9,0.13587301587301587)(10,0.11730158730158731)
};
\addlegendentry{Natural\_ADA}

