size	dial	Natural_Unigram_SVM	Natural_Unigram+Context_SVM	Natural_Unigram_ADA	Natural_Unigram+Context_ADA	Natural_Unigram_RF	Natural_Unigram+Context_RF	Component
10	10	0	0	0	0	0	0	0.06333333333333332
20	20	0	0	0	0	0	0	0.1849206349206349
30	30	0	0	0	0	0	0	0.21936262224187925
40	40	0	0	0	0	0	0	0.3243145743145743
50	50	0	0	0.016666666666666666	0	0	0	0.38487734487734476
60	60	0	0	0.016666666666666666	0	0	0	0.356552059052059
70	70	0	0	0.014285714285714285	0	0	0	0.40287878787878784
80	80	0	0	0	0	0	0	0.39624264624264616
90	90	0	0	0.014285714285714285	0	0	0	0.43184704184704187
100	100	0	0	0.014285714285714285	0	0	0	null
110	110	0	0	0	0	0	0	null
120	120	0	0	0	0	0	0	null
130	130	0	0	0	0	0	0	null
140	140	0	0	0	0	0	0	null
150	150	0	0	0	0	0	0	null
160	160	0	0	0	0	0	0	null