\addplot[color=green,mark=*] coordinates {
(1,1)(2,2)(3,3)(4,4)(5,5)(6,6)(7,7)(8,8)(9,9)(10,10)
};
\addlegendentry{dial}

\addplot[color=green,mark=*] coordinates {
(1,0)(2,0)(3,0.05714285714285714)(4,0.05714285714285714)(5,0.05714285714285714)(6,0.04285714285714286)(7,0.08035714285714286)(8,0.08035714285714286)(9,0.06785714285714287)(10,0.06785714285714287)
};
\addlegendentry{Natural\_SVM}

\addplot[color=green,mark=*] coordinates {
(1,0)(2,0.01111111111111111)(3,0.053968253968253964)(4,0.053968253968253964)(5,0.053968253968253964)(6,0.10396825396825396)(7,0.11646825396825396)(8,0.07896825396825397)(9,0.06785714285714287)(10,0.07896825396825397)
};
\addlegendentry{Natural\_ADA}

\addplot[color=green,mark=*] coordinates {
(1,0)(2,0)(3,0.014285714285714285)(4,0.02857142857142857)(5,0.014285714285714285)(6,0)(7,0.0125)(8,0.014285714285714285)(9,0.039285714285714285)(10,0.014285714285714285)
};
\addlegendentry{Natural\_RF}

\addplot[color=green,mark=*] coordinates {
(1,0)(2,0.11805555555555555)(3,0.1640873015873016)(4,0.1640873015873016)(5,0.23742063492063492)(6,0.21992063492063493)(7,0.26992063492063495)(8,0.31686507936507935)(9,0.25992063492063494)(10,0.27103174603174607)
};
\addlegendentry{Component}

\addplot[color=green,mark=*] coordinates {
(1,0)(2,0.12916666666666665)(3,0.20853174603174604)(4,0.1863095238095238)(5,0.2674206349206349)(6,0.30103174603174604)(7,0.4551984126984127)(8,0.4663095238095238)(9,0.5157142857142858)(10,0.5704365079365079)
};
\addlegendentry{Component+Context}

\addplot[color=green,mark=*] coordinates {
(1,0)(2,0)(3,0.05714285714285714)(4,0.05714285714285714)(5,0.05714285714285714)(6,0.06964285714285715)(7,0.09285714285714286)(8,0.09285714285714286)(9,0.06785714285714287)(10,0.06785714285714287)
};
\addlegendentry{Natural\_SVM\_Context}

\addplot[color=green,mark=*] coordinates {
(1,0)(2,0.01111111111111111)(3,0.053968253968253964)(4,0.053968253968253964)(5,0.053968253968253964)(6,0.09146825396825396)(7,0.15396825396825395)(8,0.15396825396825395)(9,0.13035714285714287)(10,0.08035714285714286)
};
\addlegendentry{Natural\_ADA\_Context}

\addplot[color=green,mark=*] coordinates {
(1,0)(2,0)(3,0.04285714285714286)(4,0.04285714285714286)(5,0.02857142857142857)(6,0.04107142857142857)(7,0.014285714285714285)(8,0.039285714285714285)(9,0.02857142857142857)(10,0.02857142857142857)
};
\addlegendentry{Natural\_RF\_Context}

