\addplot[color=green,mark=*] coordinates {
(1,1)(2,2)(3,3)(4,4)(5,5)(6,6)(7,7)(8,8)(9,9)(10,10)
};
\addlegendentry{dial}

\addplot[color=green,mark=*] coordinates {
(1,0)(2,0)(3,0.005555555555555555)(4,0.033893118375876996)(5,0.02914655172413793)(6,0.016896551724137933)(7,0.017391304347826087)(8,0.017391304347826087)(9,0)(10,0)
};
\addlegendentry{Natural\_SVM}

\addplot[color=green,mark=*] coordinates {
(1,0)(2,0)(3,0)(4,0.01990740740740741)(5,0.02003898635477583)(6,0.02116461366181411)(7,0.018073485600794435)(8,0.05358602749907097)(9,0.020685111989459815)(10,0.043478260869565216)
};
\addlegendentry{Natural\_ADA}

\addplot[color=green,mark=*] coordinates {
(1,0)(2,0)(3,0)(4,0.01818181818181818)(5,0)(6,0)(7,0)(8,0)(9,0)(10,0)
};
\addlegendentry{Natural\_RF}

\addplot[color=green,mark=*] coordinates {
(1,0.09558823529411765)(2,0.2149624060150376)(3,0.29542552459580323)(4,0.3418330139073173)(5,0.401162257732994)(6,0.38138609343872504)(7,0.40817362673520974)(8,0.42246889952153116)(9,0.4070914664970392)(10,0.41449971184646106)
};
\addlegendentry{Component}

\addplot[color=green,mark=*] coordinates {
(1,0.10935672514619883)(2,0.2820971620971621)(3,0.28257810301153957)(4,0.41841496129691036)(5,0.4461534949398726)(6,0.39777192982456133)(7,0.45819421742762706)(8,0.4444411682801775)(9,0.47565251655808927)(10,0.5070121656808964)
};
\addlegendentry{Component+Context}

\addplot[color=green,mark=*] coordinates {
(1,0)(2,0)(3,0.008)(4,0.04450454198737951)(5,0.04606513947327411)(6,0.04019607843137255)(7,0.03057644110275689)(8,0.03057644110275689)(9,0.03057644110275689)(10,0.04481792717086835)
};
\addlegendentry{Natural\_SVM\_Context}

\addplot[color=green,mark=*] coordinates {
(1,0)(2,0)(3,0.00625)(4,0.04085226971767572)(5,0.037403993855606756)(6,0.02095238095238095)(7,0.03761904761904762)(8,0.02761904761904762)(9,0.02857142857142857)(10,0.0662111801242236)
};
\addlegendentry{Natural\_ADA\_Context}

\addplot[color=green,mark=*] coordinates {
(1,0)(2,0)(3,0)(4,0)(5,0.011764705882352941)(6,0)(7,0.01818181818181818)(8,0)(9,0)(10,0)
};
\addlegendentry{Natural\_RF\_Context}

