\addplot[color=green,mark=*] coordinates {
(1,1)(2,2)(3,3)(4,4)(5,5)(6,6)(7,7)(8,8)(9,9)(10,10)
};
\addlegendentry{dial}

\addplot[color=green,mark=*] coordinates {
(1,0.00909090909090909)(2,0.00909090909090909)(3,0.06545454545454546)(4,0.04727272727272727)(5,0.08363636363636363)(6,0.08363636363636363)(7,0.10272727272727274)(8,0.10272727272727274)(9,0.09363636363636364)(10,0.14363636363636362)
};
\addlegendentry{Natural\_Unigram\_SVM}

\addplot[color=green,mark=*] coordinates {
(1,0)(2,0)(3,0.06545454545454546)(4,0.08545454545454545)(5,0.1490909090909091)(6,0.13090909090909092)(7,0.13090909090909092)(8,0.13090909090909092)(9,0.13090909090909092)(10,0.1909090909090909)
};
\addlegendentry{Natural\_Unigram+Context\_SVM}

\addplot[color=green,mark=*] coordinates {
(1,0)(2,0)(3,0.05636363636363636)(4,0.06636363636363637)(5,0.1209090909090909)(6,0.08454545454545455)(7,0.11363636363636362)(8,0.08545454545454546)(9,0.08545454545454546)(10,0.11454545454545455)
};
\addlegendentry{Natural\_Unigram\_ADA}

\addplot[color=green,mark=*] coordinates {
(1,0.00909090909090909)(2,0)(3,0)(4,0.030000000000000006)(5,0.09363636363636363)(6,0.07545454545454545)(7,0.15545454545454546)(8,0.15727272727272726)(9,0.14818181818181816)(10,0.2254545454545454)
};
\addlegendentry{Natural\_Unigram+Context\_ADA}

\addplot[color=green,mark=*] coordinates {
(1,0)(2,0)(3,0)(4,0.01)(5,0)(6,0.01818181818181818)(7,0)(8,0.02)(9,0.01818181818181818)(10,0.02909090909090909)
};
\addlegendentry{Natural\_Unigram\_RF}

\addplot[color=green,mark=*] coordinates {
(1,0)(2,0)(3,0.019090909090909092)(4,0.02)(5,0)(6,0)(7,0)(8,0.01)(9,0)(10,0.01)
};
\addlegendentry{Natural\_Unigram+Context\_RF}

\addplot[color=green,mark=*] coordinates {
(1,0.07272727272727272)(2,0.14181818181818182)(3,0.30636363636363634)(4,0.36181818181818176)(5,0.40545454545454546)(6,0.42363636363636364)(7,0.38545454545454544)(8,0.45742424242424234)(9,0.5271212121212121)(10,0.5389393939393939)
};
\addlegendentry{Component}

