\addplot[color=green,mark=*] coordinates {
(1,1)(2,2)(3,3)(4,4)(5,5)(6,6)(7,7)(8,8)(9,9)(10,10)
};
\addlegendentry{dial}

\addplot[color=green,mark=*] coordinates {
(1,0)(2,0)(3,0)(4,0)(5,0)(6,0)(7,0)(8,0)(9,0.010526315789473684)(10,0)
};
\addlegendentry{Natural\_SVM}

\addplot[color=green,mark=*] coordinates {
(1,0)(2,0.0012072434607645875)(3,0.0016632016632016633)(4,0.0016293279022403257)(5,0)(6,0)(7,0.023650296064089166)(8,0.022553064941823724)(9,0.008163265306122448)(10,0.008)
};
\addlegendentry{Natural\_ADA}

\addplot[color=green,mark=*] coordinates {
(1,0)(2,0.0007905138339920949)(3,0)(4,0.0007662835249042145)(5,0)(6,0)(7,0)(8,0)(9,0)(10,0.0015151515151515152)
};
\addlegendentry{Natural\_RF}

\addplot[color=green,mark=*] coordinates {
(1,0.5462408424908425)(2,0.7791538701286247)(3,0.809523250935448)(4,0.8065793667117196)(5,0.8233516483516483)(6,0.7776409621153781)(7,0.7723429526052611)(8,0.7833522460837836)(9,0.8123951396484603)(10,0.8331341113254913)
};
\addlegendentry{Component}

\addplot[color=green,mark=*] coordinates {
(1,0.7705615942028986)(2,0.9350941982853748)(3,0.941327964519141)(4,0.9317226678550208)(5,0.9280445069354807)(6,0.9206997532791389)(7,0.9237156262950121)(8,0.9339623056119001)(9,0.9243287855372033)(10,0.920387898837696)
};
\addlegendentry{Component+Context}

\addplot[color=green,mark=*] coordinates {
(1,0)(2,0.002247191011235955)(3,0.0014084507042253522)(4,0)(5,0)(6,0)(7,0)(8,0)(9,0)(10,0)
};
\addlegendentry{Natural\_SVM\_Context}

\addplot[color=green,mark=*] coordinates {
(1,0)(2,0.0027874564459930314)(3,0.0022304832713754648)(4,0.0014814814814814816)(5,0.0029629629629629632)(6,0.0029629629629629632)(7,0.00909090909090909)(8,0.014805194805194804)(9,0.012545454545454545)(10,0.021346814964610716)
};
\addlegendentry{Natural\_ADA\_Context}

\addplot[color=green,mark=*] coordinates {
(1,0)(2,0.0015748031496062992)(3,0.0020942408376963353)(4,0.00196078431372549)(5,0)(6,0)(7,0)(8,0)(9,0)(10,0.0022222222222222222)
};
\addlegendentry{Natural\_RF\_Context}

