\addplot[color=green,mark=*] coordinates {
(1,1)(2,2)(3,3)(4,4)(5,5)(6,6)(7,7)(8,8)(9,9)(10,10)(15,15)(20,20)(30,30)(40,40)(50,50)(60,60)(70,70)(80,80)(90,90)
};
\addlegendentry{dial}

\addplot[color=green,mark=*] coordinates {
(1,0)(2,0)(3,0)(4,0)(5,0)(6,0)(7,null)(8,null)(9,null)(10,null)(15,0)(20,0)(30,0)(40,0)(50,0)(60,0)(70,0)(80,0)(90,0)
};
\addlegendentry{Natural}

\addplot[color=green,mark=*] coordinates {
(1,0)(2,0)(3,0)(4,0)(5,0)(6,0)(7,null)(8,null)(9,null)(10,null)(15,0)(20,0)(30,0)(40,0)(50,0)(60,0)(70,0)(80,0)(90,0)
};
\addlegendentry{Natural+Context}

\addplot[color=green,mark=*] coordinates {
(1,0.8018518518518518)(2,0.5722222222222223)(3,0.6092592592592593)(4,0.5222222222222223)(5,0.6814814814814815)(6,0.7462962962962963)(7,null)(8,null)(9,null)(10,null)(15,0.8018518518518518)(20,0.7055555555555555)(30,0.7333333333333333)(40,0.7333333333333333)(50,0.7333333333333333)(60,0.7333333333333333)(70,0.7888888888888889)(80,0.7888888888888889)(90,0.7333333333333333)
};
\addlegendentry{Component}

\addplot[color=green,mark=*] coordinates {
(1,0.8851851851851852)(2,0.8407407407407408)(3,0.8407407407407408)(4,0.8407407407407408)(5,0.8074074074074074)(6,0.8296296296296296)(7,null)(8,null)(9,null)(10,null)(15,0.8629629629629629)(20,0.8629629629629629)(30,0.8629629629629629)(40,0.8629629629629629)(50,0.8629629629629629)(60,0.8629629629629629)(70,0.8629629629629629)(80,0.8629629629629629)(90,0.8629629629629629)
};
\addlegendentry{Component+Context}

