size	dial	MYMO	Natural_SVM	Natural_ADA	Component_ADA	Component_SVM
1	1	0	0	0	0	0
2	2	0.00909090909090909	0.03636363636363636	0.08181818181818182	0	0
3	3	0	0.03636363636363636	0.00909090909090909	0	0
4	4	0.00909090909090909	0.04469696969696969	0.00909090909090909	0	0
5	5	0	0.04469696969696969	0.025757575757575757	0	0
6	6	0.025757575757575757	0.053030303030303025	0.025757575757575757	0	0
7	7	0.034848484848484844	0.06393939393939393	0.06575757575757576	0	0
8	8	0.01818181818181818	0.1093939393939394	0.09212121212121212	0	0
9	9	0.034848484848484844	0.11772727272727272	0.10045454545454546	0	0
10	10	0.026515151515151512	0.11772727272727272	0.09212121212121213	0	0