size	dial	Natural_SVM	Natural_ADA	Natural_RF	Component
5	5	null	null	null	0.3018681318681319
10	10	null	0.30722222222222223	0.5316666666666666	0.5821428571428571
15	15	null	0.4025274725274726	0.5666666666666667	0.5904761904761904
20	20	null	0.4800000000000001	0.5166666666666666	0.6116300366300367
25	25	null	0.46342490842490847	0.5211111111111111	0.5394444444444445
30	30	null	0.45285714285714285	0.565	0.5564484126984126
35	35	null	0.5000757575757576	0.5916666666666667	0.5593650793650793
40	40	null	0.37	0.502142857142857	0.5541125541125541
45	45	null	0.3816666666666667	0.5880952380952381	0.5086435786435788
50	50	null	0.4440476190476191	0.4652380952380952	0.5542857142857144
55	55	null	0.41500000000000004	0.6000915750915751	0.5218880534670008
60	60	null	0.48571428571428577	0.6280555555555555	0.5258333333333333
65	65	null	0.5173809523809524	0.6282900432900432	0.5364682539682539
70	70	null	0.5371212121212121	0.6023809523809524	0.5049531024531024