\addplot[color=green,mark=*] coordinates {
(10,10)(20,20)(30,30)(40,40)(50,50)(60,60)(70,70)(80,80)(90,90)(100,100)(110,110)(120,120)(130,130)(140,140)(150,150)(160,160)
};
\addlegendentry{dial}

\addplot[color=green,mark=*] coordinates {
(10,0)(20,0.0058823529411764705)(30,0.008571428571428572)(40,0.005714285714285714)(50,0.0058823529411764705)(60,0.008)(70,0.008333333333333333)(80,0.008333333333333333)(90,0.02222222222222222)(100,0)(110,0)(120,0)(130,0)(140,0)(150,0)(160,0)
};
\addlegendentry{Natural\_Unigram\_SVM}

\addplot[color=green,mark=*] coordinates {
(10,0)(20,0.008333333333333333)(30,0.023717948717948717)(40,0)(50,0)(60,0)(70,0)(80,0)(90,0)(100,0)(110,0)(120,0)(130,0)(140,0)(150,0)(160,0)
};
\addlegendentry{Natural\_Unigram+Context\_SVM}

\addplot[color=green,mark=*] coordinates {
(10,0)(20,0.01)(30,0.019791666666666666)(40,0.033877627627627624)(50,0.056746031746031746)(60,0.02222222222222222)(70,0.03333333333333333)(80,0.02222222222222222)(90,0.031746031746031744)(100,0.04722222222222222)(110,0.04722222222222222)(120,0.047619047619047616)(130,0.04275793650793651)(140,0.06084656084656084)(150,0.1574074074074074)(160,0.15384615384615385)
};
\addlegendentry{Natural\_Unigram\_ADA}

\addplot[color=green,mark=*] coordinates {
(10,0)(20,0.008823529411764706)(30,0.0404040404040404)(40,0.03398692810457517)(50,0.02222222222222222)(60,0.03555555555555555)(70,0.05555555555555556)(80,0.06150793650793651)(90,0.041805555555555554)(100,0.03398692810457517)(110,0.0327485380116959)(120,0.04520358868184955)(130,0.0365079365079365)(140,0.06084656084656084)(150,0.07407407407407407)(160,0.15384615384615385)
};
\addlegendentry{Natural\_Unigram+Context\_ADA}

\addplot[color=green,mark=*] coordinates {
(10,0)(20,0.015384615384615385)(30,0)(40,0)(50,0)(60,0)(70,0)(80,0)(90,0)(100,0)(110,0)(120,0)(130,0)(140,0)(150,0)(160,0)
};
\addlegendentry{Natural\_Unigram\_RF}

\addplot[color=green,mark=*] coordinates {
(10,0)(20,0)(30,0)(40,0)(50,0)(60,0)(70,0)(80,0)(90,0)(100,0)(110,0)(120,0)(130,0)(140,0)(150,0)(160,0)
};
\addlegendentry{Natural\_Unigram+Context\_RF}

\addplot[color=green,mark=*] coordinates {
(10,0)(20,0)(30,0)(40,0)(50,0)(60,0)(70,0)(80,0)(90,0)(100,0)(110,0)(120,null)(130,null)(140,null)(150,null)(160,null)
};
\addlegendentry{Component}

