\addplot[color=green,mark=*] coordinates {
(1,1)(2,2)(3,3)(4,4)(5,5)(6,6)(7,7)(8,8)(9,9)(10,10)
};
\addlegendentry{dial}

\addplot[color=green,mark=*] coordinates {
(1,0)(2,0.03636363636363636)(3,0.045454545454545456)(4,0.04469696969696969)(5,0.04469696969696969)(6,0.053030303030303025)(7,0.06393939393939393)(8,0.1093939393939394)(9,0.11772727272727272)(10,0.11772727272727272)
};
\addlegendentry{Natural\_SVM}

\addplot[color=green,mark=*] coordinates {
(1,0)(2,0)(3,0)(4,0)(5,0)(6,0)(7,0)(8,0)(9,0)(10,0)
};
\addlegendentry{Natural\_PolynomialSVM}

\addplot[color=green,mark=*] coordinates {
(1,0)(2,0.03636363636363636)(3,0.03636363636363636)(4,0.04469696969696969)(5,0.04469696969696969)(6,0.053030303030303025)(7,0.06393939393939393)(8,0.1093939393939394)(9,0.11772727272727272)(10,0.11772727272727272)
};
\addlegendentry{Natural\_RadialSVM}

\addplot[color=green,mark=*] coordinates {
(1,0)(2,0.03636363636363636)(3,0.045454545454545456)(4,0.04469696969696969)(5,0.04469696969696969)(6,0.04469696969696969)(7,0.0556060606060606)(8,0.05378787878787879)(9,0.05378787878787879)(10,0.04469696969696969)
};
\addlegendentry{Natural\_SigmoidSVM}

\addplot[color=green,mark=*] coordinates {
(1,0)(2,0.08181818181818182)(3,0.00909090909090909)(4,0.11666666666666665)(5,0.017424242424242425)(6,0.017424242424242425)(7,0.06575757575757576)(8,0.07545454545454547)(9,0.09212121212121213)(10,0.1087878787878788)
};
\addlegendentry{Natural\_ADA}

