\addplot[color=green,mark=*] coordinates {
(1,1)(2,2)(3,3)(4,4)(5,5)(6,6)(7,7)(8,8)(9,9)(10,10)
};
\addlegendentry{dial}

\addplot[color=green,mark=*] coordinates {
(1,0.028469548006798184)(2,0.026331338071661336)(3,0.028927984527107497)(4,0.0286547258794206)(5,0.039502012748777474)(6,0.03484984111554116)(7,0.03016111514747427)(8,0.026554907282101324)(9,0.029829670361583044)(10,0.0313664132951061)
};
\addlegendentry{Natural\_SVM}

\addplot[color=green,mark=*] coordinates {
(1,0.01821457462489849)(2,0.03134357529368153)(3,0.05828454799690158)(4,0.05443969247691803)(5,0.04735089354928868)(6,0.05886224131675594)(7,0.03975752039446551)(8,0.07061563232452447)(9,0.06595617752180769)(10,0.06308149490074594)
};
\addlegendentry{Natural\_ADA}

\addplot[color=green,mark=*] coordinates {
(1,0.006877783275606135)(2,0.007854769814902705)(3,0.028318764473727127)(4,0.022613306387821448)(5,0.010173303799454827)(6,0.013163967283614218)(7,0.011953444878238947)(8,0.018092308621530395)(9,0.015770501256334227)(10,0.010920277379460273)
};
\addlegendentry{Natural\_RF}

\addplot[color=green,mark=*] coordinates {
(1,0.48297518359795355)(2,0.61396595453853)(3,0.6087974006280925)(4,0.6424585268779524)(5,0.7210176326027405)(6,0.6904567796872565)(7,0.73887085656337)(8,0.7527117590421677)(9,0.7613325318064426)(10,0.7497722909585199)
};
\addlegendentry{Component}

\addplot[color=green,mark=*] coordinates {
(1,0.7818027210884353)(2,0.9682905420232609)(3,0.9843413382183168)(4,0.9812135653700469)(5,0.9821125645208995)(6,0.9727981962216375)(7,0.9756187558991165)(8,0.9857741785169715)(9,0.9806289647512407)(10,0.9796476448039071)
};
\addlegendentry{Component+Context}

\addplot[color=green,mark=*] coordinates {
(1,0.04366166125250091)(2,0.03132340890554531)(3,0.05802324469305394)(4,0.043893963268652664)(5,0.041637150326384244)(6,0.03966605989287987)(7,0.04022377849402982)(8,0.047979897942907586)(9,0.05122098855570972)(10,0.045856930281797756)
};
\addlegendentry{Natural\_SVM\_Context}

\addplot[color=green,mark=*] coordinates {
(1,0.01134347211793196)(2,0.0390644590349983)(3,0.07869013574474351)(4,0.05747944609558851)(5,0.055807098654220524)(6,0.06750046746924801)(7,0.050019346754853165)(8,0.0689346410742891)(9,0.0865514688356294)(10,0.0791672438948264)
};
\addlegendentry{Natural\_ADA\_Context}

\addplot[color=green,mark=*] coordinates {
(1,0.00578014789187082)(2,0.02005736571676193)(3,0.03550724637681159)(4,0.022788350148761682)(5,0.013332818729234405)(6,0.0198053921719211)(7,0.011161809742418129)(8,0.0249933119878735)(9,0.036314416620685415)(10,0.02408346938406198)
};
\addlegendentry{Natural\_RF\_Context}

