\addplot[color=green,mark=*] coordinates {
(1,1)(2,2)(3,3)(4,4)(5,5)(6,6)(7,7)(8,8)(9,9)(10,10)
};
\addlegendentry{dial}

\addplot[color=green,mark=*] coordinates {
(1,0.0016611524676040806)(2,0.2158511469361597)(3,0.3958508198995029)(4,0.4951450763118115)(5,0.6210067715048361)(6,0.8084068722049633)(7,0.907219895903969)(8,0.9418191699697358)(9,0.9634664148260143)(10,0.9665200238037359)
};
\addlegendentry{Natural\_SVM}

\addplot[color=green,mark=*] coordinates {
(1,0)(2,0)(3,0)(4,0)(5,0)(6,0)(7,0)(8,0)(9,0)(10,0)
};
\addlegendentry{Natural\_PolynomialSVM}

\addplot[color=green,mark=*] coordinates {
(1,0.0008547008547008548)(2,0.19744897646554216)(3,0.3611401351813871)(4,0.46430931083560856)(5,0.5985679984405442)(6,0.7975656381060465)(7,0.9010904907209879)(8,0.9388769541156122)(9,0.9620936366068902)(10,0.9689532722792553)
};
\addlegendentry{Natural\_RadialSVM}

\addplot[color=green,mark=*] coordinates {
(1,0.0016611524676040806)(2,0.21662634073460932)(3,0.3896259554127045)(4,0.4277864337419908)(5,0.5823772668004158)(6,0.7729283783889079)(7,0.8766002566608595)(8,0.9465919467288251)(9,0.9705348581936702)(10,0.9736003932298294)
};
\addlegendentry{Natural\_SigmoidSVM}

\addplot[color=green,mark=*] coordinates {
(1,0.25701359035198224)(2,0.6419610898439927)(3,0.7995161938430896)(4,0.9180943165688044)(5,0.97471398329651)(6,0.922745479359502)(7,0.9730045815871083)(8,0.97471398329651)(9,0.9706790001917595)(10,0.9723884019011612)
};
\addlegendentry{Natural\_ADA}

