size	dial	Natural_SVM	Natural_ADA	Natural_RF	Component	Component+Context	Natural_SVM_Context	Natural_ADA_Context	Natural_RF_Context
1	1	0	0	0	0.008333333333333333	0.025	0	0	0
2	2	0	0	0	0.10712121212121213	0.0673160173160173	0	0	0
3	3	0	0	0	0.14106060606060605	0.11201298701298704	0	0	0
4	4	0.01	0.02	0	0.19530303030303034	0.14958874458874458	0	0.01	0
5	5	0.01	0.01	0	0.21424242424242426	0.17686147186147183	0.01	0.02	0
6	6	0.01	0.02	0	0.2728138528138528	0.19777056277056274	0	0.02	0
7	7	0.01	0.02	0	0.2637229437229437	0.23467532467532468	0	0.02	0
8	8	0.01	0.02	0	0.2553896103896104	0.2504329004329004	0	0.02	0
9	9	0.024285714285714285	0.03428571428571429	0	0.2811471861471862	0.25816017316017315	0	0.02	0
10	10	0.024285714285714285	0.03428571428571429	0	0.3244805194805195	0.2748268398268398	0	0.02	0