size	dial	Natural	Natural+Context	Component	Component+Context
1	1	0	0	0.8018518518518518	0.8851851851851852
2	2	0	0	0.5722222222222223	0.8407407407407408
3	3	0	0	0.6092592592592593	0.8407407407407408
4	4	0	0	0.5222222222222223	0.8407407407407408
5	5	0	0	0.6814814814814815	0.8074074074074074
6	6	0	0	0.7462962962962963	0.8296296296296296
7	7	null	null	null	null
8	8	null	null	null	null
9	9	null	null	null	null
10	10	null	null	null	null
15	15	0	0	0.8018518518518518	0.8629629629629629
20	20	0	0	0.7055555555555555	0.8629629629629629
30	30	0	0	0.7333333333333333	0.8629629629629629
40	40	0	0	0.7333333333333333	0.8629629629629629
50	50	0	0	0.7333333333333333	0.8629629629629629
60	60	0	0	0.7333333333333333	0.8629629629629629
70	70	0	0	0.7888888888888889	0.8629629629629629
80	80	0	0	0.7888888888888889	0.8629629629629629
90	90	0	0	0.7333333333333333	0.8629629629629629