size	dial	Natural_Unigram_SVM	Natural_Unigram+Context_SVM	Natural_Unigram_ADA	Natural_Unigram+Context_ADA	Natural_Unigram_RF	Natural_Unigram+Context_RF	Component
1	1	0	0	0	0	0	0	0.1629784775386393
2	2	0.05217391304347826	0.042105263157894736	0.04	0.0375	0.016666666666666666	0.015384615384615385	0.11333333333333333
3	3	0.17787698412698413	0.16998275862068965	0.1589241591529921	0.0921994301994302	0.030952380952380953	0.03076923076923077	0.23213818860877686
4	4	0.24181005467961988	0.192657616892911	0.15818341841225136	0.12459742351046699	0.03205128205128205	0.015384615384615385	0.2815580591718903
5	5	0.2344037380216995	0.15614827201783724	0.12710121457489879	0.09048582995951418	0.047435897435897434	0.04523809523809523	0.2848826728826729
6	6	0.2421212121212121	0.1669969040247678	0.1643105169004802	0.13325506072874496	0.07380952380952381	0.08333333333333333	0.30687229437229435
7	7	0.23551607599561564	0.19202631578947366	0.14892590151586477	0.12769513228509558	0.051515151515151514	0.04871794871794871	0.33202380952380955
8	8	0.28544967782550235	0.1840501253132832	0.17222001916292362	0.13731051690048018	0.10023310023310024	0.05934065934065934	0.3109453781512605
9	9	0.29084967320261434	0.20781569307885098	0.17730309160989002	0.13534366096866096	0.051515151515151514	0.07142857142857142	0.331925231631114
10	10	0.3360738607797431	0.2723837919186756	0.19992434706676193	0.20059517824223705	0.0918081918081918	0.046153846153846156	0.319813258636788