size	dial	Natural_SVM	Natural_ADA	Natural_RF	Component	Component+Context	Natural_SVM_Context	Natural_ADA_Context	Natural_RF_Context
1	1	0	0	0	0.3821428571428572	0.3142857142857143	0	0	0
2	2	0	0.016666666666666666	0	0.3976190476190476	0.37857142857142856	0	0.016666666666666666	0
3	3	0	0.016666666666666666	0	0.39761904761904754	0.3559523809523809	0	0.016666666666666666	0
4	4	0	0	0	0.39999999999999997	0.3952380952380953	0	0	0
5	5	0	0	0	0.4023809523809524	0.46547619047619043	0	0	0
6	6	0	0	0	0.4761904761904761	0.655952380952381	0	0	0
7	7	0	0	0	0.4476190476190475	0.5630952380952381	0	0	0
8	8	0	0	0	0.3714285714285714	0.7511904761904763	0	0	0
9	9	0	0	0	0.3571428571428571	0.7119047619047619	0	0	0
10	10	0	0	0	0.40476190476190477	0.6535714285714286	0	0	0