\addplot[color=green,mark=*] coordinates {
(1,1)(2,2)(3,3)(4,4)(5,5)(6,6)(7,7)(8,8)(9,9)(10,10)
};
\addlegendentry{dial}

\addplot[color=green,mark=*] coordinates {
(1,0.0018518518518518517)(2,0.025610777212718962)(3,0.03657727930959165)(4,0.056168833480585066)(5,0.05596286651796338)(6,0.06259273986545388)(7,0.0616705893187937)(8,0.0609447910570863)(9,0.056294265979051794)(10,0.057182771482570914)
};
\addlegendentry{Natural\_SVM}

\addplot[color=green,mark=*] coordinates {
(1,0.004809421071556993)(2,0.04694243409287415)(3,0.06288268524426452)(4,0.06092173394212839)(5,0.08640568365256511)(6,0.07378374780565192)(7,0.08509058225244306)(8,0.08618008061453354)(9,0.07583647189782501)(10,0.09877237435254825)
};
\addlegendentry{Natural\_ADA}

\addplot[color=green,mark=*] coordinates {
(1,0)(2,0.007587198849334771)(3,0.0056903991370010785)(4,0.010448374934580836)(5,0.009585025949686955)(6,0.01148153551794941)(7,0.009538966555829195)(8,0.011608570303894372)(9,0.011561694737216827)(10,0.01429458527599346)
};
\addlegendentry{Natural\_RF}

\addplot[color=green,mark=*] coordinates {
(1,0.4795413153292628)(2,0.6155395268531079)(3,0.6187141619407316)(4,0.6630152209912991)(5,0.7126539534706171)(6,0.6905065387181841)(7,0.7307354746895575)(8,0.7261035723999565)(9,0.7394159433336589)(10,0.7539421962998208)
};
\addlegendentry{Component}

\addplot[color=green,mark=*] coordinates {
(1,0.7749838730859369)(2,0.9490156432178392)(3,0.9561661312321214)(4,0.9571206177064099)(5,0.9551041253394524)(6,0.9514670454574012)(7,0.9543247018197306)(8,0.9572010288317987)(9,0.9511893684812286)(10,0.9502369875288477)
};
\addlegendentry{Component+Context}

\addplot[color=green,mark=*] coordinates {
(1,0.006481481481481481)(2,0.056139364051985406)(3,0.036415980701691095)(4,0.058956450579063256)(5,0.07102531823952045)(6,0.07763068831798237)(7,0.07950152226578724)(8,0.07308448427547483)(9,0.06835297374447968)(10,0.07696318808027296)
};
\addlegendentry{Natural\_SVM\_Context}

\addplot[color=green,mark=*] coordinates {
(1,0.02431107952158673)(2,0.04694243409287415)(3,0.08160158831546757)(4,0.06578475638749363)(5,0.08757806141686392)(6,0.07945721793549741)(7,0.1097441927309816)(8,0.09493622789028763)(9,0.10938226716926022)(10,0.12093600648238127)
};
\addlegendentry{Natural\_ADA\_Context}

\addplot[color=green,mark=*] coordinates {
(1,0.005555555555555555)(2,0.01329471768792157)(3,0.013521562512238277)(4,0.009730119187401909)(5,0.01832651090612069)(6,0.006724423473846264)(7,0.008664620098508907)(8,0.016398994545593452)(9,0.012589139172816958)(10,0.024141549163087993)
};
\addlegendentry{Natural\_RF\_Context}

