\addplot[color=green,mark=*] coordinates {
(1,1)(2,2)(3,3)(4,4)(5,5)(6,6)(7,7)(8,8)(9,9)(10,10)(15,15)(20,20)(25,25)(30,30)(35,35)(40,40)(45,45)(50,50)(55,55)(60,60)(65,65)(70,70)(75,75)(80,80)(85,85)(90,90)
};
\addlegendentry{dial}

\addplot[color=green,mark=*] coordinates {
(1,0)(2,0.15897885739991002)(3,0.15231219073324337)(4,0.12801169590643274)(5,0.17784075573549257)(6,0.06213675213675214)(7,0.1845344129554656)(8,0.1997975708502024)(9,0.18786774628879893)(10,0.22696356275303642)(15,0.06912280701754385)(20,0.0288034188034188)(25,0.004166666666666667)(30,0.01)(35,0)(40,0)(45,0)(50,0)(55,0)(60,0)(65,0)(70,0)(75,0)(80,0)(85,0)(90,0)
};
\addlegendentry{Natural\_SVM}

\addplot[color=green,mark=*] coordinates {
(1,0)(2,0.1622413405308142)(3,0.16612171454276717)(4,0.1746345029239766)(5,0.3241693978536084)(6,0.22314375682796733)(7,0.3363453505558769)(8,null)(9,null)(10,null)(15,null)(20,null)(25,null)(30,null)(35,null)(40,null)(45,null)(50,null)(55,null)(60,null)(65,null)(70,null)(75,null)(80,null)(85,null)(90,null)
};
\addlegendentry{Natural\_Ada}

\addplot[color=green,mark=*] coordinates {
(1,0)(2,0.06964912280701754)(3,0.07076023391812865)(4,0.09928587494376968)(5,0.07845254161043635)(6,0.04298245614035088)(7,0.20265278581068052)(8,0.283237581132318)(9,0.23019664545980337)(10,null)(15,null)(20,null)(25,null)(30,null)(35,null)(40,null)(45,null)(50,null)(55,null)(60,null)(65,null)(70,null)(75,null)(80,null)(85,null)(90,null)
};
\addlegendentry{Natural\_RF}

