size	dial	Natural_Unigram_SVM	Natural_Unigram+Context_SVM	Natural_Unigram_ADA	Natural_Unigram+Context_ADA	Natural_Unigram_RF	Natural_Unigram+Context_RF	Component
10	10	0	0	0	0	0	0	0
20	20	0.04	0.02	0.06	0.16178571428571428	0.04	0.04	0
30	30	0.09	0.09	0.22928571428571426	0.15428571428571428	0.04	0.0725	0
40	40	0.09	0.06999999999999999	0.0325	0.1075	0	0	0
50	50	0.0775	0.057499999999999996	0.046785714285714285	0.052500000000000005	0	0	0
60	60	0.065	0.057499999999999996	0.046785714285714285	0.046785714285714285	0	0	0
70	70	0.065	0.057499999999999996	0.046785714285714285	0.0325	0	0.0125	0
80	80	0.065	0.045	0.026785714285714284	0.052500000000000005	0	0	0
90	90	0.065	0.045	0.0325	0.046785714285714285	0	0	0
100	100	0.04	0.02	0.046785714285714285	0.0325	0	0	0
110	110	0.04	0.02	0.0325	0.0325	0	0	0
120	120	0.04	0.02	0.039285714285714285	0.05928571428571429	0	0	null
130	130	0.04	0.02	0.025	0.025	0	0	null
140	140	0	0	0.041666666666666664	0.06547619047619048	0	0	null
150	150	0	0	0.041666666666666664	0.08928571428571429	0	0	null
160	160	0	0	0.14285714285714285	0.14285714285714285	0	0	null