\addplot[color=green,mark=*] coordinates {
(10,10)(20,20)(30,30)(40,40)(50,50)(60,60)(70,70)(80,80)(90,90)(100,100)(110,110)(120,120)(130,130)(140,140)(150,150)(160,160)(170,170)
};
\addlegendentry{dial}

\addplot[color=green,mark=*] coordinates {
(10,0)(20,0)(30,0.02222222222222222)(40,0.05357142857142857)(50,0.05714285714285714)(60,0.05714285714285714)(70,0.06190476190476191)(80,0.02857142857142857)(90,0.02857142857142857)(100,0.02857142857142857)(110,0.02857142857142857)(120,0.05714285714285714)(130,0.05714285714285715)(140,0)(150,0)(160,0)(170,0)
};
\addlegendentry{Natural\_Unigram\_SVM}

\addplot[color=green,mark=*] coordinates {
(10,0)(20,0)(30,0.04)(40,0.06222222222222222)(50,0.05833333333333333)(60,0.06666666666666667)(70,0.1)(80,0.1)(90,0.1)(100,0.07333333333333333)(110,0.07333333333333333)(120,0.07333333333333333)(130,0.047619047619047616)(140,0.06666666666666667)(150,0)(160,0)(170,0)
};
\addlegendentry{Natural\_Unigram+Context\_SVM}

\addplot[color=green,mark=*] coordinates {
(10,0)(20,0)(30,0.01818181818181818)(40,0.00909090909090909)(50,0.00909090909090909)(60,0.00909090909090909)(70,0.00909090909090909)(80,0.00909090909090909)(90,0.00909090909090909)(100,0.00909090909090909)(110,0.00909090909090909)(120,0.00909090909090909)(130,0)(140,0)(150,0)(160,0)(170,0)
};
\addlegendentry{Natural\_Unigram\_ADA}

\addplot[color=green,mark=*] coordinates {
(10,0)(20,0)(30,0.02857142857142857)(40,0.04)(50,0.04)(60,0.046153846153846156)(70,0.03333333333333333)(80,0.03333333333333333)(90,0.03333333333333333)(100,0.03333333333333333)(110,0.03333333333333333)(120,0.03333333333333333)(130,0)(140,0)(150,0)(160,0)(170,0)
};
\addlegendentry{Natural\_Unigram+Context\_ADA}

\addplot[color=green,mark=*] coordinates {
(10,0)(20,0)(30,0)(40,0)(50,0)(60,0)(70,0)(80,0)(90,0)(100,0)(110,0)(120,0)(130,0)(140,0)(150,0)(160,0)(170,0)
};
\addlegendentry{Natural\_Unigram\_RF}

\addplot[color=green,mark=*] coordinates {
(10,0)(20,0)(30,0)(40,0)(50,0.03333333333333333)(60,0.04)(70,0)(80,0)(90,0)(100,0)(110,0)(120,0)(130,0)(140,0)(150,0)(160,0)(170,0)
};
\addlegendentry{Natural\_Unigram+Context\_RF}

\addplot[color=green,mark=*] coordinates {
(10,0)(20,0)(30,0)(40,0)(50,0)(60,0)(70,0)(80,0)(90,0)(100,null)(110,null)(120,null)(130,null)(140,null)(150,null)(160,null)(170,null)
};
\addlegendentry{Component}

