size	dial	Natural_SVM	Natural_PolynomialSVM	Natural_RadialSVM	Natural_SigmoidSVM	Natural_ADA
1	1	0.007692307692307693	0	0	0.007692307692307693	0.13076923076923078
2	2	0.006666666666666666	0	0.006666666666666666	0.006666666666666666	0.1
3	3	0.0703030303030303	0	0.0703030303030303	0.0703030303030303	0.16363636363636364
4	4	0.0703030303030303	0	0.0703030303030303	0.0703030303030303	0.2636363636363636
5	5	0.07939393939393939	0	0.0703030303030303	0.07939393939393939	0.1944055944055944
6	6	0.077995337995338	0	0.0703030303030303	0.077995337995338	0.20773892773892774
7	7	0.15389277389277387	0	0.13953379953379952	0.10876456876456878	0.276969696969697
8	8	0.14722610722610724	0	0.13953379953379952	0.08568764568764568	0.3136363636363636
9	9	0.14722610722610724	0	0.13953379953379952	0.077995337995338	0.2203030303030303
10	10	0.1549184149184149	0	0.13953379953379952	0.09337995337995338	0.25107226107226105