size	dial	MYMO	Natural_SVM	Natural_SVM+Context	Natural_ADA	Natural_ADA+Context
1	1	0.25	0.016666666666666666	0.016666666666666666	0	0
2	2	0.16444444444444445	0	0	0	0
3	3	0.22999999999999998	0.04583333333333333	0.07083333333333333	0	0.0375
4	4	0.24555555555555558	0.04583333333333333	0.07083333333333333	0.08333333333333334	0.05
5	5	0.26805555555555555	0.04583333333333333	0.07083333333333333	0.016666666666666666	0.07916666666666666
6	6	0.35361111111111115	0.04583333333333333	0.07083333333333333	0	0.07916666666666666
7	7	0.4	0.03333333333333333	0.07083333333333333	0.06666666666666667	0.07916666666666666
8	8	0.40861111111111115	0.016666666666666666	0.05416666666666666	0.03333333333333333	0.03333333333333333
9	9	0.43555555555555553	0.02777777777777778	0.06527777777777778	0.05555555555555556	0.03333333333333333
10	10	0.41694444444444445	0.04027777777777778	0.06527777777777778	0.11527777777777777	0.025