\addplot[color=green,mark=*] coordinates {
(1,1)(2,2)(3,3)(4,4)(5,5)(6,6)(7,7)(8,8)(9,9)(10,10)(15,15)(20,20)(30,30)(40,40)(50,50)(60,60)(70,70)(80,80)(90,90)
};
\addlegendentry{dial}

\addplot[color=green,mark=*] coordinates {
(1,null)(2,null)(3,null)(4,null)(5,null)(6,null)(7,null)(8,null)(9,null)(10,null)(15,null)(20,null)(30,null)(40,null)(50,null)(60,null)(70,null)(80,null)(90,null)
};
\addlegendentry{Natural}

\addplot[color=green,mark=*] coordinates {
(1,null)(2,null)(3,null)(4,null)(5,null)(6,0.15)(7,null)(8,0.4833333333333334)(9,0.74)(10,0.7444444444444445)(15,null)(20,0.4833333333333333)(30,null)(40,null)(50,0.7016666666666667)(60,0.698409090909091)(70,0.7454761904761905)(80,0.6922619047619049)(90,0.7027380952380953)
};
\addlegendentry{Natural+Context}

\addplot[color=green,mark=*] coordinates {
(1,null)(2,null)(3,0.41944444444444445)(4,0.4005844155844156)(5,0.3307142857142857)(6,0.37964285714285717)(7,0.4742857142857143)(8,0.4969047619047619)(9,0.5533333333333333)(10,0.6071428571428571)(15,0.6154761904761904)(20,0.6171428571428572)(30,0.572281746031746)(40,0.5720238095238095)(50,0.572135642135642)(60,0.5663419913419913)(70,0.5501515151515151)(80,0.5282518796992481)(90,0.5467836257309941)
};
\addlegendentry{Component}

\addplot[color=green,mark=*] coordinates {
(1,null)(2,0.32406204906204905)(3,0.27495798319327724)(4,0.26636157959687373)(5,0.23275858838518687)(6,0.25112554112554114)(7,0.3397875816993464)(8,0.419815233785822)(9,0.3917717086834734)(10,0.3887702656820304)(15,0.4868650793650794)(20,0.5698277648277648)(30,0.5060972360972361)(40,0.5355093240093239)(50,0.5641062801932367)(60,0.5528680739550305)(70,0.5670000530870095)(80,0.5314728025597591)(90,0.5675983436853003)
};
\addlegendentry{Component+Context}

