size	dial	Natural_SVM	Natural_ADA	Natural_RF	Component	Component+Context	Natural_SVM_Context	Natural_ADA_Context	Natural_RF_Context
1	1	0.0018518518518518517	0.004809421071556993	0	0.4795413153292628	0.7749838730859369	0.006481481481481481	0.02431107952158673	0.005555555555555555
2	2	0.025610777212718962	0.04694243409287415	0.007587198849334771	0.6155395268531079	0.9490156432178392	0.056139364051985406	0.04694243409287415	0.01329471768792157
3	3	0.03657727930959165	0.06288268524426452	0.0056903991370010785	0.6187141619407316	0.9561661312321214	0.036415980701691095	0.08160158831546757	0.013521562512238277
4	4	0.056168833480585066	0.06092173394212839	0.010448374934580836	0.6630152209912991	0.9571206177064099	0.058956450579063256	0.06578475638749363	0.009730119187401909
5	5	0.05596286651796338	0.08640568365256511	0.009585025949686955	0.7126539534706171	0.9551041253394524	0.07102531823952045	0.08757806141686392	0.01832651090612069
6	6	0.06259273986545388	0.07378374780565192	0.01148153551794941	0.6905065387181841	0.9514670454574012	0.07763068831798237	0.07945721793549741	0.006724423473846264
7	7	0.0616705893187937	0.08509058225244306	0.009538966555829195	0.7307354746895575	0.9543247018197306	0.07950152226578724	0.1097441927309816	0.008664620098508907
8	8	0.0609447910570863	0.08618008061453354	0.011608570303894372	0.7261035723999565	0.9572010288317987	0.07308448427547483	0.09493622789028763	0.016398994545593452
9	9	0.056294265979051794	0.07583647189782501	0.011561694737216827	0.7394159433336589	0.9511893684812286	0.06835297374447968	0.10938226716926022	0.012589139172816958
10	10	0.057182771482570914	0.09877237435254825	0.01429458527599346	0.7539421962998208	0.9502369875288477	0.07696318808027296	0.12093600648238127	0.024141549163087993