size	dial	Natural	Natural+Context	Component	Component+Context
1	1	0	0	0.900520202020202	0.9053387434718705
2	2	0.03151515151515152	0.03068181818181818	0.6884276980329612	0.8512210964130468
3	3	0.06327985739750445	0.04262626262626262	0.6970053479815789	0.8881441733361237
4	4	0.029946524064171122	0.04262626262626262	0.7240340197928594	0.8778877630797135
5	5	0.04619565217391304	0.11961038961038964	0.6629961120750594	0.8955109514855106
6	6	0.08355555555555555	0.10187747035573122	0.7610096623806302	0.8987210964130469
7	7	0.08849206349206348	0.05949494949494949	0.8021254541139452	0.8943706631532718
8	8	0.08998778998778999	0.07054758107389686	0.8123919196745284	0.8943706631532718
9	9	0.0872100122100122	0.07054758107389686	0.8510105232931322	0.8943706631532718
10	10	0.09129497953027364	0.06424963924963925	0.8579470692705987	0.9191075052585351
15	15	0.08295739348370926	0.08493506493506495	0.8549918871977695	0.907812005503956
20	20	0.03676470588235294	0.06444444444444444	0.8369908086853058	0.9041829732458915
30	30	0.04857142857142857	0.046785714285714285	0.8580060441121823	0.9112210964130469
40	40	0.03428571428571429	0.02	0.8545087298322593	0.9112210964130469
50	50	0.025	0.038181818181818185	0.8536678659504748	0.9112210964130469
60	60	0	0.02	0.8850975473801561	0.9112210964130469
70	70	0	0.03666666666666667	0.8720256519553194	0.9112210964130469
80	80	0	0	0.8669104730166112	0.9112210964130469
90	90	0	0	0.8851326952388334	0.9112210964130469