\addplot[color=green,mark=*] coordinates {
(1,1)(2,2)(3,3)(4,4)(5,5)(6,6)(7,7)(8,8)(9,9)(10,10)(15,15)(20,20)(30,30)(40,40)(50,50)(60,60)(70,70)(80,80)(90,90)
};
\addlegendentry{dial}

\addplot[color=green,mark=*] coordinates {
(1,0.07997479219035768)(2,0.076402317974099)(3,0.08391897823128663)(4,0.0807477374785205)(5,0.08101289460265151)(6,0.09204705359134277)(7,0.10087488869141747)(8,0.10402090823664727)(9,0.10550501599423918)(10,0.1027451331047459)(15,0.11447065934598091)(20,0.12579417671550308)(30,0.1656349259594275)(40,0.17370896939102842)(50,0.18005684171395786)(60,0.1804058963733338)(70,0.18866871699684404)(80,0.18765412071036153)(90,0.18992009860072429)
};
\addlegendentry{Natural}

\addplot[color=green,mark=*] coordinates {
(1,0.09432255893758326)(2,0.10300499881814462)(3,0.10107587606429151)(4,0.09562468159753763)(5,0.09931198531381161)(6,0.10810251616495829)(7,0.15556170664070595)(8,0.16242369322180628)(9,0.16920313506839285)(10,0.16547850273088072)(15,0.15220940434254976)(20,0.18879064114522587)(30,0.2160157581784739)(40,0.22286869072370039)(50,0.22005532395673097)(60,0.2200923705596533)(70,0.22503866558628322)(80,0.2256112919999969)(90,0.2241560921964436)
};
\addlegendentry{Natural+Context}

\addplot[color=green,mark=*] coordinates {
(1,0.47010538836918536)(2,0.3759425074553007)(3,0.397340444893467)(4,0.3904988241785749)(5,0.4389580859429668)(6,0.479508640506315)(7,0.5371307688138667)(8,0.5423676026331599)(9,0.5500955965255134)(10,0.5427777065404974)(15,0.5653055229312816)(20,0.5572595536025966)(30,0.5892552187870943)(40,0.601340124064726)(50,0.5818766778478814)(60,0.6079798945090336)(70,0.628961849104942)(80,0.6293626196808032)(90,0.632775280146969)
};
\addlegendentry{Component}

\addplot[color=green,mark=*] coordinates {
(1,0.5359220053141177)(2,0.5293887115392217)(3,0.5348079645005941)(4,0.5318852927894765)(5,0.5107494406221239)(6,0.5401829568030085)(7,0.5805513021427766)(8,0.5978449080876355)(9,0.5779036359408989)(10,0.593272370611602)(15,0.6260110048889769)(20,0.6826662811066889)(30,0.6835744512755503)(40,0.7045812182670995)(50,0.6971627684452961)(60,0.7081100620247609)(70,0.7078719887917554)(80,0.714171721311539)(90,0.718403582452274)
};
\addlegendentry{Component+Context}

