\addplot[color=green,mark=*] coordinates {
(1,1)(2,2)(3,3)(4,4)(5,5)(6,6)(7,7)(8,8)(9,9)(10,10)
};
\addlegendentry{dial}

\addplot[color=green,mark=*] coordinates {
(1,0.10356225883595709)(2,0.18019966647943347)(3,0.19311909017989856)(4,0.20506985297261804)(5,0.2730531678353942)(6,0.2919401629446674)(7,0.3412614603610803)(8,0.34889986483164587)(9,0.3423606741868039)(10,0.3464423068398651)
};
\addlegendentry{Natural\_Unigram\_SVM}

\addplot[color=green,mark=*] coordinates {
(1,0.11946730342232521)(2,0.2000973397792647)(3,0.18171156398404686)(4,0.1957844956091948)(5,0.2659259771026645)(6,0.26255702708341794)(7,0.32238817632951927)(8,0.321415995454086)(9,0.32628469139217103)(10,0.320282336604102)
};
\addlegendentry{Natural\_Unigram+Context\_SVM}

\addplot[color=green,mark=*] coordinates {
(1,0.12222800280808443)(2,0.1591379346266151)(3,0.1832562860416322)(4,0.17317578017005103)(5,0.25299816774205236)(6,0.23982531904652687)(7,0.3148008336914673)(8,0.3011834935617141)(9,0.2947052309852582)(10,0.28830605307899415)
};
\addlegendentry{Natural\_Unigram\_ADA}

\addplot[color=green,mark=*] coordinates {
(1,0.10683843576631447)(2,0.12598975006756022)(3,0.14450845935972842)(4,0.152509987285359)(5,0.2821416256768382)(6,0.22624516215236606)(7,0.3288630454988584)(8,0.2635859804101476)(9,0.24672391707758118)(10,0.2778945044850779)
};
\addlegendentry{Natural\_Unigram+Context\_ADA}

\addplot[color=green,mark=*] coordinates {
(1,0.06393781452192668)(2,0.09926044536257869)(3,0.10124305495635552)(4,0.09877305578115486)(5,0.11520162707726303)(6,0.10636079916472438)(7,0.13992581171045426)(8,0.16054648034586846)(9,0.13062169064986254)(10,0.13979870301674077)
};
\addlegendentry{Natural\_Unigram\_RF}

\addplot[color=green,mark=*] coordinates {
(1,0.02865744069015097)(2,0.04568870690893924)(3,0.034739597082710696)(4,0.039868968334452845)(5,0.09267347902229517)(6,0.11340576953922876)(7,0.13258350500278676)(8,0.11852904987771969)(9,0.10343747070729548)(10,0.13774179241378787)
};
\addlegendentry{Natural\_Unigram+Context\_RF}

\addplot[color=green,mark=*] coordinates {
(1,0.3090481555523546)(2,0.31490236570122426)(3,0.3020659107316618)(4,0.3982338195373639)(5,0.4185484474151269)(6,0.42330819117779434)(7,0.4835563215929355)(8,0.48567462529535577)(9,0.49375296704444793)(10,0.49672829467344215)
};
\addlegendentry{Component}

