size	dial	MYMO	Natural_SVM	Natural_SVM+Context	Natural_ADA	Natural_ADA+Context
1	1	0	0.023529411764705882	0.06666666666666668	0.005594405594405594	0.009876543209876543
2	2	0	0.03076923076923077	0.05299145299145299	0.017391304347826087	0.016326530612244896
3	3	0	0.03076923076923077	0.03076923076923077	0.027188940092165898	0.011428571428571429
4	4	0	0.02	0.02	0.014285714285714285	0.02298136645962733
5	5	0	0.02222222222222222	0	0.010526315789473684	0.01111111111111111
6	6	0	0.02222222222222222	0.02222222222222222	0.0365079365079365	0.02481203007518797
7	7	0	0	0.02222222222222222	0.039097744360902256	0.04107142857142857
8	8	0	0	0.02222222222222222	0.039097744360902256	0.026785714285714284
9	9	0	0	0.02222222222222222	0.023809523809523808	0.026785714285714284
10	10	0	0.02	0.04444444444444444	0.04827264239028945	0.023809523809523808