size	dial	Natural_SVM	Natural_ADA	Natural_RF	Component	Component+Context	Natural_SVM_Context	Natural_ADA_Context	Natural_RF_Context
1	1	0	0	0	0	0	0	0	0
2	2	0	0	0	0.03076923076923077	0.03076923076923077	0	0	0
3	3	0	0	0	0.05076923076923077	0.02	0	0	0
4	4	0	0	0	0.05299145299145299	0.02222222222222222	0	0	0
5	5	0	0	0	0.04444444444444444	0	0	0	0
6	6	0	0	0	0.08666666666666666	0.045	0.015384615384615385	0.008333333333333333	0
7	7	0	0.004545454545454545	0	0.10080808080808082	0.045	0.015384615384615385	0.012878787878787878	0
8	8	0	0.005555555555555555	0	0.11414141414141414	0.045	0.015384615384615385	0.01388888888888889	0
9	9	0	0.005555555555555555	0	0.12707070707070708	0.045	0.015384615384615385	0.01388888888888889	0
10	10	0	0.005555555555555555	0	0.17111111111111107	0.04722222222222222	0	0.016666666666666666	0