size	dial	MYMO	Natural_SVM	Natural_ADA	Component_ADA	Component_SVM
1	1	0.4155425577506332	0.016666666666666666	0	0	0.4418741216823146
2	2	0.4850390800178313	0.016666666666666666	0	0	0.4943703800508004
3	3	0.5799317674431661	0.10236842105263158	0.11615384615384614	0	0.5369469181414579
4	4	0.5658740233210373	0.1006993006993007	0.11615384615384614	0	0.5327470404393041
5	5	0.5707469684391613	0.10285714285714284	0.11615384615384614	0	0.5316110520349346
6	6	0.5893986779890069	0.12280483494733865	0.16674725827353437	0	0.5354585196831761
7	7	0.5969881958543708	0.13186147736490988	0.20972742097698474	0	0.5391701216667963
8	8	0.5948432501053817	0.14630206677265503	0.21728944606359663	0	0.53844561081364
9	9	0.6054209158188597	0.1720250744989019	0.2800133713517856	0	0.5581073934992171
10	10	0.6010937114235834	0.2021206022659511	0.27252148084500194	0	0.5587452141611584