size	dial	Natural_SVM	Natural_ADA	Natural_RF	Component	Component+Context	Natural_SVM_Context	Natural_ADA_Context	Natural_RF_Context
1	1	0.018633540372670808	0	0.009109730848861283	0.47846447655293234	0.7464798583614176	0.02298136645962733	0.014285714285714285	0.027329192546583846
2	2	0.014285714285714285	0.014285714285714285	0.0047619047619047615	0.6668060200668896	0.8761979053208439	0.018633540372670808	0.014285714285714285	0.0047619047619047615
3	3	0.017717789456919892	0	0	0.6805131774771955	0.8926821845487511	0.013871635610766046	0	0
4	4	0.013871635610766046	0	0.0038461538461538464	0.720028706647897	0.8901721147973023	0.022567287784679087	0.0391304347826087	0.0038461538461538464
5	5	0.02156394330307374	0.008608058608058609	0.0038461538461538464	0.7469465206346765	0.8935074129601865	0.022567287784679087	0.047738493390667304	0.0038461538461538464
6	6	0.004347826086956522	0	0	0.7198371967862223	0.8744282773143341	0.009109730848861283	0.034782608695652174	0.0038461538461538464
7	7	0.009109730848861283	0.008608058608058609	0.007692307692307693	0.7395055982387317	0.8859667388527959	0.03053122400948488	0.04505494505494505	0
8	8	0.01295588469501513	0.0038461538461538464	0.0038461538461538464	0.7723455579902356	0.8743367022227593	0.024351896091026524	0.01336996336996337	0
9	9	0.01295588469501513	0	0.007692307692307693	0.7860186664909303	0.8857327136187706	0.025410097149227585	0.008608058608058609	0.008608058608058609
10	10	0.008193979933110367	0	0	0.7932937987660627	0.877124655010712	0.020648192387322822	0.0035714285714285713	0