size	dial	MYMO	Natural_SVM	Natural_ADA	Component_ADA	Component_SVM
1	1	0.952087881811926	null	null	null	0.9361647465510303
2	2	0.9454561586988923	null	null	null	0.9412017287174045
3	3	0.9516274634513439	null	null	null	0.9498640620750128
4	4	0.9479840820408901	0.9295494636775207	0.9454831710809183	null	0.9448835985501025
5	5	0.9468885902626119	0.9457602118830438	0.9376635955007554	null	0.9494281152058852
6	6	0.945870811701627	0.9467982144232426	0.9370477597236293	null	0.9484577755152198
7	7	0.9493042401435348	0.9489356080678425	0.9463401782620064	null	0.9503859488608771
8	8	0.949594604279565	0.9455771224841614	0.9376635955007554	null	0.9490570337858031
9	9	0.9504884964546587	0.9468855063502104	0.9375457503829103	null	0.9512349906133062
10	10	0.9486138970932286	0.9459027459006313	0.9375457503829103	null	0.9513823665915192