size	dial	Natural_SVM	Natural_ADA	Natural_RF	Component	Component+Context	Natural_SVM_Context	Natural_ADA_Context	Natural_RF_Context
1	1	0	0	0	0.07053571428571428	0.06732142857142857	0	0	0
2	2	0	0	0	0.14964285714285713	0.21357142857142858	0	0	0
3	3	0.008333333333333333	0	0	0.20035714285714284	0.1975	0.008333333333333333	0.016666666666666666	0
4	4	0.04547619047619047	0.05285714285714286	0.01	0.23660714285714285	0.3158333333333333	0.04261904761904762	0.062380952380952384	0
5	5	0.035476190476190474	0.05285714285714286	0	0.28434523809523815	0.345297619047619	0.04261904761904762	0.048095238095238094	0.007142857142857143
6	6	0.017142857142857144	0.04571428571428572	0	0.25857142857142856	0.2873809523809524	0.03428571428571429	0.03142857142857143	0
7	7	0.02	0.024285714285714285	0	0.277797619047619	0.34154761904761904	0.027142857142857146	0.03976190476190476	0.01
8	8	0.02	0.06714285714285714	0	0.287797619047619	0.33279761904761906	0.027142857142857146	0.03142857142857143	0
9	9	0	0.03857142857142857	0	0.2731547619047619	0.3431547619047619	0.027142857142857146	0.03142857142857143	0
10	10	0	0.04285714285714286	0	0.2897619047619048	0.3774404761904762	0.037142857142857144	0.0657142857142857	0