\addplot[color=green,mark=*] coordinates {
(1,1)(2,2)(3,3)(4,4)(5,5)(6,6)(7,7)(8,8)(9,9)(10,10)
};
\addlegendentry{dial}

\addplot[color=green,mark=*] coordinates {
(1,null)(2,0.7513316009232323)(3,0.8334790253211869)(4,0.8379434196268981)(5,0.8327794253510665)(6,0.8399317515154502)(7,0.8516112808532024)(8,0.8455009764647144)(9,0.8409480529930174)(10,0.852831138853204)
};
\addlegendentry{Natural\_Neg}

\addplot[color=green,mark=*] coordinates {
(1,null)(2,0.7771585689776787)(3,0.8375407295607816)(4,0.8497422902309391)(5,0.8416219829431111)(6,0.8529808329922559)(7,0.859985245195455)(8,0.8558059865667674)(9,0.8510797346430723)(10,0.8588913481516623)
};
\addlegendentry{\_Portuguese}

\addplot[color=green,mark=*] coordinates {
(1,null)(2,0.7586624100002685)(3,0.8248751606853499)(4,0.844105896249074)(5,0.841834571951296)(6,0.8492374123989658)(7,0.8519961469342914)(8,0.8500445669157533)(9,0.8583161064419169)(10,0.8580872295171895)
};
\addlegendentry{\_All\_together}

\addplot[color=green,mark=*] coordinates {
(1,null)(2,0.7473591853650928)(3,0.8259084888092316)(4,0.8387926976445677)(5,0.8219251062494524)(6,0.8484927689583648)(7,0.8593176493395125)(8,0.8528149342617658)(9,0.8554404262908732)(10,0.8541181357544732)
};
\addlegendentry{\_French}

\addplot[color=green,mark=*] coordinates {
(1,null)(2,0.7421285120400685)(3,0.8214442577058312)(4,0.8411125812398857)(5,0.8378672794058983)(6,0.8334051870418584)(7,0.8376375247555945)(8,0.8417890435592457)(9,0.8443527931972016)(10,0.851479860412578)
};
\addlegendentry{\_Hungarian}

