size	dial	Natural_Neg	_Portuguese	_All_together	_French	_Hungarian
1	1	0.270020635957263	0.26097893271219014	0.22509196966739314	0.23212811557758134	0.27204505357037934
2	2	0.4127702053608367	0.4092675595426455	0.3842963577259412	0.4032568701693659	0.40240887093178124
3	3	0.44232345994791566	0.43379589980278677	0.44585968830967565	0.43863967392353087	0.45257259840823094
4	4	0.5288951920537119	0.5087324615820528	0.5239025082976438	0.5080925075561284	0.5535178566412932
5	5	0.5388179451079134	0.5296313811287525	0.5341728753573772	0.5222036725442507	0.562931676411257
6	6	0.5630222133706624	0.5656840402662995	0.5611362928001287	0.5531531376829556	0.5859320007671335
7	7	0.5757364146604541	0.5794788950345794	0.5691498555311412	0.5684750539061814	0.595284285006722
8	8	0.599029562291342	0.604594097738273	0.5933863120968401	0.5946367335841718	0.6197645308635554
9	9	0.6349695774447183	0.6288213647044145	0.6368009159053158	0.6327755217374748	0.6421682990001651
10	10	0.6598908836299451	0.6608543109808898	0.6628043889041642	0.6627713250166655	0.673423169409848