size	dial	Natural_Neg	_Portuguese	_All_together	_French	_Hungarian
1	1	0.05128205128205128	0.056282051282051285	0.05653846153846154	0.05474358974358975	0.059487179487179485
2	2	0.0745024766899767	0.09595425407925408	0.09666156759906759	0.08149548368298368	0.09192671911421912
3	3	0.09094029190800863	0.10746160387727491	0.13510583505130602	0.10473904808607157	0.12774928819906592
4	4	0.23369143753347701	0.22359703586563479	0.23736587729788966	0.21691209752320476	0.22643688397482853
5	5	0.2680094464837843	0.2870533049534213	0.27021124044027117	0.2722462503271149	0.27549585782242525
6	6	0.3176741313289012	0.3406163948689702	0.3218813171450797	0.33115335941465607	0.3327666284624556
7	7	0.3235607012611897	0.36430269511142416	0.3607752388492439	0.356310441673601	0.35669761256282106
8	8	0.32028035079855677	0.34608063113210297	0.33635617430722853	0.33598017961126836	0.34368405898677706
9	9	0.3090833529274828	0.3251937491893722	0.324949616587972	0.3325831630869942	0.33253587983541993
10	10	0.34879646973579187	0.36982374223975983	0.3770187225756222	0.34866821605269116	0.3818392249112018