size	dial	Natural_Neg	_Portuguese	_All_together	_French	_Hungarian
1	1	0	0	0	0	0
2	2	0.008333333333333333	0	0.014583333333333332	0	0.00625
3	3	0.008333333333333333	0.008333333333333333	0.022916666666666665	0	0.00625
4	4	0.021666666666666667	0.015	0.034166666666666665	0.006666666666666666	0.012916666666666665
5	5	0.021666666666666667	0.006666666666666666	0.027499999999999997	0.006666666666666666	0.023333333333333334
6	6	0.021666666666666667	0.015	0.027499999999999997	0.006666666666666666	0.02958333333333333
7	7	0.021666666666666667	0.006666666666666666	0.021249999999999998	0.006666666666666666	0.02958333333333333
8	8	0.034166666666666665	0.025416666666666664	0.04625	0.04416666666666667	0.048333333333333325
9	9	0.034166666666666665	0.019166666666666665	0.03958333333333333	0.03166666666666666	0.04041666666666667
10	10	0.034166666666666665	0.019166666666666665	0.04	0.04833333333333333	0.04041666666666667