size	dial	Natural_Neg	_Portuguese	_All_together	_French	_Hungarian
1	1	0.6665083191740333	0.6159914932642396	0.6039359874364767	0.6182070721534391	0.6179447026739301
2	2	0.6437498935282915	0.6754392391878803	0.7344131489791687	0.6762616799048746	0.7316392914863208
3	3	0.6824826115776071	0.6590347426301391	0.7541102461536291	0.710765342369007	0.7636762219316122
4	4	0.7629760118586456	0.7453795183756577	0.7885483800817814	0.7694779304479337	0.7880479092560368
5	5	0.7526188985155444	0.7658587752754199	0.7882995300748917	0.7492035602454533	0.7849967344350461
6	6	0.7787447506128261	0.7718470800714766	0.7916101398852747	0.7759394621574233	0.7958366381230323
7	7	0.7695866347191271	0.7712518903029506	0.819203796874549	0.7746499053232571	0.8099842563111403
8	8	0.7887372251584047	0.7678616810157274	0.8145945017557841	0.7790989167048068	0.8189000475980794
9	9	0.7958179513260069	0.7937442542645147	0.8252323123012341	0.810512683785733	0.8351434295593266
10	10	0.7884363064990109	0.7761022872409241	0.8266171447724979	0.7965771772544362	0.823305345834779