size	dial	Natural_Neg	_Portuguese	_All_together	_French	_Hungarian
1	1	0	0	0	0	0
2	2	0.07333333333333333	0.080067283431455	0.08159588159588159	0.07983739837398374	0.1003030303030303
3	3	0.211038961038961	0.23017080310019206	0.2290808030529285	0.23017080310019206	0.24010351966873705
4	4	0.2402720965394939	0.24033340472620832	0.25193446088794935	0.2375314723590586	0.25622356013181447
5	5	0.28704184102265307	0.2838370993074891	0.34325857479423555	0.33140902337946676	0.33103817640984545
6	6	0.27490232741972476	0.2835000560269202	0.3333977219898571	0.3316630281123061	0.3026562613344047
7	7	0.3380071661294023	0.39575812054304926	0.5075153690486804	0.5034757106321224	0.4149143258505338
8	8	0.29456365164930237	0.4350798107575966	0.49676876666598135	0.5090711982769236	0.5166999280296942
9	9	0.3855020309515848	0.5171801041483162	0.6115090864756813	0.5862418022570294	0.5873460879429349
10	10	0.391115308636531	0.5236404336382023	0.602215162009343	0.5878144202033753	0.6073460879429349