size	dial	Natural_Neg	_Portuguese	_All_together	_French	_Hungarian
1	1	0.1152563365514627	0.12213698317680655	0.1572894616756444	0.13373950405690363	0.13874472193297138
2	2	0.26994160821722823	0.2788613720726076	0.2794671571473323	0.2623572472813248	0.27565969312548544
3	3	0.3026545172054621	0.3020995518979454	0.30344504847365894	0.2721137198438757	0.30066683768664537
4	4	0.3337486063818894	0.33512698080847103	0.3521895004269271	0.3238076076231776	0.3559182654632934
5	5	0.4052225363563675	0.39315963705191076	0.4140807392814603	0.3933266789571853	0.4098386743219363
6	6	0.42973344260521334	0.4379408481075484	0.44298222112371227	0.42755057757689474	0.43672113482766733
7	7	0.4782323147663085	0.4943759662414788	0.47371858418603807	0.4621824020770198	0.45692360105092955
8	8	0.5045863231460508	0.5345351300024261	0.5124511897920108	0.5141296794404642	0.4983299139808917
9	9	0.5411726652189335	0.5538300886936373	0.568761461039385	0.5616262413496236	0.5021558299011437
10	10	0.5548325337767729	0.5768211905580628	0.5819555891396566	0.5698539345000136	0.5393179376170734