size	dial	Natural_Neg	_Portuguese	_All_together	_French	_Hungarian
1	1	null	null	null	null	null
2	2	null	null	null	null	null
3	3	null	null	null	null	null
4	4	0.5985401312630093	0.633491905417036	0.6433875955136512	0.5824211051204402	0.628634356505008
5	5	0.6622917908723487	0.6864927367866643	0.6798287995528605	0.6702589880841803	0.6869409137968369
6	6	0.6937767586123108	0.6761815952313268	0.6870420744503283	0.6544134212623323	0.7029131440664442
7	7	0.6658398759046326	0.6627743133471744	0.6796013674231688	0.6521857189827631	0.6805279372271696
8	8	0.6970245226586638	0.6807232611418924	0.7036041648433377	0.6772229920934473	0.7092614870043292
9	9	0.6766936789535294	0.6810019887746338	0.7022902756084701	0.6808005221296827	0.6991133545607277
10	10	0.7047669067067925	0.6979222832119468	0.7159618855606757	0.7006536663855535	0.7160609177216286