\addplot[color=green,mark=*] coordinates {
(1,1)(2,2)(3,3)(4,4)(5,5)(6,6)(7,7)(8,8)(9,9)(10,10)
};
\addlegendentry{dial}

\addplot[color=green,mark=*] coordinates {
(1,0.23309346785266224)(2,0.3514689562745818)(3,0.42876913364563085)(4,0.46241005698348026)(5,0.5165519350836134)(6,0.5348532468228033)(7,0.5504912864735874)(8,0.5687285653548073)(9,0.6083503777360649)(10,0.6113358477642098)
};
\addlegendentry{Hungarian+Russian}

\addplot[color=green,mark=*] coordinates {
(1,0.22747538143734128)(2,0.3676991914946586)(3,0.4388255608235804)(4,0.49136787468430326)(5,0.5289226972084204)(6,0.5532467136149475)(7,0.5845357345567178)(8,0.5990836429168659)(9,0.6259861151210726)(10,0.6324997192758371)
};
\addlegendentry{\_Hungarian}

\addplot[color=green,mark=*] coordinates {
(1,0.22149659789890022)(2,0.32034179061728385)(3,0.3964202220608256)(4,0.4373163027053343)(5,0.4900101110763882)(6,0.5081526755929577)(7,0.5383921336658605)(8,0.5827656262502389)(9,0.6066978338808523)(10,0.6029894255082486)
};
\addlegendentry{Natural\_Neg}

\addplot[color=green,mark=*] coordinates {
(1,0.2203289103235712)(2,0.31478383117891956)(3,0.41947991798349904)(4,0.4564840848570012)(5,0.5160914944305446)(6,0.5248089683162872)(7,0.5406396537086281)(8,0.5661106149823174)(9,0.6014211660111652)(10,0.606721898557449)
};
\addlegendentry{Portuguese}

\addplot[color=green,mark=*] coordinates {
(1,0.22410246335693826)(2,0.30666049713681715)(3,0.4131046233076397)(4,0.43729967189089614)(5,0.48744226277948527)(6,0.5092718986431891)(7,0.5249454307105166)(8,0.5523732183031698)(9,0.5845664433561933)(10,0.5942781675478636)
};
\addlegendentry{Russian}

\addplot[color=green,mark=*] coordinates {
(1,0.21569506267061495)(2,0.3157271798687856)(3,0.41643070819997713)(4,0.46139920754517416)(5,0.5041107658798657)(6,0.5135536845862199)(7,0.5464026973344662)(8,0.564800314859849)(9,0.5914038288926193)(10,0.591982558472101)
};
\addlegendentry{French}

\addplot[color=green,mark=*] coordinates {
(1,0.2114981237710695)(2,0.325237823422052)(3,0.43181207257447196)(4,0.4613903348928365)(5,0.5111898073930896)(6,0.5232003629263907)(7,0.5502777475393378)(8,0.5604141258345834)(9,0.5882291013627235)(10,0.5880254272035834)
};
\addlegendentry{Hebrew}

\addplot[color=green,mark=*] coordinates {
(1,0.23648475741954011)(2,0.3739986714148343)(3,0.4477150366097284)(4,0.4804015671422482)(5,0.5243949917329234)(6,0.5407645595492687)(7,0.5603664375676669)(8,0.5742720667555721)(9,0.6189031104761571)(10,0.6199573234513551)
};
\addlegendentry{Hungarian}

\addplot[color=green,mark=*] coordinates {
(1,0.21377919218970468)(2,0.3512755085978157)(3,0.4319798821743171)(4,0.46940167723256854)(5,0.527255132719561)(6,0.5353602984176435)(7,0.5469448413168101)(8,0.5667021939753817)(9,0.6054418380517048)(10,0.6148524567255953)
};
\addlegendentry{All\_together}

\addplot[color=green,mark=*] coordinates {
(1,0.22549925108195662)(2,0.3189522961576815)(3,0.4073366928489978)(4,0.4710601541439631)(5,0.5273415010065563)(6,0.5247448703938005)(7,0.5340385481328658)(8,0.5579050893789912)(9,0.5991299882213801)(10,0.6056464110574373)
};
\addlegendentry{Arabic}

\addplot[color=green,mark=*] coordinates {
(1,0.22909847920907445)(2,0.32316369156703667)(3,0.4121826736011453)(4,0.4391528553766112)(5,0.508536080196601)(6,0.5339877529583694)(7,0.5551448401090248)(8,0.5846656053049571)(9,0.6212533054427152)(10,0.6269751589354613)
};
\addlegendentry{German}

\addplot[color=green,mark=*] coordinates {
(1,0.21936379598896952)(2,0.3138814840273963)(3,0.4032658600821127)(4,0.4321578362984326)(5,0.4919617040949384)(6,0.5056508771662196)(7,0.5328257971746353)(8,0.5569986958970009)(9,0.6040958472007513)(10,0.6168672037200433)
};
\addlegendentry{Finish}

\addplot[color=green,mark=*] coordinates {
(1,0.22656753565077295)(2,0.3403049092866872)(3,0.4183070565579284)(4,0.45612884841206214)(5,0.5111669594133506)(6,0.5273496077045543)(7,0.546838260497995)(8,0.5766247005242251)(9,0.615550488250156)(10,0.6266329437045113)
};
\addlegendentry{Uralic}

