size	dial	Natural_Neg	Portuguese	Russian	French	Hebrew	Hungarian	All_together	Arabic	German	Finish	Uralic
1	1	null	null	null	null	null	null	null	null	null	null	null
2	2	0.4731376419396174	0.43635223965215203	0.44887926348049423	0.49970390874830867	0.47408467135359544	0.4983377064824991	0.5063794171784266	0.4820928227445037	0.46150154411975397	0.4735577504270049	0.4959350273287707
3	3	0.5363411419254119	0.478917717143752	0.5093574269257188	0.5571393735931859	0.5167971089057177	0.5688403191413677	0.5720352656818775	0.5476488215074676	0.5473643214756693	0.5067529134242291	0.5629710340554797
4	4	0.5219551261919296	0.4734638635252947	0.5132276934006518	0.570479100799688	0.5466184505812378	0.5969077850118124	0.5729647481672071	0.5465719653369985	0.5409124676261088	0.5383691702013198	0.586362013921389
5	5	0.5489712472201596	0.5104880694393849	0.5355294336709406	0.569989109040555	0.5545820986549271	0.6017660338017718	0.5832041221516449	0.5516472202717014	0.5332904092115135	0.5474041918218758	0.6066567007997276
6	6	0.5664146569728141	0.5347548162802869	0.5413224093148005	0.5811116951333176	0.5711927866440535	0.6090307930136556	0.5961754883391909	0.5418349679547564	0.5547732075592327	0.5794090165842667	0.609789991766738
7	7	0.6348984569302035	0.5828691764850017	0.603221229273839	0.629252744314755	0.5963584473961183	0.6618494242566045	0.6330171878788016	0.6099686664708283	0.6376619174259577	0.6510931396708655	0.6659121119039353
8	8	0.6463257627448882	0.5892639133508966	0.6168437905902483	0.6299875219454336	0.5983352666322381	0.656600565405068	0.6398728526465398	0.6223191449637074	0.634385308053813	0.6435905198726026	0.6548468450622467
9	9	0.6834095419946741	0.611683013970327	0.6522797540757772	0.6490130062404003	0.637183893885839	0.6732102170445986	0.6638863934976065	0.6569910903606657	0.6541441037400881	0.664645529361849	0.6683762588585709
10	10	0.6717180648212245	0.6195793770517474	0.6533222870389365	0.6613967124563835	0.6499782793541203	0.6764664612662539	0.6654159959198642	0.6501270048928031	0.651684327910904	0.6720796779235808	0.6827621584540097