size	dial	Natural_Neg	_Portuguese	_All_together	_French	_Hungarian
1	1	null	null	null	null	null
2	2	0.8189276445731899	0.8391631531450026	0.8636941086877805	0.8307786618545936	0.8224257702962381
3	3	0.8129812581584799	0.8310887683286801	0.8363028337098729	0.8190077844479836	0.8224030340107836
4	4	0.837911692588419	0.847532897737632	0.8549876160706923	0.8474795348730284	0.8517674266384537
5	5	0.845511388077709	0.8561345538972496	0.8674619528615868	0.8565793395872066	0.8605267633504232
6	6	0.849960028399809	0.8624369842855554	0.8729424961032544	0.860660816557497	0.867367088965542
7	7	0.8565657160452809	0.865874080910358	0.8712492674480743	0.8608399870642606	0.8739277754271114
8	8	0.8605317153351931	0.8664515142065717	0.8751513863969447	0.8683163338277013	0.8734446851819243
9	9	0.862911150981029	0.8681676303854623	0.8728805309472134	0.866617348843499	0.8716481703557548
10	10	0.8612160236149975	0.8670300742316476	0.869901073334912	0.8588643308956764	0.8691091153763498