size	dial	Natural_Neg	_Portuguese	_All_together	_French	_Hungarian
1	1	0.26724301381881255	0.27090741267320195	0.2794004611595701	0.27786148723215487	0.2668424508418009
2	2	0.3119326530528498	0.3261131546214174	0.3388329633722319	0.3263854442419637	0.330832675554572
3	3	0.3589272154867325	0.3686875683866333	0.383887833048282	0.36942457832093945	0.39039327047236205
4	4	0.39023865678661007	0.3941464568424611	0.4111960535199892	0.393830783178563	0.40503067789788955
5	5	0.4100776835434773	0.4162412994553047	0.4425784804494812	0.41433444713843787	0.430530818582039
6	6	0.46161194265057104	0.48392041841003575	0.49513409923989526	0.4744658547812022	0.485520637352333
7	7	0.469641380239905	0.49440846164695457	0.5014056918221647	0.4792324232103652	0.48585242315029636
8	8	0.4862637560158925	0.5128149035774473	0.511477423557442	0.4986952825317276	0.5042295350029742
9	9	0.5079125940700768	0.5312984201395443	0.5368431052686967	0.5276802470933246	0.5204875183105331
10	10	0.5351120876546253	0.5639590782097303	0.5618535635476152	0.5455914387337024	0.549056777241103