\addplot[color=green,mark=*] coordinates {
(1,1)(2,2)(3,3)(4,4)(5,5)(6,6)(7,7)(8,8)(9,9)(10,10)
};
\addlegendentry{dial}

\addplot[color=green,mark=*] coordinates {
(1,0.6596050490118801)(2,0.7644889245168456)(3,0.7577156828082007)(4,0.7861499400055093)(5,0.7746863330869476)(6,0.8031023104037361)(7,0.8334522423715036)(8,0.8455513056246573)(9,0.848453487426662)(10,0.8532481278632684)
};
\addlegendentry{Natural\_Neg}

\addplot[color=green,mark=*] coordinates {
(1,0.6480500765970841)(2,0.7453866700701824)(3,0.7755611215813378)(4,0.7936043291028454)(5,0.7949366857054913)(6,0.8192581799468213)(7,0.8477274932683022)(8,0.8494506211303744)(9,0.8567684560368874)(10,0.866448490184173)
};
\addlegendentry{\_Portuguese}

\addplot[color=green,mark=*] coordinates {
(1,0.6834066626335774)(2,0.7842865746319857)(3,0.8031664516058372)(4,0.8419685469432567)(5,0.8364709354202876)(6,0.8600882056493623)(7,0.8766737328429276)(8,0.8847317405479721)(9,0.8886184795134483)(10,0.8966282839933717)
};
\addlegendentry{\_All\_together}

\addplot[color=green,mark=*] coordinates {
(1,0.6439912994371225)(2,0.7698226998306997)(3,0.7763831224876949)(4,0.8048306902466132)(5,0.8007990338809957)(6,0.8203036458511951)(7,0.8546383465575665)(8,0.8659976789661284)(9,0.8654727210822978)(10,0.8721035500338145)
};
\addlegendentry{\_French}

\addplot[color=green,mark=*] coordinates {
(1,0.6883504418200788)(2,0.7745649364119058)(3,0.8013357984698748)(4,0.8383867026792465)(5,0.8450998698760923)(6,0.8622503456047577)(7,0.8835718554847929)(8,0.8885071121274777)(9,0.8915838787292252)(10,0.8942246230060926)
};
\addlegendentry{\_Hungarian}

