\addplot[color=green,mark=*] coordinates {
(1,1)(2,2)(3,3)(4,4)(5,5)(6,6)(7,7)(8,8)(9,9)(10,10)
};
\addlegendentry{dial}

\addplot[color=green,mark=*] coordinates {
(1,0.5710957063052944)(2,0.6176686044926749)(3,0.6680361227527162)(4,0.7091408006799609)(5,0.7352600930103783)(6,0.7522334474473868)(7,0.7464102291690098)(8,0.7614284816534173)(9,0.773391535673142)(10,0.7796824637110571)
};
\addlegendentry{Natural\_Neg}

\addplot[color=green,mark=*] coordinates {
(1,0.5681477344938823)(2,0.6218864815950986)(3,0.6856554407800809)(4,0.6969639994984954)(5,0.7314240761941836)(6,0.7455587605723651)(7,0.7448353893213305)(8,0.7590530191439718)(9,0.7707820528272686)(10,0.7820226045620255)
};
\addlegendentry{\_Portuguese}

\addplot[color=green,mark=*] coordinates {
(1,0.5491377381621888)(2,0.6350960400616875)(3,0.7070453605446838)(4,0.7286024781837186)(5,0.7455679378383049)(6,0.7659498271549572)(7,0.7639376394474654)(8,0.7752247789319197)(9,0.7835966787244733)(10,0.7956292091615111)
};
\addlegendentry{\_All\_together}

\addplot[color=green,mark=*] coordinates {
(1,0.5666236598573893)(2,0.6390619830488956)(3,0.6908431545217738)(4,0.7157733593832287)(5,0.747758397586715)(6,0.7548471674926586)(7,0.7558807079703)(8,0.7642076878003065)(9,0.7803271966792396)(10,0.7869700487286735)
};
\addlegendentry{\_French}

\addplot[color=green,mark=*] coordinates {
(1,0.5904664234144302)(2,0.6489419631487223)(3,0.7154906349557348)(4,0.7312487400990347)(5,0.7543608839457484)(6,0.7686303323681954)(7,0.7702699671895402)(8,0.7779850147584406)(9,0.7875123039705886)(10,0.7947896455139495)
};
\addlegendentry{\_Hungarian}

