\addplot[color=green,mark=*] coordinates {
(1,1)(2,2)(3,3)(4,4)(5,5)(6,6)(7,7)(8,8)(9,9)(10,10)
};
\addlegendentry{dial}

\addplot[color=green,mark=*] coordinates {
(1,0.45568322434474834)(2,0.5156762845244985)(3,0.5894966657302267)(4,0.6192393597307033)(5,0.6343029089855278)(6,0.6482423117301881)(7,0.6544451499554305)(8,0.6714035163261716)(9,0.6752924996181935)(10,0.6876434170728425)
};
\addlegendentry{Natural\_Neg}

\addplot[color=green,mark=*] coordinates {
(1,0.4643602291966715)(2,0.5277552499590409)(3,0.5928012489259769)(4,0.6209702607229424)(5,0.6379457860216804)(6,0.6573361766429662)(7,0.6688531481069822)(8,0.6744777707204055)(9,0.6818382105616544)(10,0.6978250465225599)
};
\addlegendentry{\_Portuguese}

\addplot[color=green,mark=*] coordinates {
(1,0.4597649083917165)(2,0.5344132332347804)(3,0.6091574234804049)(4,0.6355152701698172)(5,0.6677848862059601)(6,0.6740684066155571)(7,0.6775508820621672)(8,0.6863176112935562)(9,0.6966468584796608)(10,0.7065891682909919)
};
\addlegendentry{\_All\_together}

\addplot[color=green,mark=*] coordinates {
(1,0.44836060468557914)(2,0.5194308860081944)(3,0.5863732572760239)(4,0.6166468009435129)(5,0.6367553934807373)(6,0.6492403893239799)(7,0.6590904642486972)(8,0.6687768439891087)(9,0.6778220984276802)(10,0.6897779855599986)
};
\addlegendentry{\_French}

\addplot[color=green,mark=*] coordinates {
(1,0.4414609642936965)(2,0.540417633754931)(3,0.6086953789254775)(4,0.6375121094098589)(5,0.6572642340369558)(6,0.6683042049410182)(7,0.673453746454648)(8,0.6847408787088847)(9,0.6895652609367807)(10,0.7047780250224727)
};
\addlegendentry{\_Hungarian}

