\addplot[color=green,mark=*] coordinates {
(1,1)(2,2)(3,3)(4,4)(5,5)(6,6)(7,7)(8,8)(9,9)(10,10)
};
\addlegendentry{dial}

\addplot[color=green,mark=*] coordinates {
(1,0.20428499253799276)(2,0.2588953681624769)(3,0.32608360311387985)(4,0.3737093091929541)(5,0.3796507379733801)(6,0.3880712557474246)(7,0.4039588911642755)(8,0.4180911885460378)(9,0.43106831702780574)(10,0.4400277727058837)
};
\addlegendentry{Natural\_Neg}

\addplot[color=green,mark=*] coordinates {
(1,0.20774761381915735)(2,0.26737942654423597)(3,0.3249350689137368)(4,0.383820786818618)(5,0.3902900669547867)(6,0.4081519882663838)(7,0.42205748926664455)(8,0.438523758200156)(9,0.4472460260107895)(10,0.46148861035765726)
};
\addlegendentry{\_Portuguese}

\addplot[color=green,mark=*] coordinates {
(1,0.24305513077598775)(2,0.30728819496962057)(3,0.37048290205645673)(4,0.40890197709361864)(5,0.4240441656632964)(6,0.4432024489245923)(7,0.44854020351286483)(8,0.4657362024574945)(9,0.4733931951762621)(10,0.49659173749248786)
};
\addlegendentry{\_All\_together}

\addplot[color=green,mark=*] coordinates {
(1,0.2297819650631924)(2,0.2827801778797284)(3,0.3511162990053682)(4,0.3881537529670927)(5,0.4064281711767282)(6,0.41617026558174536)(7,0.4315999145691746)(8,0.4509812330891171)(9,0.4586645737670173)(10,0.47891663347147817)
};
\addlegendentry{\_French}

\addplot[color=green,mark=*] coordinates {
(1,0.2476630239119677)(2,0.2967788315790929)(3,0.3647670777967844)(4,0.40460625786257387)(5,0.4097575549020398)(6,0.4307125214821264)(7,0.44899247090535416)(8,0.4609822194535254)(9,0.46889815790038336)(10,0.4838804517458497)
};
\addlegendentry{\_Hungarian}

