size	dial	Natural_Neg	_Portuguese	_All_together	_French	_Hungarian	_Japanese	Hungarian
1	1	0.6125866629112519	0.6065565193524819	0.6267313964055331	0.6109846615800805	0.6316559829410159	0.6212141208706653	0.6376177128806042
2	2	0.7343627536523324	0.7429730492147655	0.7673805708846885	0.7474713611609409	0.7558098010900117	0.7548701999996874	0.7758565085899285
3	3	0.7645584187450376	0.7873460049536912	0.8058428755188869	0.7822405921581941	0.7956322766805733	0.805190818622415	0.8099222918598146
4	4	0.7846560830491642	0.8007257958475389	0.8275527939520032	0.7996153135084307	0.813712334615046	0.8293417228304186	0.8253202606929516
5	5	0.7899457200738469	0.805544876979831	0.8336474235179739	0.8049430527854067	0.8308178328257861	0.8403798009407174	0.8343138497320843
6	6	0.808338112487905	0.8220844707940695	0.8496625369911888	0.8204955167950414	0.8428156146291406	0.8546730638039277	0.8406995714337302
7	7	0.830266765464291	0.8425055348297782	0.863225945453047	0.8445099544723023	0.8556421236729781	0.8669018462952855	0.8561463694796865
8	8	0.836738052929506	0.8446618236854526	0.8675731705599891	0.8492650762262679	0.8602475409938041	0.8698581253367408	0.8663830601242564
9	9	0.839529143326264	0.8510871214616849	0.8683032355980161	0.8526665975542855	0.8635048687861323	0.8720807755186216	0.8653327461462507
10	10	0.8484515295209325	0.8610142375395682	0.8771444491352346	0.8616159915743152	0.8692920997879117	0.8778114165955779	0.8706380048424205