size	dial	Natural_Neg	_Portuguese	_All_together	_French	_Hungarian
1	1	0.11623334056025728	0.15821050981063034	0.16248843085795725	0.1246813508828479	0.1220728774439344
2	2	0.10025265397439284	0.1358488546402648	0.15391860932262813	0.13235637961260482	0.14404964472506263
3	3	0.18499266077409904	0.20062766284858286	0.22813817707111164	0.22096007265171114	0.23525678719105772
4	4	0.23810037912137597	0.25347282735226323	0.2848436382999549	0.27044046383290404	0.2820795009287736
5	5	0.30259345958167877	0.3115866339357538	0.31484034937307925	0.31773664269980767	0.32597153251557476
6	6	0.38078266730183186	0.4003704855287566	0.3785686715895305	0.3940839304943594	0.4097383504687041
7	7	0.4291244189493453	0.43165279487617036	0.4343306982261055	0.43228612311183295	0.45206354782354613
8	8	0.42499324652580894	0.42443573198479606	0.4285012728629102	0.4343699655383727	0.4496409760557837
9	9	0.4215149537476954	0.4240751182694201	0.434404926334619	0.4391469425234694	0.45985630102175
10	10	0.4197415084694251	0.4352118402611209	0.448041442416886	0.4465831074043967	0.46829141093090365