size	dial	Natural_Neg	_Portuguese	_All_together	_French	_Hungarian
1	1	0.5271306226265965	0.5186981027545213	0.5437103577987111	0.5324833140549796	0.5602469304825201
2	2	0.6118599222220414	0.6149955303963701	0.6190382543928308	0.6026881710432963	0.6428683266628401
3	3	0.6810747265566379	0.6836907267759259	0.688814469388801	0.6667302804574101	0.7032679962675252
4	4	0.6953642895985779	0.7005631444078816	0.7104897516071447	0.6775337257346298	0.7263446052038234
5	5	0.7136942940961193	0.7109515584459759	0.7370597479821221	0.7089263297689699	0.7472942842140731
6	6	0.7303931974620625	0.7373412522506632	0.7519634718539506	0.729149284905185	0.7622168925161829
7	7	0.7469065261623473	0.744135199435797	0.7544367584650076	0.7428892310288624	0.7657063201678009
8	8	0.7514516481868496	0.754356568094245	0.7632369866472084	0.7500148409499915	0.7723368138792359
9	9	0.7626133778714357	0.7642523542663026	0.7766786945891735	0.7702323268290879	0.7768706318577305
10	10	0.7728776115387029	0.7722085514901187	0.7851590292317218	0.7825022329148019	0.7858380730233366