\addplot[color=green,mark=*] coordinates {
(1,1)(2,2)(3,3)(4,4)(5,5)(6,6)(7,7)(8,8)(9,9)(10,10)
};
\addlegendentry{dial}

\addplot[color=green,mark=*] coordinates {
(1,0.005575757575757576)(2,0.0445)(3,0.05798192771084337)(4,0.26035714285714284)(5,0.3677813852813853)(6,0.42154650653712916)(7,0.40426626948945027)(8,0.42752657298231184)(9,0.423709686308949)(10,0.4082330953361427)
};
\addlegendentry{Natural\_Neg}

\addplot[color=green,mark=*] coordinates {
(1,0.005970149253731343)(2,0.045454545454545456)(3,0.1025)(4,0.2663372093023256)(5,0.4303941047877925)(6,0.4951729349801566)(7,0.491758994724111)(8,0.4578947710924455)(9,0.4732277192363137)(10,0.4835899089079664)
};
\addlegendentry{\_Portuguese}

\addplot[color=green,mark=*] coordinates {
(1,0.0054363376251788265)(2,0.0959497645211931)(3,0.14989473684210525)(4,0.32290137857900325)(5,0.594013607660359)(6,0.6882604735082296)(7,0.7013418688570668)(8,0.7041293253030598)(9,0.7105711462709257)(10,0.70598800230284)
};
\addlegendentry{\_All\_together}

\addplot[color=green,mark=*] coordinates {
(1,0.006002728512960437)(2,0.09781118554291945)(3,0.12007017543859648)(4,0.3208372093023256)(5,0.603129562607284)(6,0.6768137731335997)(7,0.6714469709246924)(8,0.6720291117201228)(9,0.6791719688629799)(10,0.6749498225298456)
};
\addlegendentry{\_French}

\addplot[color=green,mark=*] coordinates {
(1,0.008185053380782919)(2,0.12014492753623189)(3,0.16722222222222222)(4,0.3253421255746837)(5,0.5616817398794143)(6,0.5780144453216668)(7,0.5674576479227642)(8,0.5680397887181945)(9,0.5859352894438838)(10,0.6284990106531131)
};
\addlegendentry{\_Hungarian}

