\addplot[color=green,mark=*] coordinates {
(1,1)(2,2)(3,3)(4,4)(5,5)(6,6)(7,7)(8,8)(9,9)(10,10)
};
\addlegendentry{dial}

\addplot[color=green,mark=*] coordinates {
(1,0.18840420427457752)(2,0.255243552629174)(3,0.30799853877779027)(4,0.32067920142396383)(5,0.3554546948759688)(6,0.3736277823102821)(7,0.3977032298789074)(8,0.41566495974419676)(9,0.43573969172117144)(10,0.45465872014174125)
};
\addlegendentry{Natural\_Neg}

\addplot[color=green,mark=*] coordinates {
(1,0.19195442668030976)(2,0.26971175353519694)(3,0.31832538477141437)(4,0.33131285320147347)(5,0.3690776125934636)(6,0.3869003304498987)(7,0.4204532406681526)(8,0.436269633272172)(9,0.47255423522088896)(10,0.49570085399072406)
};
\addlegendentry{\_Portuguese}

\addplot[color=green,mark=*] coordinates {
(1,0.2112381118113742)(2,0.2939747104760156)(3,0.3544907070797755)(4,0.38146262482004456)(5,0.41385305527856275)(6,0.42465903939322225)(7,0.46304167656890005)(8,0.4766790031388082)(9,0.4993135707092439)(10,0.5151253598344765)
};
\addlegendentry{\_All\_together}

\addplot[color=green,mark=*] coordinates {
(1,0.20299483495001186)(2,0.2715319812158553)(3,0.32089319436559427)(4,0.3505530475414124)(5,0.38590276599079626)(6,0.4035938955321468)(7,0.44128800480210273)(8,0.45648150386078823)(9,0.4847266776626567)(10,0.4995686497924076)
};
\addlegendentry{\_French}

\addplot[color=green,mark=*] coordinates {
(1,0.20329844954718243)(2,0.2751116270542467)(3,0.3339321202735907)(4,0.36212669558007027)(5,0.3985711353143297)(6,0.4126583511031777)(7,0.4369809129683209)(8,0.44556391021999053)(9,0.4863604082702636)(10,0.5090098092340216)
};
\addlegendentry{\_Hungarian}

\addplot[color=green,mark=*] coordinates {
(1,0.21341592091742437)(2,0.27007460609239986)(3,0.3359312144279149)(4,0.3588950109831233)(5,0.38870255554035954)(6,0.41166893705758323)(7,0.4435022550630567)(8,0.4546926668293481)(9,0.49669061732529995)(10,0.5213886906451666)
};
\addlegendentry{\_Japanese}

\addplot[color=green,mark=*] coordinates {
(1,0.21120265649785944)(2,0.28995508362110683)(3,0.35290457924693475)(4,0.3744744181736151)(5,0.4076571315048332)(6,0.42310969872396464)(7,0.4531866812754849)(8,0.469888300544768)(9,0.4979709019996738)(10,0.5158578411786328)
};
\addlegendentry{Hungarian}

\addplot[color=green,mark=*] coordinates {
(1,0.21800070119077303)(2,0.32135273085536575)(3,0.37449574917965756)(4,0.39842370031312413)(5,0.4332765786488408)(6,0.45033907759673014)(7,0.48813095134788825)(8,0.4990403418892123)(9,0.5206162381993762)(10,0.5358027005545435)
};
\addlegendentry{All\_together}

