size	dial	Natural_Neg	_Portuguese	_All_together	_French	_Hungarian	_Japanese	Hungarian
1	1	0.32078698278720863	0.383901467656672	0.3477114010684	0.37917040181952616	0.3121186458115478	0.38584917687114595	0.3430151822355365
2	2	0.3228128824320796	0.4750617085102068	0.4409557871853854	0.4096222641070682	0.463049070094224	0.35822168829068113	0.4764595690242932
3	3	0.4538065495496827	0.5090511846677994	0.48541053935014167	0.4737600003146872	0.46861978896422996	0.43197171657462874	0.4979881706748478
4	4	0.4843198465632327	0.5651081201008858	0.5151553946705315	0.510000637814218	0.5401631543069415	0.5100918295046135	0.5552386883101302
5	5	0.5219235715470611	0.6188780490242696	0.5767010032143658	0.5676991033818286	0.6015410840785259	0.5571777618039194	0.6285416588379983
6	6	0.5902526819114233	0.6280663776535075	0.6072045195989095	0.5993909948794478	0.6193872159768513	0.5827721841457002	0.6433111828274944
7	7	0.5805293786948097	0.6483471926935385	0.6365626402561089	0.5762892077344508	0.5759292139494414	0.621092859195587	0.5987015917562427
8	8	0.5819354798591404	0.654890712729238	0.6397943883731657	0.5824211146566027	0.5806447484050958	0.6073090444409784	0.6109024466659212
9	9	0.5839255410304995	0.6357913377866062	0.6209876085017744	0.5768863116362176	0.5857892216530998	0.5842445804482267	0.6063008803133398
10	10	0.6459806708928522	0.6890621488399581	0.6760185867340847	0.6244597439392774	0.6500076011535395	0.6770626773760972	0.6854371680394384