size	dial	Natural_Neg	_Portuguese	_All_together	_French	_Hungarian
1	1	0.4495521024312974	0.43395818912257267	0.4537016835518094	0.4534094272423216	0.4633326245104735
2	2	0.5212116435755866	0.5107285908966291	0.5522675329324629	0.5450141383636119	0.5506467639621965
3	3	0.5373160402002813	0.5465188931077751	0.5565940395255357	0.5483380612308684	0.5754775010664279
4	4	0.5734131916084809	0.5754593671540363	0.6093630801064406	0.5813896859302747	0.6087568697990143
5	5	0.5863812874501692	0.5982090926441057	0.6237492308985508	0.6040358919243645	0.6231056300022668
6	6	0.5935017365233428	0.6082043508521747	0.6287697878367012	0.6062477748609535	0.6375736660472194
7	7	0.6025284989618535	0.6236588759619567	0.6414623392196979	0.6264888831943379	0.6495175901274217
8	8	0.6242409315833177	0.6398573979882849	0.6621400870309855	0.6431572831510566	0.6571116660152881
9	9	0.633753934267141	0.6430076761346653	0.6659973667269233	0.6426606532477831	0.659368387973961
10	10	0.6299879655136189	0.6543066031785847	0.6722476243709627	0.643585325503927	0.6685329611510717