size	dial	Natural_Neg	_Portuguese	_All_together	_French	_Hungarian
1	1	0	0	0.008	0	0
2	2	0	0	0.009523809523809523	0	0
3	3	0.013333333333333332	0.013333333333333332	0.03857142857142857	0.012121212121212121	0.00909090909090909
4	4	0.021052631578947368	0.01818181818181818	0.04352380952380952	0.028287841191066997	0.014814814814814814
5	5	0.042105263157894736	0.02857142857142857	0.054304093567251466	0.055714285714285716	0.04148148148148148
6	6	0.043529411764705886	0.02857142857142857	0.055916666666666656	0.045134575569358175	0.04663382594417077
7	7	0.05503955968352253	0.027705627705627706	0.046969696969696974	0.04643892339544513	0.05714285714285714
8	8	0.05503955968352253	0.030526315789473686	0.06108878333942273	0.04608695652173913	0.047619047619047616
9	9	0.03398692810457517	0.029292929292929294	0.04495238095238095	0.050063131313131316	0.03898635477582846
10	10	0.03398692810457517	0.03176470588235294	0.04742028985507246	0.037606837606837605	0.04110275689223057