\addplot[color=green,mark=*] coordinates {
(1,1)(2,2)(3,3)(4,4)(5,5)(6,6)(7,7)(8,8)(9,9)(10,10)
};
\addlegendentry{dial}

\addplot[color=green,mark=*] coordinates {
(1,0)(2,0)(3,0.007692307692307693)(4,0.015384615384615385)(5,0.027884615384615386)(6,0.027884615384615386)(7,0.03413461538461539)(8,0.03413461538461539)(9,0.01875)(10,0.01875)
};
\addlegendentry{Natural\_Neg}

\addplot[color=green,mark=*] coordinates {
(1,0)(2,0)(3,0.007692307692307693)(4,0.015384615384615385)(5,0.021634615384615384)(6,0.021634615384615384)(7,0.021634615384615384)(8,0.021634615384615384)(9,0.021634615384615384)(10,0.021634615384615384)
};
\addlegendentry{\_Portuguese}

\addplot[color=green,mark=*] coordinates {
(1,0.00625)(2,0.00625)(3,0.028777472527472526)(4,0.03646978021978022)(5,0.053777472527472524)(6,0.053777472527472524)(7,0.046634615384615385)(8,0.060920329670329676)(9,0.04072802197802198)(10,0.04072802197802198)
};
\addlegendentry{\_All\_together}

\addplot[color=green,mark=*] coordinates {
(1,0)(2,0)(3,0.014285714285714285)(4,0.02967032967032967)(5,0.04217032967032967)(6,0.03502747252747253)(7,0.03502747252747253)(8,0.03502747252747253)(9,0.04271978021978022)(10,0.027884615384615386)
};
\addlegendentry{\_French}

\addplot[color=green,mark=*] coordinates {
(1,0)(2,0)(3,0.007692307692307693)(4,0.015384615384615385)(5,0.04038461538461539)(6,0.04038461538461539)(7,0.046634615384615385)(8,0.04038461538461539)(9,0.026442307692307692)(10,0.026442307692307692)
};
\addlegendentry{\_Hungarian}

