size	dial	_Hungarian	Natural_Neg	Portuguese	Russian	French	Hebrew	Hungarian	All_together	Arabic	German	Finish	Uralic
1	1	0.2059736152893734	0.1757486966552424	0.19733824456398963	0.1914412533339142	0.19808579871690882	0.19494491227110855	0.20740401460187385	0.21419019886825486	0.19093510502155223	0.1932367161568977	0.18554934152154495	0.20460167970786616
2	2	0.2775173452196581	0.2452054017608446	0.26713178608664906	0.26969280351189934	0.2717899488776095	0.2688519993374993	0.283284584966927	0.29846185939152603	0.2670801422931545	0.2718808114556075	0.2605925602705889	0.2780213176945299
3	3	0.3313130206186847	0.29961432420973144	0.3213916289016494	0.3301986994212669	0.3278922087630714	0.3206235809046124	0.33844718375917127	0.35630688073346906	0.3224789093977364	0.3233285719445955	0.32305388914471705	0.33983631201961123
4	4	0.36985605342517536	0.33910302185195645	0.36043425561461034	0.3673967155488183	0.36557921446982944	0.3558400733522101	0.3780386076529836	0.3967393396956975	0.359100529477795	0.36486552680684	0.3621647108309108	0.37923074999472456
5	5	0.400963792041411	0.3705965439236132	0.3879106854895475	0.3969856074822368	0.3931818430553388	0.38693784754666233	0.4106222895371621	0.42366358410733196	0.39020909971793066	0.39693710852177366	0.39087980986357884	0.4108433323221609
6	6	0.4372799225209569	0.4062808717235267	0.4235850985039833	0.4363373239891067	0.4313420709911015	0.4240350528678691	0.44505775169864875	0.4590733698208897	0.43172996896468013	0.43486071518040254	0.4266778120951125	0.4489794469038162
7	7	0.45632704439316635	0.41938653961389605	0.44425255841543765	0.4566548652814844	0.45659483425006536	0.4440287373494901	0.4644188925145229	0.48125371899492136	0.4510770344165483	0.4560326334838862	0.44600854301558707	0.4679969342433148
8	8	0.48242169040847804	0.44191220748189886	0.4678501870882038	0.48361588309859976	0.48765466211610103	0.46774349928583514	0.49066801914254987	0.510609418400793	0.47560807223878193	0.4833366449941524	0.47172435629244547	0.4942326027475341
9	9	0.5008391490575034	0.4487987952430851	0.48364263301441485	0.5019612046168792	0.5055368061580016	0.4857512231577609	0.5104667216643195	0.5311110459959211	0.495277131151892	0.5031907585109517	0.4925709841968579	0.5163200297751555
10	10	0.5183812910346316	0.46272974537595807	0.5057489067968097	0.5199473634350376	0.5231311736169311	0.5013838552954113	0.5278195216646592	0.5495563981389177	0.5121789933137144	0.5208386743237507	0.5111660333400041	0.5370097947328241