\addplot[color=green,mark=*] coordinates {
(1,1)(2,2)(3,3)(4,4)(5,5)(6,6)(7,7)(8,8)(9,9)(10,10)
};
\addlegendentry{dial}

\addplot[color=green,mark=*] coordinates {
(1,0)(2,0.06551724137931034)(3,0.1677637164143118)(4,0.18134711509043644)(5,0.18921560284550126)(6,0.2500671694769132)(7,0.23222114864305526)(8,0.24968131060752757)(9,0.27446391113458)(10,0.34153806798463204)
};
\addlegendentry{Natural\_Neg}

\addplot[color=green,mark=*] coordinates {
(1,0)(2,0.07185761957730812)(3,0.14721089758563088)(4,0.1646728504247788)(5,0.17762264834695038)(6,0.26760760602754324)(7,0.2531259067849986)(8,0.2774964179135082)(9,0.3037278048881618)(10,0.386558997774727)
};
\addlegendentry{\_Portuguese}

\addplot[color=green,mark=*] coordinates {
(1,0)(2,0.07886540600667409)(3,0.17358172856358456)(4,0.18547921086169414)(5,0.1918460300961805)(6,0.2768033597338472)(7,0.23768317328329364)(8,0.23512035942508552)(9,0.25469167203328796)(10,0.3120971983329293)
};
\addlegendentry{\_All\_together}

\addplot[color=green,mark=*] coordinates {
(1,0)(2,0.08348164627363737)(3,0.18143675700615106)(4,0.1706478299970158)(5,0.18506738484400365)(6,0.2349310482496092)(7,0.220181986276856)(8,0.2400326444984159)(9,0.2664385765048899)(10,0.31582003064322334)
};
\addlegendentry{\_French}

\addplot[color=green,mark=*] coordinates {
(1,0)(2,0.0717463848720801)(3,0.17972144722632513)(4,0.15762038776134585)(5,0.16855056518981826)(6,0.2532269588147932)(7,0.2235680322658796)(8,0.23732237901202963)(9,0.27469652161237984)(10,0.33977446794633814)
};
\addlegendentry{\_Hungarian}

