size	dial	Natural_Neg	_Portuguese	_All_together	_French	_Hungarian
1	1	0.18840420427457752	0.19195442668030976	0.199476870120398	0.20299483495001186	0.20329844954718243
2	2	0.255243552629174	0.26971175353519694	0.28407894138733497	0.2715319812158553	0.2751116270542467
3	3	0.30799853877779027	0.31832538477141437	0.3426767253393085	0.32089319436559427	0.3339321202735907
4	4	0.32067920142396383	0.33131285320147347	0.36849129873429787	0.3505530475414124	0.36212669558007027
5	5	0.3554546948759688	0.3690776125934636	0.4050767815244084	0.38590276599079626	0.3985711353143297
6	6	0.3736277823102821	0.3869003304498987	0.42228272693502544	0.4035938955321468	0.4126583511031777
7	7	0.3977032298789074	0.4204532406681526	0.4628360655545193	0.44128800480210273	0.4369809129683209
8	8	0.41566495974419676	0.436269633272172	0.4736469544651807	0.45648150386078823	0.44556391021999053
9	9	0.43573969172117144	0.47255423522088896	0.4900890391668905	0.4847266776626567	0.4863604082702636
10	10	0.45465872014174125	0.49570085399072406	0.5038595424199721	0.4995686497924076	0.5090098092340216