size	dial	Natural_Neg	_Portuguese	_All_together	_French	_Hungarian
1	1	0.26386047862387696	0.2825336473161958	0.3152900124171223	0.29424439375109485	0.3571883343897385
2	2	0.3877525140746479	0.41893669478142803	0.4365542574036544	0.41872336601757343	0.4180278170494761
3	3	0.4653388065433268	0.46789844142150727	0.4792889780712285	0.46287685575293214	0.4872910574385599
4	4	0.5208663720667397	0.5082745316529083	0.5451295233142222	0.5167340578494817	0.5396255544826044
5	5	0.5588290916711998	0.5518314928450379	0.5679383182326136	0.5578381732311403	0.5683323191117098
6	6	0.5827210295432568	0.5923834248439434	0.5997205118017617	0.5850410401599968	0.6198578575430267
7	7	0.5842949958453596	0.6053913353105862	0.6099983084718735	0.6027238819974575	0.6225107126117946
8	8	0.5694802023807621	0.6089833047081308	0.6169852092691462	0.603257275528769	0.6267963778213052
9	9	0.6024647140958879	0.6091485434253274	0.6261816951282724	0.6116966918905167	0.632092602697151
10	10	0.6191487955123866	0.6378931122524352	0.6371532184121029	0.6270737016723098	0.6563838428826534