\addplot[color=green,mark=*] coordinates {
(1,1)(2,2)(3,3)(4,4)(5,5)(6,6)(7,7)(8,8)(9,9)(10,10)
};
\addlegendentry{dial}

\addplot[color=green,mark=*] coordinates {
(1,null)(2,0.42243150921964984)(3,0.547222234502895)(4,0.5801398111016949)(5,0.5584337546702768)(6,0.5724618018628708)(7,0.56799100225339)(8,0.595900608327005)(9,0.6153714947700162)(10,0.6413232672991156)
};
\addlegendentry{Natural\_Neg}

\addplot[color=green,mark=*] coordinates {
(1,null)(2,0.408488772178001)(3,0.48202504535454055)(4,0.5379559362208156)(5,0.5234206897064289)(6,0.5479636828039648)(7,0.54821112271617)(8,0.5799032044625239)(9,0.6057670872533505)(10,0.6087984999335616)
};
\addlegendentry{\_Portuguese}

\addplot[color=green,mark=*] coordinates {
(1,null)(2,0.43156529861068593)(3,0.5354905557846864)(4,0.5768776779490183)(5,0.5813872334149465)(6,0.5910900540538305)(7,0.5924484990171561)(8,0.6219092533604202)(9,0.6273285343260505)(10,0.6484989779872986)
};
\addlegendentry{\_All\_together}

\addplot[color=green,mark=*] coordinates {
(1,null)(2,0.38870127982928426)(3,0.5550108177445702)(4,0.5761345498112834)(5,0.5800103106455952)(6,0.5892201317406419)(7,0.5812966361172778)(8,0.6202997250309054)(9,0.6415771829319887)(10,0.6530988554040601)
};
\addlegendentry{\_French}

\addplot[color=green,mark=*] coordinates {
(1,null)(2,0.45224200881739646)(3,0.600255981614398)(4,0.6282325841557391)(5,0.5972053584657149)(6,0.6259826145403327)(7,0.6148706593141426)(8,0.6437877846819827)(9,0.6539044383386987)(10,0.6655575172798824)
};
\addlegendentry{\_Hungarian}

