\addplot[color=green,mark=*] coordinates {
(1,1)(2,2)(3,3)(4,4)(5,5)(6,6)(7,7)(8,8)(9,9)(10,10)
};
\addlegendentry{dial}

\addplot[color=green,mark=*] coordinates {
(1,0.5216821543991752)(2,0.6518508949816572)(3,0.7390150480675879)(4,0.7800803633208477)(5,0.8006967581550392)(6,0.8034651834934792)(7,0.839627303479619)(8,0.834660367267863)(9,0.8405103018094551)(10,0.8584454804154891)
};
\addlegendentry{Natural\_Neg}

\addplot[color=green,mark=*] coordinates {
(1,0.5575999647258407)(2,0.6737959953563373)(3,0.7543300439777164)(4,0.7986937818692977)(5,0.8179048848607124)(6,0.8261472529960463)(7,0.8537426386125471)(8,0.8516815380900603)(9,0.8569686181990654)(10,0.8663136851433848)
};
\addlegendentry{\_Portuguese}

\addplot[color=green,mark=*] coordinates {
(1,0.5796121693685479)(2,0.7013887399060655)(3,0.7815243541308454)(4,0.8134713927997342)(5,0.8306668933519472)(6,0.8364817800037073)(7,0.859024313848192)(8,0.8600473787525544)(9,0.8714931152452416)(10,0.8736425541246892)
};
\addlegendentry{\_All\_together}

\addplot[color=green,mark=*] coordinates {
(1,0.5478820439191148)(2,0.6512760526309912)(3,0.7440535675763377)(4,0.7830723834994161)(5,0.8005692737480606)(6,0.8179425471837088)(7,0.8515321039913323)(8,0.8502669366440628)(9,0.8550405563955554)(10,0.8623222423160375)
};
\addlegendentry{\_French}

\addplot[color=green,mark=*] coordinates {
(1,0.5835239440046353)(2,0.6917293127827356)(3,0.7732890673298661)(4,0.810664749169127)(5,0.8241068998759917)(6,0.8293051287667825)(7,0.8539947647222809)(8,0.8574124746455853)(9,0.8637556508248009)(10,0.8722843964787854)
};
\addlegendentry{\_Hungarian}

