\addplot[color=green,mark=*] coordinates {
(1,1)(2,2)(3,3)(4,4)(5,5)(6,6)(7,7)(8,8)(9,9)(10,10)
};
\addlegendentry{dial}

\addplot[color=green,mark=*] coordinates {
(1,0.4647086434440875)(2,0.5569178786611557)(3,0.5829681917018519)(4,0.6278719795640064)(5,0.6405428055939906)(6,0.6503490606970128)(7,0.6613503186899028)(8,0.677992153194981)(9,0.6867577243615293)(10,0.6832983920140638)
};
\addlegendentry{Natural\_Neg}

\addplot[color=green,mark=*] coordinates {
(1,0.4465030360094892)(2,0.5429829742332364)(3,0.5909143649862136)(4,0.620631480359386)(5,0.6421808805887215)(6,0.6583308833578605)(7,0.6760237572492684)(8,0.6879755306306146)(9,0.6872162195659198)(10,0.6948895815979003)
};
\addlegendentry{\_Portuguese}

\addplot[color=green,mark=*] coordinates {
(1,0.47764199748066555)(2,0.5844999805251962)(3,0.6039942275587212)(4,0.6507332497855071)(5,0.6644198980346043)(6,0.6746629975653554)(7,0.6913015260102957)(8,0.7083924886019619)(9,0.7087071074305499)(10,0.7121272936775909)
};
\addlegendentry{\_All\_together}

\addplot[color=green,mark=*] coordinates {
(1,0.46292337722931387)(2,0.5696539383854252)(3,0.5905752993478873)(4,0.6324305009051692)(5,0.6545661009140133)(6,0.6607987439311052)(7,0.67889922030451)(8,0.6937582303528044)(9,0.6952382972035079)(10,0.694945968855828)
};
\addlegendentry{\_French}

\addplot[color=green,mark=*] coordinates {
(1,0.4801250965724728)(2,0.5777435454281473)(3,0.6199429041544685)(4,0.6586781957911051)(5,0.67080696325447)(6,0.6852201460178888)(7,0.6978634747485355)(8,0.7053131213806959)(9,0.7101911451228878)(10,0.7157044947538034)
};
\addlegendentry{\_Hungarian}

