\addplot[color=green,mark=*] coordinates {
(1,1)(2,2)(3,3)(4,4)(5,5)(6,6)(7,7)(8,8)(9,9)(10,10)
};
\addlegendentry{dial}

\addplot[color=green,mark=*] coordinates {
(1,0.2181157241353113)(2,0.2746251953319717)(3,0.3244861145996562)(4,0.353188847497273)(5,0.3786425496604807)(6,0.4093380340350823)(7,0.42902456280868984)(8,0.45014403703183914)(9,0.46633261917515967)(10,0.4814458562358801)
};
\addlegendentry{\_Hungarian}

\addplot[color=green,mark=*] coordinates {
(1,0.19460540510030785)(2,0.24091872718325644)(3,0.28727826790208794)(4,0.32034282783076357)(5,0.3446620621157825)(6,0.3754201221598541)(7,0.3859289113262424)(8,0.40339208811890015)(9,0.409717165109161)(10,0.4215573888123756)
};
\addlegendentry{Natural\_Neg}

\addplot[color=green,mark=*] coordinates {
(1,0.22740165692483452)(2,0.2740306338227309)(3,0.32096829574626823)(4,0.35392227371737073)(5,0.376393993275099)(6,0.40835918764618184)(7,0.429443768486109)(8,0.4515015950320573)(9,0.4655688422577887)(10,0.48526965558003987)
};
\addlegendentry{Portuguese}

\addplot[color=green,mark=*] coordinates {
(1,0.22302147554343782)(2,0.28053410209260377)(3,0.3359296305286883)(4,0.365577512039205)(5,0.39115673749720176)(6,0.4272471017912901)(7,0.4463725788308479)(8,0.4702697597299823)(9,0.4861346237315151)(10,0.5031132169274752)
};
\addlegendentry{Russian}

\addplot[color=green,mark=*] coordinates {
(1,0.2307529556848742)(2,0.282139913114292)(3,0.33115828418267973)(4,0.3601886266223413)(5,0.384602272747703)(6,0.4177674480155277)(7,0.44013495260585705)(8,0.4664894026124234)(9,0.4827981108968526)(10,0.49958860378351344)
};
\addlegendentry{French}

\addplot[color=green,mark=*] coordinates {
(1,0.22278257080078073)(2,0.2730027470333673)(3,0.31640122126316617)(4,0.343027334163924)(5,0.37015904221895424)(6,0.40204201360267994)(7,0.4204777419278413)(8,0.44104060122573757)(9,0.45537099889487365)(10,0.4693710747580526)
};
\addlegendentry{Hebrew}

\addplot[color=green,mark=*] coordinates {
(1,0.22822499053319473)(2,0.2837282837404738)(3,0.3342920472453209)(4,0.3646695577145268)(5,0.3941994259788349)(6,0.42270491790948717)(7,0.44232142912097266)(8,0.4653559557669162)(9,0.4837780001186475)(10,0.4992092224093524)
};
\addlegendentry{Hungarian}

\addplot[color=green,mark=*] coordinates {
(1,0.25279053073094965)(2,0.3136787619264856)(3,0.3621443169317753)(4,0.39257330191077855)(5,0.4173151861840653)(6,0.4491559008793923)(7,0.46886260359673093)(8,0.4936695531781241)(9,0.5126308662615023)(10,0.5292949965489071)
};
\addlegendentry{All\_together}

\addplot[color=green,mark=*] coordinates {
(1,0.22466598991880768)(2,0.27856230463773757)(3,0.3249672992604189)(4,0.3538140017523462)(5,0.38014874893568407)(6,0.4160921681760234)(7,0.43309337234658263)(8,0.45488669309807855)(9,0.47221258646910713)(10,0.48623346293222497)
};
\addlegendentry{Arabic}

\addplot[color=green,mark=*] coordinates {
(1,0.21709358996581415)(2,0.2714485591397511)(3,0.3181906134775181)(4,0.35101449206391555)(5,0.3812002585834325)(6,0.414535566831657)(7,0.4331879635031823)(8,0.45771411110629606)(9,0.4768087908376512)(10,0.49384778338043817)
};
\addlegendentry{German}

\addplot[color=green,mark=*] coordinates {
(1,0.22435034721650848)(2,0.2715390946776297)(3,0.3229273917996094)(4,0.3501909503945513)(5,0.3747836169028655)(6,0.40458466297448525)(7,0.42269930225665564)(8,0.4455369166820197)(9,0.4641251430784875)(10,0.4799568969362292)
};
\addlegendentry{Finish}

\addplot[color=green,mark=*] coordinates {
(1,0.2344707007567336)(2,0.28851489166081856)(3,0.3418249757504692)(4,0.3714324506551322)(5,0.3989539065732161)(6,0.4335844346094822)(7,0.4515737081252316)(8,0.4737205963497562)(9,0.49313813953904856)(10,0.511718484571731)
};
\addlegendentry{Uralic}

