\addplot[color=green,mark=*] coordinates {
(1,1)(2,2)(3,3)(4,4)(5,5)(6,6)(7,7)(8,8)(9,9)(10,10)
};
\addlegendentry{dial}

\addplot[color=green,mark=*] coordinates {
(1,0.1701748076164372)(2,0.21530276789934075)(3,0.34578307674946723)(4,0.45022866101134956)(5,0.45913828559952863)(6,0.5088660931527194)(7,0.5470221503764373)(8,0.5041417801586844)(9,0.5777923859368965)(10,0.6040730053876444)
};
\addlegendentry{Natural\_Neg}

\addplot[color=green,mark=*] coordinates {
(1,0.18794404618007204)(2,0.26928083462635644)(3,0.4284936341857676)(4,0.5041243266172489)(5,0.5119125776642145)(6,0.5835707333724152)(7,0.5916023804298909)(8,0.5811315170800462)(9,0.6424676817127167)(10,0.6878900437226011)
};
\addlegendentry{\_Portuguese}

\addplot[color=green,mark=*] coordinates {
(1,0.23824783860835225)(2,0.3221975242597969)(3,0.45052821993269276)(4,0.4768856324743617)(5,0.5051756457477781)(6,0.5650282403298432)(7,0.5783041145948788)(8,0.5726772114175037)(9,0.6240747778281126)(10,0.6687894981328716)
};
\addlegendentry{\_All\_together}

\addplot[color=green,mark=*] coordinates {
(1,0.20039462362825472)(2,0.19387870681480965)(3,0.3765156808814256)(4,0.42734142380098233)(5,0.47385162731225094)(6,0.5567651494486557)(7,0.5647967825589174)(8,0.5521049109155961)(9,0.5867581409272226)(10,0.6351686645056863)
};
\addlegendentry{\_French}

\addplot[color=green,mark=*] coordinates {
(1,0.21897653260144145)(2,0.32401183920338716)(3,0.4285528629840858)(4,0.5099230548481545)(5,0.509215682597256)(6,0.569280273596479)(7,0.5869579984135823)(8,0.5718603717065454)(9,0.6120201694474365)(10,0.6452073141784298)
};
\addlegendentry{\_Hungarian}

