\addplot[color=green,mark=*] coordinates {
(1,1)(2,2)(3,3)(4,4)(5,5)(6,6)(7,7)(8,8)(9,9)(10,10)
};
\addlegendentry{dial}

\addplot[color=green,mark=*] coordinates {
(1,0.47075169433811875)(2,0.48382551902940457)(3,0.5209749781702425)(4,0.5762593363355756)(5,0.5843859946324432)(6,0.623768657033157)(7,0.6276623566173387)(8,0.6454986241691024)(9,0.6604339122573655)(10,0.667732006756643)
};
\addlegendentry{Natural\_Neg}

\addplot[color=green,mark=*] coordinates {
(1,0.451683759839583)(2,0.5066876717991408)(3,0.5204542940982693)(4,0.5731386399980536)(5,0.5958438162343398)(6,0.6339687281470239)(7,0.6427447189008052)(8,0.6513784229919104)(9,0.6719861075808223)(10,0.6767149273445979)
};
\addlegendentry{\_Portuguese}

\addplot[color=green,mark=*] coordinates {
(1,0.4522744523845583)(2,0.5404453321045766)(3,0.5687934753715589)(4,0.6013186719031726)(5,0.6219219215770483)(6,0.6492822414944424)(7,0.6703637781747174)(8,0.6760519203174693)(9,0.6956481154233346)(10,0.7064968927978545)
};
\addlegendentry{\_All\_together}

\addplot[color=green,mark=*] coordinates {
(1,0.4579639462201476)(2,0.5056022726766618)(3,0.5387712041116571)(4,0.5827123992970418)(5,0.5862315669056033)(6,0.6331663337178883)(7,0.6377784247552534)(8,0.6510121710042078)(9,0.681343656141748)(10,0.6815905553495646)
};
\addlegendentry{\_French}

\addplot[color=green,mark=*] coordinates {
(1,0.45029141777285286)(2,0.5346618954231841)(3,0.5767501429757258)(4,0.6001977316473234)(5,0.6151068330692127)(6,0.647461926589263)(7,0.6575534474242591)(8,0.6725489029269166)(9,0.6860976719669493)(10,0.6926895063494941)
};
\addlegendentry{\_Hungarian}

