size	dial	Natural_Neg	_Portuguese	_All_together	_French	_Hungarian
1	1	0.4734306137793114	0.45613986693506564	0.4553668854625518	0.46369941856418706	0.46093372037682345
2	2	0.5153860305048648	0.5305995240269643	0.5522248967935426	0.5270441196049249	0.5607228875378241
3	3	0.5531597958370671	0.5433522578616727	0.5846766640361681	0.5622649134473926	0.5900545028387307
4	4	0.605047156342705	0.5960230002245083	0.6154355513749651	0.6042630020894664	0.6183124286288841
5	5	0.6107426957075961	0.6172405964571054	0.6330175539288198	0.6084584913213069	0.6336586694830227
6	6	0.6411367672791988	0.6468137667396093	0.6561875972966965	0.6451331510413252	0.6577773546956528
7	7	0.6478534810308655	0.6569896636576154	0.6710470671897444	0.6528900449963592	0.6674594015263191
8	8	0.6649534770310505	0.6693539085807213	0.6812751410961377	0.6684115242263327	0.6832872518923339
9	9	0.6764602185593926	0.6823254279122171	0.6986554830342053	0.6909214576135297	0.6927566031456769
10	10	0.6855131554816625	0.6902739710249783	0.7089009749975265	0.6950943252530211	0.7007212815887993