size	dial	Natural_Neg	_Portuguese	_All_together	_French	_Hungarian
1	1	0.4870577837801743	0.4635272864794529	0.5120458109460098	0.47476754784735914	0.5030517176480556
2	2	0.6038886056587894	0.5848200131941765	0.6251645853750663	0.5996997977002012	0.610427367426416
3	3	0.6446473831738351	0.6478482006664311	0.6642846353058346	0.6457464829327808	0.6767712330485229
4	4	0.6967493127099129	0.6752782712438622	0.7002559761199596	0.6962064274425827	0.7186315996945668
5	5	0.7079730142642723	0.6938899640028632	0.7124060996707927	0.7161731442942786	0.7285095763356704
6	6	0.7205979419349154	0.718742247899404	0.7289563587814194	0.727869019878318	0.7421414184030153
7	7	0.733651925495666	0.7391933998028699	0.7505428166133369	0.7420655180150069	0.7551237350820375
8	8	0.7430420281103386	0.7451679057924869	0.7628533272075275	0.7540008591174495	0.76224306421465
9	9	0.7502866692164758	0.7391167950318275	0.7584368749254684	0.7586959773748757	0.770817622993628
10	10	0.7476835485558617	0.7420707039703645	0.7578732355663389	0.7566224660337341	0.7711658051859169