\addplot[color=green,mark=*] coordinates {
(1,1)(2,2)(3,3)(4,4)(5,5)(6,6)(7,7)(8,8)(9,9)(10,10)
};
\addlegendentry{dial}

\addplot[color=green,mark=*] coordinates {
(1,0.09414019387444847)(2,0.11587183605253419)(3,0.21555794528036532)(4,0.2746520689975625)(5,0.28004272818677006)(6,0.2829231190257805)(7,0.27618230513047004)(8,0.28273153617108043)(9,0.284861934576056)(10,0.31250052641846493)
};
\addlegendentry{Natural\_Neg}

\addplot[color=green,mark=*] coordinates {
(1,0.08369466330534628)(2,0.13521336307720008)(3,0.22236720185644768)(4,0.27894055085897823)(5,0.30559147428454725)(6,0.3212121873693003)(7,0.32174587883749795)(8,0.3153813046029108)(9,0.3198470100241582)(10,0.35623166400516876)
};
\addlegendentry{\_Portuguese}

\addplot[color=green,mark=*] coordinates {
(1,0.11714572664612526)(2,0.16495575300622017)(3,0.25188068807175706)(4,0.32425066941265496)(5,0.33157328618727694)(6,0.3433397680008011)(7,0.3391991222642897)(8,0.3346619023025579)(9,0.3237990247185628)(10,0.34540627540701324)
};
\addlegendentry{\_All\_together}

\addplot[color=green,mark=*] coordinates {
(1,0.19332799448398705)(2,0.13502219482541716)(3,0.22801359185764217)(4,0.30284637086786637)(5,0.31104563676518815)(6,0.31614782110058776)(7,0.312693266231542)(8,0.31648789435878866)(9,0.31592865864868147)(10,0.3571607451034432)
};
\addlegendentry{\_French}

\addplot[color=green,mark=*] coordinates {
(1,0.1529394814228476)(2,0.1521329550379164)(3,0.24675807893614535)(4,0.32207958319542557)(5,0.32877832015144787)(6,0.34142792833348695)(7,0.33978850560013213)(8,0.32810350595341325)(9,0.3239198774221069)(10,0.35226563497733065)
};
\addlegendentry{\_Hungarian}

