size	dial	Natural_Neg	_Portuguese	_All_together	_French	_Hungarian
1	1	0.08846153846153845	0.08461538461538462	0.07307692307692307	0.08461538461538462	0.08846153846153845
2	2	0.10384615384615385	0.10384615384615385	0.14615384615384616	0.16538461538461538	0.16666666666666666
3	3	0.08846153846153845	0.07307692307692308	0.13076923076923078	0.15	0.13173076923076923
4	4	0.20769230769230768	0.21538461538461542	0.2846153846153846	0.28076923076923077	0.26634615384615384
5	5	0.2739010989010989	0.33873626373626375	0.5463827838827838	0.5579212454212453	0.4928113553113553
6	6	0.3126831501831502	0.3827838827838828	0.6326007326007327	0.6162545787545788	0.4894637769637769
7	7	0.2956959706959707	0.3786172161172161	0.6518315018315018	0.6085164835164835	0.48159340659340666
8	8	0.3203754578754579	0.34235347985347986	0.6559981684981686	0.6087912087912088	0.4818681318681318
9	9	0.3125407000407	0.3575956450956451	0.6593813593813594	0.6124949124949125	0.48940781440781445
10	10	0.3006817256817257	0.36679894179894185	0.6555352055352056	0.6050773300773301	0.5393620268620269