\addplot[color=green,mark=*] coordinates {
(1,1)(2,2)(3,3)(4,4)(5,5)(6,6)(7,7)(8,8)(9,9)(10,10)
};
\addlegendentry{dial}

\addplot[color=green,mark=*] coordinates {
(1,0.029920424403183023)(2,0.1366499184922177)(3,0.1719289106189794)(4,0.16448525688673318)(5,0.22858003594213847)(6,0.22585690667464053)(7,0.26455215760719225)(8,0.3302114140531936)(9,0.35933374441815313)(10,0.3681249559008071)
};
\addlegendentry{Natural\_Neg}

\addplot[color=green,mark=*] coordinates {
(1,0.034482758620689655)(2,0.12826603521142763)(3,0.16273333402840043)(4,0.1643021121133942)(5,0.23452211135573048)(6,0.24460469064903118)(7,0.2713930343337008)(8,0.3215035447836244)(9,0.3535874653259362)(10,0.38101556985943374)
};
\addlegendentry{\_Portuguese}

\addplot[color=green,mark=*] coordinates {
(1,0.048888888888888885)(2,0.14983036653145448)(3,0.20142441609649211)(4,0.21726251829109744)(5,0.2788078089113587)(6,0.28603318798830146)(7,0.2954033969158193)(8,0.34793600298462324)(9,0.3604127047123317)(10,0.3821635796062514)
};
\addlegendentry{\_All\_together}

\addplot[color=green,mark=*] coordinates {
(1,0.04765512265512265)(2,0.14418445158181165)(3,0.15566992581332287)(4,0.16091395414189325)(5,0.226582996176935)(6,0.21422931769337192)(7,0.2358448040932642)(8,0.29961740327402586)(9,0.3203425541874717)(10,0.3440775760967082)
};
\addlegendentry{\_French}

\addplot[color=green,mark=*] coordinates {
(1,0.03402298850574713)(2,0.1368818911207473)(3,0.19421758149445775)(4,0.20344512682218516)(5,0.2678306335923181)(6,0.25838775278655923)(7,0.2773210937197757)(8,0.33026475233038577)(9,0.36905641303245384)(10,0.3800293481152435)
};
\addlegendentry{\_Hungarian}

\addplot[color=green,mark=*] coordinates {
(1,0.0452233676975945)(2,0.14052344061010408)(3,0.18532717430549403)(4,0.211020265686252)(5,0.27554524354633037)(6,0.29758881057823716)(7,0.29613636760046746)(8,0.3506642647516293)(9,0.3799988310259802)(10,0.42115718314930906)
};
\addlegendentry{\_Japanese}

\addplot[color=green,mark=*] coordinates {
(1,0.04225108225108225)(2,0.1695821199203371)(3,0.20261846472152295)(4,0.20406937450075194)(5,0.24245767612861463)(6,0.25097077946883645)(7,0.2777278730877538)(8,0.33644440725700075)(9,0.3650127334079464)(10,0.378615562831557)
};
\addlegendentry{Hungarian}

\addplot[color=green,mark=*] coordinates {
(1,0.0574654533198517)(2,0.18752490164822716)(3,0.22305104382523672)(4,0.22773143322187872)(5,0.29020509043601256)(6,0.2989903552084976)(7,0.3163213259660595)(8,0.36736570527868706)(9,0.366960793680486)(10,0.3862525399053801)
};
\addlegendentry{All\_together}

