\addplot[color=green,mark=*] coordinates {
(1,1)(2,2)(3,3)(4,4)(5,5)(6,6)(7,7)(8,8)(9,9)(10,10)
};
\addlegendentry{dial}

\addplot[color=green,mark=*] coordinates {
(1,0.2399338419292878)(2,0.35165701662629495)(3,0.45112677375836796)(4,0.4718861443239065)(5,0.497496335331119)(6,0.5462353153202979)(7,0.5906304747514255)(8,0.5976931435832313)(9,0.6196310821994204)(10,0.6516137981140341)
};
\addlegendentry{Natural\_Neg}

\addplot[color=green,mark=*] coordinates {
(1,0.2773856218265135)(2,0.42602804778276937)(3,0.47331917192946876)(4,0.4933995332260408)(5,0.5317924871364949)(6,0.5549249464105527)(7,0.6051754308451656)(8,0.6155583964841677)(9,0.6218267352073439)(10,0.6529573911597356)
};
\addlegendentry{Portuguese}

\addplot[color=green,mark=*] coordinates {
(1,0.2742565715178969)(2,0.39783979515889645)(3,0.48946262695110965)(4,0.5503732139919453)(5,0.5643981809280652)(6,0.5717120953876152)(7,0.6225734444782127)(8,0.6325510808445096)(9,0.6448601808206911)(10,0.6706891425404903)
};
\addlegendentry{Russian}

\addplot[color=green,mark=*] coordinates {
(1,0.304815820571105)(2,0.4324845829383162)(3,0.539360024147639)(4,0.5463748211503281)(5,0.5626395981832871)(6,0.5724950841865197)(7,0.6214087870913722)(8,0.6263581611827649)(9,0.6353191366074755)(10,0.655210398462898)
};
\addlegendentry{French}

\addplot[color=green,mark=*] coordinates {
(1,0.26106656886042645)(2,0.40975769264383033)(3,0.44023512065086357)(4,0.5071591445766147)(5,0.5456430865592573)(6,0.569021210505187)(7,0.6053079896613783)(8,0.6052610270770599)(9,0.620080890045837)(10,0.6475608903260175)
};
\addlegendentry{Hebrew}

\addplot[color=green,mark=*] coordinates {
(1,0.2663772180097818)(2,0.44781652763131286)(3,0.498934710958741)(4,0.5623756547709841)(5,0.602066375069568)(6,0.613511257233403)(7,0.6147720938744923)(8,0.6193906530480365)(9,0.6270307928789781)(10,0.6760307506022317)
};
\addlegendentry{Hungarian}

\addplot[color=green,mark=*] coordinates {
(1,0.30268179483841695)(2,0.49238166462863253)(3,0.5609528164793998)(4,0.5718767261352549)(5,0.6015031623702599)(6,0.6149210952339033)(7,0.6422680901029393)(8,0.6502967316697797)(9,0.6682572883206229)(10,0.6814790777274756)
};
\addlegendentry{All\_together}

