size	dial	Natural_Neg	_Portuguese	_All_together	_French	_Hungarian
1	1	0.03968253968253969	0.03715440792905582	0.03398921832884097	0.0378661383896986	0.04236711180937418
2	2	0.08162894978882325	0.09916231596564976	0.08792086945312752	0.07700214107536762	0.07953167637567331
3	3	0.12365863327547703	0.13535784347344196	0.15628614785439182	0.1238371199911871	0.16165257875070782
4	4	0.2176686657866429	0.20990634494676183	0.21034606216232188	0.18344388516589655	0.20819450303830683
5	5	0.28461215015840147	0.30247504889812626	0.2731247737683683	0.26801950260377383	0.2981987253333257
6	6	0.3379732808985334	0.34575197658675194	0.334589348650364	0.3350152694615228	0.3515697326317473
7	7	0.3642041008418072	0.39160763178211716	0.3927983398772757	0.38011167205634605	0.390978906004519
8	8	0.3730784149030975	0.38294881849945267	0.3796365402073101	0.36891186294164274	0.38423836589307664
9	9	0.37886191616813075	0.38666005380317864	0.3786178771570213	0.38170180747485394	0.38763689103775467
10	10	0.4090841814476012	0.4362249301565102	0.4451260553342394	0.41816152349379604	0.4472547436294804