size	dial	Natural_Neg	_Portuguese	_All_together	_French	_Hungarian	_Japanese	Hungarian	All_together
1	1	0.45699091509017736	0.45986237706366984	0.506750401131349	0.465905367209308	0.48097988451769425	0.4897333594045157	0.4851536242802429	0.518869629426515
2	2	0.5280499928020028	0.5423414259828911	0.5877289519076747	0.5481205807266284	0.561672328049795	0.5424423543083415	0.5834704391493255	0.6195104457934988
3	3	0.5626035987020145	0.5867712077298897	0.6330928443144318	0.5800405782070135	0.6018867730917998	0.6037931349453933	0.6223473603173159	0.6580269584433917
4	4	0.5895746907263415	0.6089237643485673	0.656722635755434	0.609063508361374	0.6411568265419463	0.6415003878244907	0.6560807515952369	0.6820863468873952
5	5	0.5946965911801559	0.6265256458379914	0.6727908785240604	0.6249066768424992	0.6619936351148837	0.6532026094611684	0.6745422036856787	0.692138237268941
6	6	0.62904945707429	0.6494177541630174	0.6903227188016153	0.6493147952161872	0.6809597246820888	0.6757002253544877	0.6893503859605903	0.7056151068406344
7	7	0.6548500803893379	0.6822524199200901	0.7156059719353511	0.6765119964198998	0.6944537895935785	0.7014013167156099	0.7043568776232209	0.7282562054132168
8	8	0.6684911489179808	0.6881395996182641	0.7200117087152194	0.6889099427156855	0.7014609776739609	0.7038538777952865	0.7160232210300945	0.7355934721438047
9	9	0.6749520842265991	0.6984909166492815	0.7268451916567875	0.6925269714350034	0.7124834751549424	0.7089734970786433	0.7216510085833788	0.742562874651145
10	10	0.693222713165239	0.7199026170235838	0.7424789063493403	0.708202482400372	0.7296682582715199	0.7305093854106328	0.7412314138223834	0.7502563668422784