\addplot[color=green,mark=*] coordinates {
(1,1)(2,2)(3,3)(4,4)(5,5)(6,6)(7,7)(8,8)(9,9)(10,10)
};
\addlegendentry{dial}

\addplot[color=green,mark=*] coordinates {
(1,0.425099776477312)(2,0.4940585048491376)(3,0.5157008861492545)(4,0.5387622900805744)(5,0.542182269324547)(6,0.5656116112535444)(7,0.5934104368397258)(8,0.6064300591113454)(9,0.6151505409587973)(10,0.6322183415937072)
};
\addlegendentry{Natural\_Neg}

\addplot[color=green,mark=*] coordinates {
(1,0.4246765336386824)(2,0.5037798071538995)(3,0.5342417165548763)(4,0.5533453933270459)(5,0.5645514808016083)(6,0.5796662938641315)(7,0.6113797327832428)(8,0.6184236495493632)(9,0.6324878828971218)(10,0.6526380197055213)
};
\addlegendentry{\_Portuguese}

\addplot[color=green,mark=*] coordinates {
(1,0.44141228321975784)(2,0.5212155267632648)(3,0.5494655115587626)(4,0.5813483661835821)(5,0.5918824876503324)(6,0.6121833307105182)(7,0.6372193590431141)(8,0.641607546269553)(9,0.649549074529958)(10,0.6685762250241047)
};
\addlegendentry{\_All\_together}

\addplot[color=green,mark=*] coordinates {
(1,0.4293633516054059)(2,0.505332754451376)(3,0.522352139066731)(4,0.5527577240100402)(5,0.5611832814886836)(6,0.5801151986477393)(7,0.6076498357823853)(8,0.6175263485473118)(9,0.6264880278605476)(10,0.6404167225613524)
};
\addlegendentry{\_French}

\addplot[color=green,mark=*] coordinates {
(1,0.44053539837884886)(2,0.513281440680095)(3,0.5467602733168901)(4,0.5846770818766267)(5,0.60010909244624)(6,0.610236691357471)(7,0.6242166113071456)(8,0.6310379814807725)(9,0.6445544526644522)(10,0.6582286634590448)
};
\addlegendentry{\_Hungarian}

\addplot[color=green,mark=*] coordinates {
(1,0.4375931213868024)(2,0.5012229227729034)(3,0.5406621025482832)(4,0.5783555709536662)(5,0.5927564601559144)(6,0.608425135153144)(7,0.6348337322019739)(8,0.6403155793631355)(9,0.6452181680207485)(10,0.665596541777799)
};
\addlegendentry{\_Japanese}

\addplot[color=green,mark=*] coordinates {
(1,0.4441553843859568)(2,0.5341245497202654)(3,0.5654307452802175)(4,0.5939812170124099)(5,0.60500271902417)(6,0.617195423105019)(7,0.6337987792624082)(8,0.6420779524086963)(9,0.6492641608662192)(10,0.665643159184899)
};
\addlegendentry{Hungarian}

