size	dial	Natural_Neg	_Portuguese	_All_together	_French	_Hungarian
1	1	0.3441060665711001	0.3845207535172642	0.38866696224530284	0.3736411276546855	0.37666366327752804
2	2	0.4574314100244223	0.4647693044444695	0.4795865885216154	0.46944846863668266	0.4880108709840867
3	3	0.5050822015603808	0.5161640228760939	0.5316286515499863	0.5103502945187712	0.5322601039587462
4	4	0.5483481483933383	0.565762239239693	0.5831925485670604	0.5567505902876888	0.5846702360969094
5	5	0.5818479305030323	0.5906102368577895	0.6064270033772844	0.5818145788140454	0.6035766502255113
6	6	0.5863567518872775	0.5988508589375484	0.6187544034548036	0.5941486163027391	0.6135158337242969
7	7	0.6046494021284564	0.6051571216981998	0.6325546877044511	0.6034037587745131	0.6315024048243375
8	8	0.6326476531195148	0.6420126729215024	0.6574950393618849	0.6341224603369389	0.6534532349225481
9	9	0.637697008368842	0.6482340785188271	0.667060209736526	0.6449820398165997	0.6703763387882093
10	10	0.648668706794283	0.6571664366196865	0.6755985022829906	0.6536224969549622	0.6746078851358515