size	dial	Natural_Neg	_Portuguese	_All_together	_French	_Hungarian	_Japanese	Hungarian
1	1	0.49309919458260215	0.4895022877502678	0.5071748142737289	0.4986748029473526	0.5124530605646047	0.5088453536471975	0.5166728989710789
2	2	0.5857873662317021	0.5923348356807969	0.6140262596430169	0.5987664250371776	0.6025747346911304	0.599588045685987	0.6261915861203265
3	3	0.6213827928841605	0.6362615674375769	0.6546080915563638	0.6319274346679226	0.6519141463648654	0.6503544707403206	0.6681116608640166
4	4	0.6424276585314308	0.649985693723061	0.6804170428720727	0.6577666984575894	0.683592215901734	0.6812974696174439	0.6922569214820371
5	5	0.64933357158369	0.6636058768157205	0.6924371284512751	0.667718861489093	0.700543333667208	0.6952473996312059	0.7051679076561166
6	6	0.6726803759706529	0.6805515114139549	0.7109240612829315	0.6843674501398093	0.7118605175376765	0.7120062712274006	0.7158964335191397
7	7	0.7001805107985274	0.7123644342756317	0.7367285294610652	0.7155071538707143	0.7309660498681487	0.7366490490205966	0.7351962520070051
8	8	0.7119434602555883	0.7192904899631652	0.7425442507126407	0.7239739422231607	0.7356002600101571	0.7428474545045328	0.7450261938500746
9	9	0.7211796946101682	0.732521488875457	0.750497529022826	0.7319634380089268	0.7461215861093706	0.7493783685519837	0.7509848315069932
10	10	0.734739703143386	0.7487796966783123	0.7647097010883225	0.7447189783652353	0.7593853994095848	0.7649397469097026	0.7637860990947369