\addplot[color=green,mark=*] coordinates {
(1,1)(2,2)(3,3)(4,4)(5,5)(6,6)(7,7)(8,8)(9,9)(10,10)
};
\addlegendentry{dial}

\addplot[color=green,mark=*] coordinates {
(1,0.18175975827940288)(2,0.23458081021162952)(3,0.2674333338261891)(4,0.3523919511657744)(5,0.4135623231534544)(6,0.4221378034022011)(7,0.44946321346300816)(8,0.5255790850730542)(9,0.5174393720984932)(10,0.5311049646692227)
};
\addlegendentry{Natural\_Neg}

\addplot[color=green,mark=*] coordinates {
(1,0.2107124276016174)(2,0.23978366603542134)(3,0.2621959257477517)(4,0.34509586634298406)(5,0.4485058845556923)(6,0.4436117872551179)(7,0.4688884416535277)(8,0.5431121833870087)(9,0.5342102759404654)(10,0.5512588337699132)
};
\addlegendentry{\_Portuguese}

\addplot[color=green,mark=*] coordinates {
(1,0.29130331752584515)(2,0.26187439266769086)(3,0.33160782491455343)(4,0.4187687354293027)(5,0.48501839133115787)(6,0.4891944184804967)(7,0.5128118753780297)(8,0.556118372379014)(9,0.5591182221856029)(10,0.5813396509826284)
};
\addlegendentry{\_All\_together}

\addplot[color=green,mark=*] coordinates {
(1,0.21185296627567357)(2,0.24306353363676286)(3,0.2826923723821445)(4,0.3483624646483814)(5,0.4342248096121935)(6,0.43703586003938283)(7,0.46047367394136784)(8,0.52562206738316)(9,0.5240904276354506)(10,0.53928669277641)
};
\addlegendentry{\_French}

\addplot[color=green,mark=*] coordinates {
(1,0.29751746788197375)(2,0.2824682123767617)(3,0.3299632696260368)(4,0.4116761440442387)(5,0.49824205496096424)(6,0.48487915034986945)(7,0.5024092772639317)(8,0.5724197065419976)(9,0.5752654781108281)(10,0.5720446253867559)
};
\addlegendentry{\_Hungarian}

