size	dial	Natural	NLU_Tran_Yandex_Google	NLU_Tran_Yandex_Microsoft	NLU_Tran_Microsoft_Yandex	NLU_Tran_Microsoft_Google	NLU_Tran_All	Google	Yandex
1	1	0.369753098942048	0.369753098942048	0.369753098942048	0.369753098942048	0.369753098942048	0.369753098942048	0.369753098942048	0.369753098942048
2	2	0.49128249645800837	0.4909747014398058	0.48944278599375723	0.4865187561525728	0.4873192591670502	0.48870988904923085	0.48749358368843465	0.48987159641112
3	3	0.674671674869072	0.6536951393181234	0.6580120894817698	0.6468645877212683	0.6595674382488337	0.6165839232742123	0.6575270352295302	0.6328518372267522
4	4	0.6658302689575784	0.6453266582244189	0.6308172740279118	0.6755226671259014	0.6500404795155131	0.6639122450286685	0.6395738302910271	0.6656380407080521
5	5	0.623135535983488	0.6307067632224213	0.6202022485303669	0.6309832511546294	0.6384348357641118	0.6365925857531582	0.6262060900960376	0.641264527246384
6	6	0.6576012263685278	0.6449961271667266	0.6551475983390935	0.6638613827173065	0.6663661927431963	0.6437612837663425	0.6548805087830923	0.6462272871028433
7	7	0.6891705250204831	0.67137739784757	0.6756306405448438	0.6772836271134519	0.6759764845971408	0.6525776524283085	0.6759206626027485	0.6581513557573383
8	8	0.6788002906770668	0.6570751725233013	0.661470703358807	0.6689038460557859	0.6719721415274942	0.6563937396439181	0.6631333986085407	0.649869770196325
9	9	0.7300489748118163	0.6913183234028224	0.6791441215138929	0.6848613989134055	0.699662821425186	0.6844418862978415	0.7047828377744478	0.6795241906416123
10	10	0.7427667890418179	0.6916498471871726	0.6876670636940382	0.701354001744598	0.7069390029859094	0.7002209011567035	0.7202814338853939	0.6873522809081708
15	15	0.747096172439363	0.696819522851617	0.7102534493552897	0.7221206609934605	0.7288699139331128	0.7210588729335747	0.723798050666631	0.6990917096788484
20	20	0.7450354942917854	0.7050209274496835	0.6998052659132937	0.7052190225596493	0.7162208669151345	0.7168769414203784	0.7312560758520166	0.7018770395206306
25	25	0.7521299818318292	0.720235018211336	0.7192729741736829	0.7160069325969027	0.7373052875689704	0.7131692775953632	0.7448183368840723	0.7216909248201728
30	30	0.7794251714238749	0.745313889792939	0.7428012530378097	0.7470033183525545	0.7626747074533881	0.7503173212433896	0.7639971816928206	0.7529537232731992
35	35	0.7823033220612485	0.7586763518515672	0.7526014716615309	0.7498882728174227	0.769675521723179	0.7573906675019431	0.7638870805362814	0.7789868433713251
40	40	0.7703810796745951	0.77821371789997	0.768388839221837	0.7603055328627237	0.7760882247827394	0.7665875245810746	0.7798005179591622	0.7789733589538929
45	45	0.7876907310302425	0.7846316868049547	0.7864485156878951	0.7686907018339262	0.784453133785473	0.7736118596151995	0.7915117932476625	0.791892887958753
50	50	0.7910438883647533	0.7775928862568479	0.7825024902522998	0.7738088353539515	0.7877949608218062	0.7764231332984742	0.7944767070842917	0.7904087692547643