size	dial	Natural	NLU_Tran_Yandex_Google	NLU_Tran_Yandex_Microsoft	NLU_Tran_Microsoft_Yandex	NLU_Tran_Microsoft_Google	NLU_Tran_All	Google	Yandex
1	1	0.092438274735512	0.092438274735512	0.092438274735512	0.092438274735512	0.092438274735512	0.092438274735512	0.092438274735512	0.092438274735512
2	2	0.18504055357234098	0.1911271184088339	0.18711753351920418	0.1856116997545682	0.18831181153706172	0.1873020559569957	0.1875237487112931	0.18933284895213687
3	3	0.2635403177900444	0.2577116765079805	0.26382907903121344	0.2578948485254307	0.26644584503548063	0.25780343536887357	0.2675028021730764	0.26990361096762544
4	4	0.3081962268063666	0.2880780570768764	0.2866949038801951	0.2967750831227741	0.2927508303996251	0.2976698770066786	0.2878751355910131	0.29377937604624715
5	5	0.31116897369605323	0.2941899952808518	0.2953734029311822	0.2950082088687874	0.2914912850895312	0.30156175527148527	0.2973598265482757	0.3037417804120387
6	6	0.3468012320258867	0.3158329930978947	0.3148074335989937	0.31471800919564663	0.3224228803325913	0.3257182198166522	0.32729239254048387	0.32137841709752196
7	7	0.39619290683300423	0.3559529227025172	0.34504786125150966	0.3371547789278142	0.3502707679012205	0.3467895347591953	0.35807799548406727	0.3671395285213287
8	8	0.3947270822331516	0.35904520887045843	0.34272881083553386	0.33374261947637524	0.34689027613905543	0.34310883026897326	0.3529184311644459	0.3608254014213962
9	9	0.41554620939448894	0.3684892487695976	0.358207650778931	0.3544617534396942	0.36250410549821754	0.3604309649483027	0.3764619546935256	0.3732762081187259
10	10	0.432996939347992	0.3894433875013432	0.3852721657268944	0.38766579807058293	0.3886621692753404	0.38620382148144045	0.4115742204385562	0.3980911618690366
15	15	0.4792432481533814	0.44717556624595645	0.44995830908213036	0.4453660930319054	0.45649620798237056	0.4688609852779132	0.44782297534493765	0.47264881864927755
20	20	0.5087309680660377	0.4286920832442213	0.44234418882762244	0.45192506600561855	0.45575982040559876	0.48754622743878845	0.45213116575659884	0.4744362216077178
25	25	0.5354269272645445	0.5105309478672566	0.5249606555864142	0.5249542364655968	0.5281225028519391	0.5158645096337795	0.5401014751428397	0.5337328263516634
30	30	0.5760348552621528	0.5362663202465413	0.5665531346612359	0.5485030974338748	0.5489982768683082	0.5602828331303552	0.5577994139215275	0.5690184536166292
35	35	0.5769957512239425	0.5902508650607384	0.6067602049395135	0.5857269904483038	0.5898225010086863	0.6058277522011918	0.6053951768003734	0.6148162430435167
40	40	0.5732497740113824	0.5922873163448423	0.6062197909229851	0.5921666443767688	0.5965268417732006	0.6102755853538753	0.6168776345124408	0.6129041503450867
45	45	0.6144672586320654	0.6219311835710293	0.6498486994173364	0.6155859349921836	0.637078680444254	0.6361455625936747	0.6381935934496086	0.6447946043948558
50	50	0.610130227333195	0.6230001158870152	0.6409569077857517	0.6217768496289523	0.6406593812514585	0.6359372743447468	0.6392019575821433	0.6453465839016932