size	dial	Natural	NLU_Tran_Yandex_Google	NLU_Tran_Yandex_Microsoft	NLU_Tran_Microsoft_Yandex	NLU_Tran_Microsoft_Google	NLU_Tran_All	Google	Yandex
1	1	null	null	null	null	null	null	null	null
2	2	null	null	null	null	null	null	null	null
3	3	0.7484360414558759	0.731927799093436	0.7283543370405912	0.6983885807567457	0.7236365303504222	0.7229587138391886	0.7307630536512292	0.713828311191181
4	4	0.7737500075399497	0.7191792799864308	0.7317492912464277	0.7478633764416278	0.7418912291650758	0.7443121180689507	0.7332169127680057	0.7450281356077564
5	5	0.8547556252037423	0.7861323712365398	0.7443165795366069	0.8087021896477916	0.8197227072303581	0.7933430597710107	0.8280372324494021	0.8054164089202608
6	6	0.8432565004267378	0.7911244141721465	0.7701798736751033	0.8195431949947644	0.8144002946779505	0.7993937715791877	0.8105376257023602	0.7962355911145442
7	7	0.8449808131265852	0.800493429377593	0.7833814447085269	0.819498622505939	0.8193876414545735	0.8030283380647342	0.8213501816079305	0.7809248635955198
8	8	0.8106819519776558	0.7929734161101257	0.7856501138325637	0.8066686423490068	0.8020280946990981	0.8009992450784094	0.7982500710015966	0.7760381537213716
9	9	0.8541343229462395	0.813493128827392	0.7759254560639287	0.8466137180491135	0.8363880896987345	0.8175098434939413	0.8302756445394701	0.8047913670823166
10	10	0.8545304386258902	0.8151416813808137	0.7942475471568905	0.8440955665648348	0.8349728511634564	0.8160537190642649	0.8319480974726856	0.8047876518433362
15	15	0.8874413636069006	0.8357390515471321	0.842044416874818	0.8817358114038809	0.8665114413511862	0.8583632431785873	0.8663864755121533	0.8526794263306948
20	20	0.8837053189648818	0.849633961328766	0.8457121999642325	0.8749734119283936	0.8679043655454649	0.8516039408471746	0.8756406647744136	0.8491521841874876
25	25	0.8887910589540068	0.8530968174714625	0.8526934412992453	0.8715323277134818	0.8718309654851139	0.8576032954754218	0.8727182311231443	0.8579067413933814
30	30	0.8979441552134124	0.8559211907083887	0.8575595342490343	0.878468961714306	0.8793284103271566	0.8628162323684606	0.8751026163998266	0.8683305882608991
35	35	0.9045277310214253	0.8653892267648157	0.85987300377779	0.8792503525262656	0.877697339454562	0.8657562543305357	0.8689218275761441	0.8821539557165305
40	40	0.9052999366305807	0.8810494714958844	0.8705415535761366	0.8916731749680098	0.8834610183505355	0.8740035708810432	0.8773005242914618	0.8896203471130832
45	45	0.9072067697683301	0.884101394230778	0.8802087193938666	0.8954273285864334	0.8809407385847082	0.876411026426663	0.8804026635129059	0.8945414813826208
50	50	0.9087998996433558	0.8809895061538227	0.8770750665532079	0.8941344669514424	0.8816348034811042	0.8734001832461047	0.8801811450341681	0.8935714113023826