size	dial	Natural	NLU_Tran_Yandex_Google	NLU_Tran_Yandex_Microsoft	NLU_Tran_Microsoft_Yandex	NLU_Tran_Microsoft_Google	NLU_Tran_All	Google	Yandex
1	1	0.37442628948712964	0.37442628948712964	0.37442628948712964	0.37442628948712964	0.37442628948712964	0.37442628948712964	0.37442628948712964	0.37442628948712964
2	2	0.48664197803531417	0.49584759854400823	0.4942630938846876	0.49080157391122164	0.49210560562340866	0.49408151200806855	0.49249390336368987	0.4952382169550365
3	3	0.6018894428153356	0.6127063604088301	0.6182484261307792	0.6096604739932989	0.6325116199576165	0.61645543156423	0.6151523253172841	0.5961896629230269
4	4	0.637616722158781	0.6455297912684897	0.6296735162348035	0.656823537115421	0.6514722154822408	0.6550895477379364	0.6403932863978832	0.6498239707693665
5	5	0.5717171683822678	0.6220844606728446	0.6014181534287497	0.6337904476415792	0.6267779707349248	0.6390284163693016	0.6094257226518012	0.6302867666075644
6	6	0.5646213548361104	0.601517034982712	0.5802272586213438	0.6462169166950325	0.6320653704419665	0.6193565361598168	0.6182519742473626	0.5959411556066544
7	7	0.5523691097989223	0.6045052384633242	0.6003031869295647	0.6491970627667234	0.6354177110786289	0.6307666896509234	0.6316647361485757	0.5946258258821275
8	8	0.5739829534876059	0.6078737179218351	0.6106851420036989	0.6526516237664847	0.6380983564109503	0.6361176915047728	0.6334539201514341	0.6006855612704081
9	9	0.6193493276106106	0.6303715789491061	0.625249081458121	0.6601279746091319	0.6570261093937306	0.6606715231361691	0.6743143579237147	0.6288584510112949
10	10	0.620612528433468	0.6346681618412217	0.6272828515726829	0.6605945403470841	0.6618168653569059	0.6623925052687217	0.6700229787760275	0.6328907378536404
15	15	0.6024656054495404	0.6201552761873017	0.5948495684046446	0.6514332355081197	0.6463394638788125	0.646778847428471	0.6367888989880681	0.6112878485897366
20	20	0.5969346949059394	0.6171853116559318	0.6110236774633566	0.6483956053275114	0.6496641690924092	0.6439804598039627	0.6310217274600503	0.6197014329627322
25	25	0.608441572127871	0.6385347730136144	0.6215484231218701	0.6419322981990009	0.6544433512636609	0.6560183908440893	0.6352726840043931	0.6297408668477952
30	30	0.6201355760823418	0.6542597415076117	0.6469460302076839	0.6727173133541189	0.6727235747532224	0.6774552916228369	0.6631089040502507	0.667549246447256
35	35	0.6249233029791863	0.6640447714007697	0.6522300725741187	0.6839670931617584	0.6794447958717714	0.691012985005505	0.672671879532648	0.6711492246033841
40	40	0.6376013118634278	0.6842956059769523	0.6798227474714589	0.696076337069796	0.6940948883609698	0.7014410063133057	0.6707631191138008	0.6911134341197325
45	45	0.6573403583951226	0.7040456463220242	0.6998326296058501	0.7077104939449923	0.709480932361632	0.7115277841584249	0.685142874525753	0.7067429788118427
50	50	0.6748303768420072	0.7119148533081123	0.7002909999729721	0.7154243352357008	0.7146946256490133	0.722060592239131	0.6976686880980884	0.7082168772917792