size	dial	Natural	NLU_Tran_Yandex_Google	NLU_Tran_Yandex_Microsoft	NLU_Tran_Microsoft_Yandex	NLU_Tran_Microsoft_Google	NLU_Tran_All	Google	Yandex
1	1	0.3720736281304689	0.3720736281304689	0.3720736281304689	0.3720736281304689	0.3720736281304689	0.3720736281304689	0.3720736281304689	0.3720736281304689
2	2	0.48622539488899597	0.49338534134638595	0.49182457207777414	0.4885822981650323	0.4896822226944102	0.49137755782172743	0.4899692950755109	0.49253684308978307
3	3	0.6106636325510443	0.6237046599087323	0.6294383864369861	0.6205319102484463	0.6418821087788749	0.6162921631931497	0.6268257272819299	0.6056098003179052
4	4	0.6495289144125478	0.6453626370711463	0.6301140204199787	0.6644625222480016	0.6507072199444327	0.6588848147607732	0.639926240688105	0.6563070916669146
5	5	0.5931928736545501	0.6260331407032195	0.6097685653607623	0.6323544634253804	0.6319919768208828	0.637712744107249	0.6169302132344243	0.6352894957067436
6	6	0.6017685689362982	0.6202289046656329	0.609896149353678	0.6542205832005582	0.6469128378076394	0.6291695562997508	0.6338450550919609	0.617333901040486
7	7	0.6028711691060188	0.6331763919137515	0.6298030778474787	0.6620655994780551	0.652968075673525	0.6395787572258385	0.6508262881276841	0.6221191962734424
8	8	0.6178645894363639	0.6293401678014042	0.6317432097874636	0.6599834604523375	0.6526942329490256	0.6441545243638745	0.6460169028095042	0.6221084111461961
9	9	0.6664507432180601	0.6581851651801087	0.6496664682970107	0.6707657746330584	0.6764315568666632	0.6715776567369411	0.6881807960023753	0.6516376460913154
10	10	0.6732686464476367	0.6606668365480051	0.6545039953244294	0.6787738908261843	0.6825980671069816	0.6802590907440502	0.6928900444190136	0.6576075765750632
15	15	0.660942427163734	0.6523970799633984	0.6440773627666433	0.6800899917519431	0.6807175378566555	0.6792764792637591	0.6729424634660089	0.6479931964801305
20	20	0.6582223375769497	0.6543061849603944	0.6490370877472847	0.6720291573283861	0.676357960782095	0.6757846001269131	0.6728806289493557	0.6551549953761646
25	25	0.6685893824521798	0.6737311679543978	0.6632779639947	0.6729399979520257	0.6897577371906001	0.6811495033537714	0.6826834719199135	0.6695260650436321
30	30	0.6882540602695473	0.6950524212116371	0.6894209773033084	0.7056660297836006	0.7133254112075534	0.7107818281195378	0.7086301028782639	0.7065454367536399
35	35	0.692414543269102	0.7071527523043067	0.6973868912395771	0.7140401303760031	0.7206927118453508	0.7221073401781058	0.7142792065455008	0.7205501708021321
40	40	0.6958426218796581	0.7277254674956657	0.7205806440856747	0.7259181435883553	0.7319758892934987	0.7319802478166225	0.7200125881301241	0.7317395111381858
45	45	0.7150363683901438	0.7415148606118376	0.740134608333112	0.7364998924227034	0.7444115186205676	0.7409318400397867	0.7336932294857159	0.7460179462376718
50	50	0.7270926067497303	0.7428288476599738	0.7386118729864758	0.743309347627856	0.7486352878545696	0.7479089192045082	0.7420242511390893	0.7460532677131873