size	dial	Natural	NLU_Tran_Yandex_Google	NLU_Tran_Yandex_Microsoft	NLU_Tran_Microsoft_Yandex	NLU_Tran_Microsoft_Google	NLU_Tran_All	Google	Yandex
1	1	0.33012246941297996	0.33012246941297996	0.33012246941297996	0.33012246941297996	0.33012246941297996	0.33012246941297996	0.33012246941297996	0.33012246941297996
2	2	0.4405715726181594	0.4420853434690569	0.44066270737523716	0.44131730890251114	0.4394704478853065	0.43840382186017435	0.4382795633706035	0.4394804511503166
3	3	0.5473990318762741	0.5543938171837814	0.5582359686722029	0.5502392535333589	0.5720034503499098	0.5491548824258564	0.5563898232046112	0.5382077928031979
4	4	0.5842309803364545	0.5817758785938719	0.5671428444222204	0.596719345790494	0.586702843806982	0.5920183036985502	0.5761025663739254	0.5894016630931864
5	5	0.5248382620342512	0.5604934863156105	0.5437350051167561	0.5682493322423412	0.5649539341595198	0.5731580899423807	0.5516567920908572	0.5680346060029826
6	6	0.5220891763465024	0.5424758577864923	0.5306481659074669	0.5828042731767932	0.5720220968212707	0.5518070445829999	0.557819213235027	0.5377137661181178
7	7	0.523540494327636	0.5543005881395586	0.5518216083546488	0.586827664807337	0.5748078736840715	0.5611537839772947	0.5720784573807411	0.5428728857367151
8	8	0.5384221519328133	0.5506579011862242	0.5548727209836188	0.5859488383360761	0.5724607537670615	0.5658181600975681	0.5691036477945162	0.5430748165025537
9	9	0.5823638175765882	0.5764240585758391	0.5713936359893534	0.5954853555952994	0.5938145974556917	0.5912333552152172	0.610518551184142	0.5718121694057541
10	10	0.5825208360458163	0.5709384753214363	0.5654580582717393	0.5957581670790614	0.5980530608839421	0.5945954603822925	0.6071213877179219	0.5706719226700884
15	15	0.5680561191547729	0.5620363247781467	0.5519599026498241	0.5912997569919998	0.5894457727142639	0.5925193815798114	0.5851241352664441	0.5586732452974197
20	20	0.5619509907199387	0.560213838269715	0.5607768171991745	0.5828386890049442	0.5868540166782946	0.5874891954365826	0.5833070771326367	0.5682022712115915
25	25	0.572422939340772	0.581354643906742	0.5702706351791882	0.5805624785029099	0.5951282605671555	0.5945816396062472	0.5902684006774118	0.5816338794906113
30	30	0.5846884766762943	0.6001924373468264	0.5944580361751723	0.6097661603118282	0.6169641396431959	0.617727069475107	0.6136314705728543	0.6139149138733052
35	35	0.5870884855188854	0.6102714490291731	0.6018985657822454	0.6154866994597648	0.6249923755800149	0.6261685595871347	0.6189441196447353	0.6238075966609039
40	40	0.5925038729673137	0.629708517398771	0.6252998537543045	0.6286451853436513	0.6357916460122909	0.6361640664130317	0.6201915932073799	0.6351791926571082
45	45	0.6094971185743189	0.6433563958500061	0.6453926985203308	0.6399022229940688	0.6483835544115841	0.647629215250147	0.6354105244511451	0.6485128015397844
50	50	0.6224322772775667	0.6446622562951341	0.6419105082404878	0.6507355622261407	0.6542755608727049	0.654877475285389	0.6436798119015331	0.6484736017808673