size	dial	Natural	NLU_Tran_Yandex_Google	NLU_Tran_Yandex_Microsoft	NLU_Tran_Microsoft_Yandex	NLU_Tran_Microsoft_Google	NLU_Tran_All	Google	Yandex
1	1	0.5	0.5	0.5	0.5	0.5	0.5	0.5	0.5
2	2	0.6938441443966099	0.6993850792007851	0.7028814437408886	0.7000536682773549	0.6948599125737854	0.7023161657086416	0.6992857778131298	0.7006372443414675
3	3	0.8981036967800897	0.9108537537563913	0.9332312737937378	0.9379185254921856	0.9613382160483864	0.928009805367598	0.9253118203021338	0.8923523833849503
4	4	0.9231066554279594	0.9510201000520837	0.9204588963642821	0.9710464384704283	0.950833736497756	0.9542186193483587	0.9357937221203787	0.9523539732417173
5	5	0.7714061663820179	0.8737259323989136	0.8632751999119547	0.889997787884378	0.8707903894735287	0.8998870033213926	0.8442243877953679	0.8965817330822846
6	6	0.7729751713596406	0.8419564170252871	0.820759014822903	0.9004543193532513	0.8798296621113041	0.8597072391957827	0.8597903004680768	0.830117985254301
7	7	0.7825376129294686	0.8539656935898972	0.8487652089440578	0.9153575370153446	0.8842136843528563	0.875505187414587	0.8852479033700795	0.8569855253182459
8	8	0.8243298226811382	0.8576881690710151	0.8537339032604763	0.9190038833457667	0.8904827082236535	0.8817601554623019	0.8924155286827421	0.8647409371022426
9	9	0.8823887818029579	0.8957433423091745	0.885135987147277	0.909882073090356	0.9104605729636737	0.9117133550200969	0.9385104306894663	0.9001198076389789
10	10	0.8808983461496181	0.8950359754191715	0.8884646667215377	0.9074613120318423	0.9105921393175812	0.9085225094386062	0.9337566278840553	0.8974143251514505
15	15	0.8298908712105659	0.8383841624162658	0.824686896787588	0.8652615503805181	0.8705636547735474	0.8584010918565788	0.8730032548662919	0.8335081773244509
20	20	0.8275073564421132	0.8373986617281262	0.8347175601677261	0.8605316216509917	0.8701044659410908	0.8558045328674202	0.8607453521702457	0.8424891752154313
25	25	0.827910812375794	0.866759499660388	0.8458299981687112	0.8508260537598676	0.8750776703116905	0.871764124631629	0.865070621548276	0.8627351754936523
30	30	0.8552106519978725	0.8989155848577356	0.8832981171422777	0.9022997042262538	0.9108440398155269	0.9061687795185103	0.9097326863169144	0.9166138509951371
35	35	0.8507074612811865	0.8967802638164144	0.8845437422402238	0.9016353461121698	0.9013319231768229	0.9078816009063149	0.9062218659431004	0.9120182369305769
40	40	0.8517272920919563	0.9176192430771823	0.9109179691730803	0.9131331285777055	0.9148322720512283	0.9131892948459674	0.899268106389495	0.9283436356838262
45	45	0.8728214155586362	0.922668448166997	0.9192583919046262	0.9178509559556277	0.9234130892878186	0.9196242447231932	0.9059662321310243	0.9333690205380731
50	50	0.898462733696246	0.9255296447535789	0.9240935946135871	0.9272671959300925	0.9293319436168611	0.9346541335503755	0.9212325890030071	0.932640041503175