\addplot[color=green,mark=*] coordinates {
(5,5)(10,10)(15,15)(20,20)(25,25)(30,30)(35,35)(40,40)(45,45)(50,50)(55,55)(60,60)
};
\addlegendentry{dial}

\addplot[color=green,mark=*] coordinates {
(5,0.6226485045842459)(10,0.7430201114868139)(15,0.7463979675839807)(20,0.7442285062933369)(25,0.7503194388237266)(30,0.7786571906082467)(35,0.7834038612780059)(40,0.7709275867980654)(45,0.7888509845298274)(50,0.7919308876588389)(55,0.7986800879549034)(60,0.8096231402217835)
};
\addlegendentry{Natural}

\addplot[color=green,mark=*] coordinates {
(5,0.5787497683020578)(10,0.681211965389857)(15,0.6706230161476826)(20,0.5610499463607338)(25,0.5412024753490907)(30,0.6457363878366656)(35,0.6442668420211065)(40,0.6495252317281505)(45,0.65598601319107)(50,0.6535314677365245)(55,0.6273363256663076)(60,0.6081084176150197)
};
\addlegendentry{Undersampled}

\addplot[color=green,mark=*] coordinates {
(5,0.6226485045842459)(10,0.7430201114868139)(15,0.7463633791296977)(20,0.7440634781190117)(25,0.7502560138146448)(30,0.7746139030253625)(35,0.7789423969085112)(40,0.7667874176298249)(45,0.7863726088493332)(50,0.790034908498541)(55,0.79547358574038)(60,0.8053943715757246)
};
\addlegendentry{Oversampled}

\addplot[color=green,mark=*] coordinates {
(5,0.39273269653922294)(10,0.5423793779291317)(15,0.6272129252200254)(20,0.6384842348089284)(25,0.6684185178382941)(30,0.6731370941312395)(35,0.6768749071218115)(40,0.6979099592637077)(45,0.7052610303278362)(50,0.7021507581581534)(55,0.7071298457309895)(60,0.7174482079954417)
};
\addlegendentry{Biased\_with\_rephrase}

\addplot[color=green,mark=*] coordinates {
(5,0.6410057467963772)(10,0.6517591296717168)(15,0.7140747241721039)(20,0.7550848091182372)(25,0.7906899017927524)(30,0.7892448639137102)(35,0.7952478511564793)(40,0.8022753809809349)(45,0.8038754524877894)(50,0.8038398822358142)(55,0.807169585704617)(60,0.8107490322164788)
};
\addlegendentry{Biased\_no\_rephrase}

