\addplot[color=green,mark=*] coordinates {
(5,5)(10,10)(15,15)(20,20)(25,25)(30,30)(35,35)(40,40)(45,45)(50,50)(55,55)(60,60)
};
\addlegendentry{dial}

\addplot[color=green,mark=*] coordinates {
(5,0.7487352963271047)(10,0.8515518980507037)(15,0.8269154506554776)(20,0.8143406365443268)(25,0.8227520607586397)(30,0.860816213074072)(35,0.8634457808373076)(40,0.8628053908001094)(45,0.8781064502497742)(50,0.8987900538768606)(55,0.8998827207409181)(60,0.907041081747864)
};
\addlegendentry{Natural}

\addplot[color=green,mark=*] coordinates {
(5,0.7444879471684331)(10,0.6534382241431289)(15,0.53154374011567)(20,0.46535276981774726)(25,0.4398153429588831)(30,0.5444244922060681)(35,0.5491776653686238)(40,0.5730463473720299)(45,0.5682525130753054)(50,0.5769699169245552)(55,0.5577507396387762)(60,0.5514892304280836)
};
\addlegendentry{Undersampled}

\addplot[color=green,mark=*] coordinates {
(5,0.7487352963271047)(10,0.8515518980507037)(15,0.8269154506554776)(20,0.8143406365443268)(25,0.8227520607586397)(30,0.860816213074072)(35,0.8634457808373076)(40,0.8628053908001094)(45,0.8781064502497742)(50,0.8987900538768606)(55,0.899930596972166)(60,0.906968250552058)
};
\addlegendentry{Oversampled}

\addplot[color=green,mark=*] coordinates {
(5,0.3066063208918005)(10,0.551752823255517)(15,0.7407638190685273)(20,0.763829089089715)(25,0.8234566016062217)(30,0.8169944195120735)(35,0.8072154366034944)(40,0.8269632220554687)(45,0.8499074519738656)(50,0.8293471749932209)(55,0.8360026518500774)(60,0.837119110135454)
};
\addlegendentry{Biased\_with\_rephrase}

\addplot[color=green,mark=*] coordinates {
(5,0.7182437766710252)(10,0.704467900662185)(15,0.8563236719370414)(20,0.8811144193899493)(25,0.9245379098362566)(30,0.9216641380947032)(35,0.9198275739756753)(40,0.9218158781524306)(45,0.9237889118782311)(50,0.9259454914620916)(55,0.9277423608427409)(60,0.9260484416171902)
};
\addlegendentry{Biased\_no\_rephrase}

