size	dial	Natural	Undersampled	Oversampled	Biased_with_rephrase	Biased_no_rephrase
5	5	0.35622109307892086	0.354680634475684	0.35622109307892086	0.2894578026809654	0.3306584492310246
10	10	0.3575588733007994	0.2986106760386068	0.3575588733007994	0.3469495180006726	0.3546976282508596
15	15	0.3677196874676106	0.249319574961626	0.3677196874676106	0.39529539447723006	0.41704484857436
20	20	0.3730793452796455	0.2694550558660929	0.3730227841936726	0.4009955805547475	0.44027434199687515
25	25	0.3988548762538382	0.2738712134505934	0.3988548762538382	0.4424574982950797	0.47050901978475396
30	30	0.39752163203124125	0.2758005894413155	0.3993995663035417	0.4658427013691025	0.48482520797840756
35	35	0.40444855288992115	0.277119639582376	0.4065612289462591	0.47934374516866185	0.4915099816319589
40	40	0.42222733124897893	0.2894987114116623	0.4289174720940493	0.5056517565099014	0.5011406109780431
45	45	0.4371046188471677	0.2898654561684673	0.440107547421852	0.5322300060257836	0.5158861091789441
50	50	0.4474130997781134	0.29358435102939195	0.4505234284166111	0.5387062673561653	0.5314209240039126
55	55	0.4573012104875973	0.3085406596446809	0.46418828503271137	0.5518401579283465	0.5448065569919371
60	60	0.4591290010382938	0.3221009995316692	0.4661446331594523	0.5677024503283523	0.5556359513878052