\addplot[color=green,mark=*] coordinates {
(5,5)(10,10)(15,15)(20,20)(25,25)(30,30)(35,35)(40,40)(45,45)(50,50)(55,55)(60,60)
};
\addlegendentry{dial}

\addplot[color=green,mark=*] coordinates {
(5,null)(10,null)(15,0.4809410392247647)(20,0.6442724580231494)(25,null)(30,0.5666079233411303)(35,0.5806647850761005)(40,0.5781512400873678)(45,0.600114316899175)(50,0.6299324124077124)(55,0.6374443273559114)(60,0.641719888492052)
};
\addlegendentry{Natural}

\addplot[color=green,mark=*] coordinates {
(5,null)(10,null)(15,0.4425789547060398)(20,0.45287453942954714)(25,null)(30,0.4677548525204195)(35,0.4825483421785714)(40,0.5050454173771224)(45,0.5169916199087679)(50,0.5202135410168678)(55,0.5393753478862482)(60,0.5466063884506221)
};
\addlegendentry{Undersampled}

\addplot[color=green,mark=*] coordinates {
(5,null)(10,null)(15,0.480881363180434)(20,0.6441948674826383)(25,null)(30,0.5493353958506193)(35,0.5610012022333757)(40,0.5537966789858187)(45,0.5879075650395527)(50,0.6190823814223789)(55,0.6150749448912044)(60,0.6169871733882178)
};
\addlegendentry{Oversampled}

\addplot[color=green,mark=*] coordinates {
(5,0.3410797381243017)(10,0.40858524206423086)(15,0.4389999478969223)(20,0.41666173129523365)(25,0.45385202868680946)(30,0.46170665943771666)(35,0.4897673007605885)(40,0.5027610121486108)(45,0.5118763104309669)(50,0.5354762252737186)(55,0.5445581372614503)(60,0.5507958774853428)
};
\addlegendentry{Biased\_with\_rephrase}

\addplot[color=green,mark=*] coordinates {
(5,null)(10,0.5027522720687874)(15,0.48291241077437963)(20,0.5141805169227484)(25,0.5363928330446648)(30,0.5462128988924866)(35,0.5591546032012379)(40,0.5967590686857129)(45,0.6009287203102298)(50,0.5896010168516053)(55,0.604246800883081)(60,0.6135558002730113)
};
\addlegendentry{Biased\_no\_rephrase}

