size	dial	Natural	Undersampled	Oversampled	Biased_with_rephrase	Biased_no_rephrase
5	5	0.7487352963271047	0.7444879471684331	0.7487352963271047	0.3066063208918005	0.7182437766710252
10	10	0.8515518980507037	0.6534382241431289	0.8515518980507037	0.551752823255517	0.704467900662185
15	15	0.8269154506554776	0.53154374011567	0.8269154506554776	0.7407638190685273	0.8563236719370414
20	20	0.8143406365443268	0.46535276981774726	0.8143406365443268	0.763829089089715	0.8811144193899493
25	25	0.8227520607586397	0.4398153429588831	0.8227520607586397	0.8234566016062217	0.9245379098362566
30	30	0.860816213074072	0.5444244922060681	0.860816213074072	0.8169944195120735	0.9216641380947032
35	35	0.8634457808373076	0.5491776653686238	0.8634457808373076	0.8072154366034944	0.9198275739756753
40	40	0.8628053908001094	0.5730463473720299	0.8628053908001094	0.8269632220554687	0.9218158781524306
45	45	0.8781064502497742	0.5682525130753054	0.8781064502497742	0.8499074519738656	0.9237889118782311
50	50	0.8987900538768606	0.5769699169245552	0.8987900538768606	0.8293471749932209	0.9259454914620916
55	55	0.8998827207409181	0.5577507396387762	0.899930596972166	0.8360026518500774	0.9277423608427409
60	60	0.907041081747864	0.5514892304280836	0.906968250552058	0.837119110135454	0.9260484416171902