\addplot[color=green,mark=*] coordinates {
(5,5)(10,10)(15,15)(20,20)(25,25)(30,30)(35,35)(40,40)(45,45)(50,50)(55,55)(60,60)
};
\addlegendentry{dial}

\addplot[color=green,mark=*] coordinates {
(5,0.08597078358579797)(10,0.05905096409410926)(15,0.10099703948151104)(20,0.12845734343688053)(25,0.12340879065855608)(30,0.13681262479869566)(35,0.20129448431825292)(40,0.22372645782020295)(45,0.22950702941168352)(50,0.24578501751138035)(55,0.2531446635906663)(60,0.25715125488473267)
};
\addlegendentry{Natural}

\addplot[color=green,mark=*] coordinates {
(5,0.08431249399081046)(10,0.03317658636450784)(15,0.06626082920265383)(20,0.1092550710144988)(25,0.1255438258500436)(30,0.14359107905964372)(35,0.1410815280853135)(40,0.14644670619199646)(45,0.14641009781712672)(50,0.1538175052245341)(55,0.18382416547831254)(60,0.20004201265338986)
};
\addlegendentry{Undersampled}

\addplot[color=green,mark=*] coordinates {
(5,0.08597078358579797)(10,0.05905096409410926)(15,0.10099703948151104)(20,0.12824763016808574)(25,0.12340879065855608)(30,0.13681262479869566)(35,0.20129448431825292)(40,0.22372645782020295)(45,0.23048038350013694)(50,0.24578501751138035)(55,0.25436950691797544)(60,0.25857209145666)
};
\addlegendentry{Oversampled}

\addplot[color=green,mark=*] coordinates {
(5,0.07431795939665628)(10,0.12892366849577788)(15,0.17709000265865066)(20,0.19402356153686717)(25,0.2155393810022848)(30,0.2348145277377487)(35,0.2635092753063759)(40,0.2891228876434569)(45,0.2973522450213174)(50,0.33144054081203894)(55,0.33919823413466693)(60,0.3581912176584857)
};
\addlegendentry{Biased\_with\_rephrase}

\addplot[color=green,mark=*] coordinates {
(5,0.050665638380276566)(10,0.14949808235028453)(15,0.1815625564546225)(20,0.22730588827048762)(25,0.26225461732811906)(30,0.3048778614073821)(35,0.3238106838135882)(40,0.3358368900415324)(45,0.34534447712423766)(50,0.35097133782191586)(55,0.3416129396250614)(60,0.35147333689873406)
};
\addlegendentry{Biased\_no\_rephrase}

