\addplot[color=green,mark=*] coordinates {
(5,5)(10,10)(15,15)(20,20)(25,25)(30,30)(35,35)(40,40)(45,45)(50,50)(55,55)(60,60)
};
\addlegendentry{dial}

\addplot[color=green,mark=*] coordinates {
(5,0.30999158955910155)(10,0.4320643607609679)(15,0.4780385560044089)(20,0.5063162264191181)(25,0.5323412578553841)(30,0.571951157113341)(35,0.5825002090285254)(40,0.5767509927363433)(45,0.6170242736978518)(50,0.6146412289984159)(55,0.6687029560759559)(60,0.6992713205072248)
};
\addlegendentry{Natural}

\addplot[color=green,mark=*] coordinates {
(5,0.2705294246660276)(10,0.38047684318252106)(15,0.41832859649282683)(20,0.4044280329834127)(25,0.47306419823601076)(30,0.4763256178127372)(35,0.49625940419682885)(40,0.4968907876267344)(45,0.5148449010457317)(50,0.5209935919576185)(55,0.5643424184828901)(60,0.5779092971768677)
};
\addlegendentry{Undersampled}

\addplot[color=green,mark=*] coordinates {
(5,0.30999158955910155)(10,0.4320643607609679)(15,0.47802363699332623)(20,0.5061411270296043)(25,0.5323082385463935)(30,0.5676330252407131)(35,0.5775843133178442)(40,0.5706802650475336)(45,0.6139992330197679)(50,0.6119287212520825)(55,0.6635913338655671)(60,0.692153578314173)
};
\addlegendentry{Oversampled}

\addplot[color=green,mark=*] coordinates {
(5,0.31905667880297417)(10,0.417326955339212)(15,0.45168588333676407)(20,0.47638625498723614)(25,0.5218437752601772)(30,0.5320058074721193)(35,0.5643626437827621)(40,0.5746009262866918)(45,0.5796479173054414)(50,0.5764807266200516)(55,0.5882136585877445)(60,0.603652861358227)
};
\addlegendentry{Biased\_with\_rephrase}

\addplot[color=green,mark=*] coordinates {
(5,0.4058148194698113)(10,0.49303772738999097)(15,0.5410026168288218)(20,0.6060238987960233)(25,0.6167769251140698)(30,0.6229054525875425)(35,0.6309373355040392)(40,0.6461850192590143)(45,0.6439918961232635)(50,0.6684344974838476)(55,0.6845587339841096)(60,0.6921591707380101)
};
\addlegendentry{Biased\_no\_rephrase}

