size	dial	Natural	Undersampled	Oversampled	Biased_with_rephrase	Biased_no_rephrase
5	5	0.46130562080270365	0.470153385546043	0.46130562080270365	0.7176244249401141	0.4530506039719763
10	10	0.46373631102940954	0.43694495380895787	0.46373631102940954	0.6752047607728107	0.5026023819872139
15	15	0.5057124976383937	0.3819050945899354	0.5057124976383937	0.6032703932752838	0.5420139667651498
20	20	0.4347530087677547	0.4621954207436942	0.4345267644238633	0.584766410324063	0.5384567273081494
25	25	0.492361223795507	0.42807626732048104	0.492361223795507	0.5932674775329707	0.5390524386494924
30	30	0.45558475846179947	0.3560012877176165	0.4630964955510013	0.6108314820415366	0.5700849923067379
35	35	0.4480762431499244	0.35102009913591264	0.4565269473752765	0.6272668848892285	0.5764578273759478
40	40	0.49833471825315423	0.34877005264734884	0.5250952816334358	0.6588842321434318	0.5741072441079612
45	45	0.5405125711622656	0.34645523783253407	0.5513106932279933	0.7064614586564106	0.6027118995669347
50	50	0.5304184180741306	0.347450262708156	0.5428597326281211	0.7100440052095629	0.6359670069966017
55	55	0.5284655367093472	0.3481301743231381	0.5547486077379259	0.7429343286451652	0.6756203854399804
60	60	0.5215940256502228	0.36454808477089923	0.5476100191499225	0.7860322989867397	0.6827380028803061