size	dial	Natural	Undersampled	Oversampled	Biased_with_rephrase	Biased_no_rephrase
5	5	0.8562557082486816	0.8092016063486875	0.8562557082486816	null	null
10	10	0.8576074440415946	0.8521190544449844	0.8576074440415946	null	null
15	15	0.8880069736961366	null	0.8880069736961366	0.9219258675126449	0.9118721903104297
20	20	0.8839034881578337	null	0.8839034881578337	0.9171085873398799	0.9298562283880084
25	25	0.8885139989891406	null	0.8885139989891406	0.9281364998914517	0.9386205253104757
30	30	0.8981458921038247	0.8985311126763692	0.8981458921038247	0.9256445613165234	0.943859179335757
35	35	0.9042800676314651	0.9100568920431652	0.9042800676314651	0.9284362263642716	0.939749790211246
40	40	0.9046736281825671	0.9099225078252478	0.9046736281825671	0.9299935679129557	0.9322413765584567
45	45	0.9077272681948776	0.9106260923029245	0.9077272681948776	0.9336410241229137	0.9359549120989294
50	50	0.9088109929103304	0.9136315879035966	0.9088109929103304	0.9323973887252306	0.9386242531438359
55	55	0.9026071853167856	0.9227310461556131	0.9026149731479455	0.9366982598118654	0.9403686113931441
60	60	0.9034613869670292	0.9248562477773055	0.9034541073572164	0.9393931902350385	0.9400980903386339