\addplot[color=green,mark=*] coordinates {
(5,5)(10,10)(15,15)(20,20)(25,25)(30,30)(35,35)(40,40)(45,45)(50,50)(55,55)(60,60)
};
\addlegendentry{dial}

\addplot[color=green,mark=*] coordinates {
(5,0.025)(10,0.03833333333333334)(15,0.0580267558528428)(20,0.1344314381270903)(25,0.18681477052837148)(30,0.18588350539170903)(35,0.17806299257119623)(40,0.17661371720887736)(45,0.17490736800252815)(50,0.1794311775263377)(55,0.20933283384103746)(60,0.21379771678418127)
};
\addlegendentry{Natural}

\addplot[color=green,mark=*] coordinates {
(5,0.06666666666666667)(10,0.07166666666666667)(15,0.06120958751393535)(20,0.09518952062430323)(25,0.18308586420301692)(30,0.15906929796206987)(35,0.18224390113667305)(40,0.1889105678033397)(45,0.19724390113667306)(50,0.19724390113667306)(55,0.2704978693906413)(60,0.2907877244631051)
};
\addlegendentry{Undersampled}

\addplot[color=green,mark=*] coordinates {
(5,0.025)(10,0.03833333333333334)(15,0.0580267558528428)(20,0.1344314381270903)(25,0.18681477052837148)(30,0.18588350539170903)(35,0.17806299257119623)(40,0.17661371720887736)(45,0.17490736800252815)(50,0.1794311775263377)(55,0.20933283384103746)(60,0.21379771678418127)
};
\addlegendentry{Oversampled}

\addplot[color=green,mark=*] coordinates {
(5,0.09244973667012649)(10,0.10710822473378696)(15,0.10886534296954087)(20,0.12680678846203478)(25,0.1884303928686227)(30,0.2631009773707791)(35,0.2846721370522498)(40,0.3347399459417483)(45,0.3467645078430707)(50,0.3580153018599816)(55,0.3660219510079351)(60,0.3772048155357909)
};
\addlegendentry{Biased\_with\_rephrase}

\addplot[color=green,mark=*] coordinates {
(5,0.11783122861646103)(10,0.11270138282507099)(15,0.12695842909428018)(20,0.1724714851339743)(25,0.21803032498093416)(30,0.215358586635589)(35,0.22570139600013744)(40,0.24943965049926153)(45,0.2672317757890904)(50,0.2956217495970067)(55,0.3142193235206676)(60,0.34897220349093894)
};
\addlegendentry{Biased\_no\_rephrase}

