\addplot[color=green,mark=*] coordinates {
(5,5)(10,10)(15,15)(20,20)(25,25)(30,30)(35,35)(40,40)(45,45)(50,50)(55,55)(60,60)
};
\addlegendentry{dial}

\addplot[color=green,mark=*] coordinates {
(5,0.5249888132266857)(10,0.5826008440665267)(15,0.5671946008752806)(20,0.5603092808536269)(25,0.5708449382292224)(30,0.5833300333914441)(35,0.5852324430063895)(40,0.5904997333689466)(45,0.6075018362177081)(50,0.6205807441555024)(55,0.6298578201385638)(60,0.6370356534928909)
};
\addlegendentry{Natural}

\addplot[color=green,mark=*] coordinates {
(5,0.5159548050265957)(10,0.46057077112594696)(15,0.3832860728952618)(20,0.35441165648113027)(25,0.3276955211009378)(30,0.3746660151073806)(35,0.3647735587797497)(40,0.38062516801505475)(45,0.3803084617601062)(50,0.38386806440911286)(55,0.3610958331537627)(60,0.36051636295508727)
};
\addlegendentry{Undersampled}

\addplot[color=green,mark=*] coordinates {
(5,0.5249888132266857)(10,0.5826008440665267)(15,0.5671946008752806)(20,0.5602698486769707)(25,0.5708449382292224)(30,0.5819977449901901)(35,0.5839001546051356)(40,0.592223871299981)(45,0.6085589747815658)(50,0.621677922838888)(55,0.632096779070389)(60,0.6389501435188248)
};
\addlegendentry{Oversampled}

\addplot[color=green,mark=*] coordinates {
(5,0.2828102229491988)(10,0.39192909567728396)(15,0.48089889595969126)(20,0.49509532939729717)(25,0.5332123096595336)(30,0.5375260258490794)(35,0.5354158219836898)(40,0.5621237407414061)(45,0.578773657395686)(50,0.5700561490680693)(55,0.5802677386601685)(60,0.5918781972839942)
};
\addlegendentry{Biased\_with\_rephrase}

\addplot[color=green,mark=*] coordinates {
(5,0.4799029231360734)(10,0.48514176703765133)(15,0.5634173890703277)(20,0.5994285247234262)(25,0.6390086977909558)(30,0.6394579921308785)(35,0.6410882049736842)(40,0.648823217748659)(45,0.653217261668866)(50,0.6591474962272563)(55,0.6679513011598572)(60,0.6714770907532528)
};
\addlegendentry{Biased\_no\_rephrase}

