size	dial	Natural	Undersampled	Oversampled	Biased_with_rephrase	Biased_no_rephrase
5	5	0.7711359644652143	0.774208154070328	0.7711359644652143	0.2766463757616002	0.698939511493723
10	10	0.8810433410467533	0.6642625569241769	0.8810433410467533	0.46435531835359056	0.6770231074706643
15	15	0.8287284788249263	0.5048166436453818	0.8287284788249263	0.6600793417223091	0.8345355617170996
20	20	0.8267505529895456	0.4286143882183642	0.8267505529895456	0.6821966857043499	0.8578931419328322
25	25	0.8285722176010119	0.37824389618028464	0.8285722176010119	0.7510375122395436	0.9133214754310822
30	30	0.8565223497792427	0.47369712953355664	0.8565223497792427	0.7413712085727107	0.9039474259450111
35	35	0.8513238098326144	0.45451197000716814	0.8513238098326144	0.7250264287178706	0.90305777515461
40	40	0.852501596238359	0.4865518616076572	0.852501596238359	0.7513058934845691	0.9126922573947706
45	45	0.8737317526263718	0.4820003221163587	0.8737317526263718	0.7853085852549778	0.9133108337474949
50	50	0.8983113716632642	0.49124170142670354	0.8983113716632642	0.7516508088020653	0.914717137326653
55	55	0.9053049460904093	0.4486641564973777	0.9053688847093351	0.7604955274969084	0.9165485418479988
60	60	0.9164062084150206	0.44094001856634313	0.916268277380538	0.7605245165426974	0.91339783424754