\addplot[color=green,mark=*] coordinates {
(5,5)(10,10)(15,15)(20,20)(25,25)(30,30)(35,35)(40,40)(45,45)(50,50)(55,55)(60,60)
};
\addlegendentry{dial}

\addplot[color=green,mark=*] coordinates {
(5,0.46130562080270365)(10,0.46373631102940954)(15,0.5057124976383937)(20,0.4347530087677547)(25,0.492361223795507)(30,0.45558475846179947)(35,0.4480762431499244)(40,0.49833471825315423)(45,0.5405125711622656)(50,0.5304184180741306)(55,0.5284655367093472)(60,0.5215940256502228)
};
\addlegendentry{Natural}

\addplot[color=green,mark=*] coordinates {
(5,0.470153385546043)(10,0.43694495380895787)(15,0.3819050945899354)(20,0.4621954207436942)(25,0.42807626732048104)(30,0.3560012877176165)(35,0.35102009913591264)(40,0.34877005264734884)(45,0.34645523783253407)(50,0.347450262708156)(55,0.3481301743231381)(60,0.36454808477089923)
};
\addlegendentry{Undersampled}

\addplot[color=green,mark=*] coordinates {
(5,0.46130562080270365)(10,0.46373631102940954)(15,0.5057124976383937)(20,0.4345267644238633)(25,0.492361223795507)(30,0.4630964955510013)(35,0.4565269473752765)(40,0.5250952816334358)(45,0.5513106932279933)(50,0.5428597326281211)(55,0.5547486077379259)(60,0.5476100191499225)
};
\addlegendentry{Oversampled}

\addplot[color=green,mark=*] coordinates {
(5,0.7176244249401141)(10,0.6752047607728107)(15,0.6032703932752838)(20,0.584766410324063)(25,0.5932674775329707)(30,0.6108314820415366)(35,0.6272668848892285)(40,0.6588842321434318)(45,0.7064614586564106)(50,0.7100440052095629)(55,0.7429343286451652)(60,0.7860322989867397)
};
\addlegendentry{Biased\_with\_rephrase}

\addplot[color=green,mark=*] coordinates {
(5,0.4530506039719763)(10,0.5026023819872139)(15,0.5420139667651498)(20,0.5384567273081494)(25,0.5390524386494924)(30,0.5700849923067379)(35,0.5764578273759478)(40,0.5741072441079612)(45,0.6027118995669347)(50,0.6359670069966017)(55,0.6756203854399804)(60,0.6827380028803061)
};
\addlegendentry{Biased\_no\_rephrase}

