\addplot[color=green,mark=*] coordinates {
(5,5)(10,10)(15,15)(20,20)(25,25)(30,30)(35,35)(40,40)(45,45)(50,50)(55,55)(60,60)
};
\addlegendentry{dial}

\addplot[color=green,mark=*] coordinates {
(5,0.35622109307892086)(10,0.3575588733007994)(15,0.3677196874676106)(20,0.3730793452796455)(25,0.3988548762538382)(30,0.39752163203124125)(35,0.40444855288992115)(40,0.42222733124897893)(45,0.4371046188471677)(50,0.4474130997781134)(55,0.4573012104875973)(60,0.4591290010382938)
};
\addlegendentry{Natural}

\addplot[color=green,mark=*] coordinates {
(5,0.354680634475684)(10,0.2986106760386068)(15,0.249319574961626)(20,0.2694550558660929)(25,0.2738712134505934)(30,0.2758005894413155)(35,0.277119639582376)(40,0.2894987114116623)(45,0.2898654561684673)(50,0.29358435102939195)(55,0.3085406596446809)(60,0.3221009995316692)
};
\addlegendentry{Undersampled}

\addplot[color=green,mark=*] coordinates {
(5,0.35622109307892086)(10,0.3575588733007994)(15,0.3677196874676106)(20,0.3730227841936726)(25,0.3988548762538382)(30,0.3993995663035417)(35,0.4065612289462591)(40,0.4289174720940493)(45,0.440107547421852)(50,0.4505234284166111)(55,0.46418828503271137)(60,0.4661446331594523)
};
\addlegendentry{Oversampled}

\addplot[color=green,mark=*] coordinates {
(5,0.2894578026809654)(10,0.3469495180006726)(15,0.39529539447723006)(20,0.4009955805547475)(25,0.4424574982950797)(30,0.4658427013691025)(35,0.47934374516866185)(40,0.5056517565099014)(45,0.5322300060257836)(50,0.5387062673561653)(55,0.5518401579283465)(60,0.5677024503283523)
};
\addlegendentry{Biased\_with\_rephrase}

\addplot[color=green,mark=*] coordinates {
(5,0.3306584492310246)(10,0.3546976282508596)(15,0.41704484857436)(20,0.44027434199687515)(25,0.47050901978475396)(30,0.48482520797840756)(35,0.4915099816319589)(40,0.5011406109780431)(45,0.5158861091789441)(50,0.5314209240039126)(55,0.5448065569919371)(60,0.5556359513878052)
};
\addlegendentry{Biased\_no\_rephrase}

