\addplot[color=green,mark=*] coordinates {
(5,5)(10,10)(15,15)(20,20)(25,25)(30,30)(35,35)(40,40)(45,45)(50,50)(55,55)(60,60)
};
\addlegendentry{dial}

\addplot[color=green,mark=*] coordinates {
(5,0.2935174527407674)(10,0.3821540974599937)(15,0.41766304740562993)(20,0.37786238717169934)(25,0.44573812410412844)(30,0.44485617936301025)(35,0.44647268867886625)(40,0.46622637665010735)(45,0.5111954166374895)(50,0.5258658405216627)(55,0.5383198252410288)(60,0.5368601236142536)
};
\addlegendentry{Natural}

\addplot[color=green,mark=*] coordinates {
(5,0.2523192470545431)(10,0.34768546282174495)(15,0.3248185522359831)(20,0.3776545821564479)(25,0.34152076652200847)(30,0.3101977830269773)(35,0.3220249394679905)(40,0.327145648502568)(45,0.333724595870989)(50,0.3352683394491661)(55,0.34683990473456283)(60,0.36308547211044934)
};
\addlegendentry{Undersampled}

\addplot[color=green,mark=*] coordinates {
(5,0.2935174527407674)(10,0.3821540974599937)(15,0.41761437545457997)(20,0.3777299305576261)(25,0.44564826398373175)(30,0.4433125266410049)(35,0.44524815733115464)(40,0.48783742740286246)(45,0.5147180865773227)(50,0.5313753132075207)(55,0.5516598184423414)(60,0.550133353569626)
};
\addlegendentry{Oversampled}

\addplot[color=green,mark=*] coordinates {
(5,0.40967069094906605)(10,0.41616096050024687)(15,0.43588210819056805)(20,0.44602508312413647)(25,0.47614101667758985)(30,0.494566131624249)(35,0.5273607963911344)(40,0.5521187485496802)(45,0.5752313469797388)(50,0.5915974078132177)(55,0.613284585774519)(60,0.6377632116896653)
};
\addlegendentry{Biased\_with\_rephrase}

\addplot[color=green,mark=*] coordinates {
(5,0.33220901315039036)(10,0.40746951047849655)(15,0.43658996089106195)(20,0.47867071323937155)(25,0.5066608376190147)(30,0.5286013497379519)(35,0.5380788143655025)(40,0.5575697334109961)(45,0.5821822079276794)(50,0.5961586900414755)(55,0.6218429982980336)(60,0.6310262276967831)
};
\addlegendentry{Biased\_no\_rephrase}

