\addplot[color=green,mark=*] coordinates {
(5,5)(10,10)(15,15)(20,20)(25,25)(30,30)(35,35)(40,40)(45,45)(50,50)(55,55)(60,60)
};
\addlegendentry{dial}

\addplot[color=green,mark=*] coordinates {
(5,0.5930668331609131)(10,0.6733733676630234)(15,0.6600543771747267)(20,0.656546123915042)(25,0.6671222397947627)(30,0.686988135049838)(35,0.6907134804354905)(40,0.694007197019071)(45,0.7134217008482059)(50,0.7256181864364857)(55,0.7322658635638314)(60,0.7404304367846055)
};
\addlegendentry{Natural}

\addplot[color=green,mark=*] coordinates {
(5,0.5733493826859315)(10,0.5306008564598298)(15,0.446460320811591)(20,0.42199223542183406)(25,0.394789150111754)(30,0.4578875157315319)(35,0.4573122435102408)(40,0.4752110300619332)(45,0.4741086299039745)(50,0.4802369164131239)(55,0.4605037591526974)(60,0.45842778361647546)
};
\addlegendentry{Undersampled}

\addplot[color=green,mark=*] coordinates {
(5,0.5930668331609131)(10,0.6733733676630234)(15,0.6600417059939518)(20,0.6564577837455552)(25,0.667093514266193)(30,0.6858314689630145)(35,0.6895066268761212)(40,0.6950028458130544)(45,0.7136288632688418)(50,0.7260472482213828)(55,0.7336065814021752)(60,0.7414242169031626)
};
\addlegendentry{Oversampled}

\addplot[color=green,mark=*] coordinates {
(5,0.33798550515016157)(10,0.4730921973299065)(15,0.5807643612795601)(20,0.591226986442957)(25,0.633869611765268)(30,0.6376105295880498)(35,0.6400321686064177)(40,0.6621334199047434)(45,0.6823382769619387)(50,0.6747221968085322)(55,0.6838332049344582)(60,0.6937424085932697)
};
\addlegendentry{Biased\_with\_rephrase}

\addplot[color=green,mark=*] coordinates {
(5,0.5611768618347979)(10,0.5723138229362481)(15,0.6676349420054092)(20,0.69782976252918)(25,0.7365297864387953)(30,0.7390232803495322)(35,0.743554718979925)(40,0.7516875601440913)(45,0.7570967096604002)(50,0.7614253532241809)(55,0.7672243736076838)(60,0.7699902648368828)
};
\addlegendentry{Biased\_no\_rephrase}

