size	dial	Natural	Undersampled	Oversampled	Biased_with_rephrase	Biased_no_rephrase
5	5	0.29143088316341753	0.27507608512299103	0.29143088316341753	0.20759623551706685	0.2979709473191897
10	10	0.3361105882158084	0.2637309436321057	0.3361105882158084	0.30081595502251374	0.3496176564479737
15	15	0.3568892604226463	0.2512306932805628	0.35687709243488386	0.3691554389123718	0.4067772755221971
20	20	0.3583405233418196	0.25742071479787315	0.3582549808711025	0.3894076085687318	0.45115055148825467
25	25	0.39447580771991886	0.2648695870269968	0.39445334268981974	0.4369457119750789	0.48741694079575126
30	30	0.4077915847249245	0.2840811767024555	0.40740567154442325	0.4607568045308913	0.5034400872521604
35	35	0.42323768651225774	0.28733773080019814	0.42293155367532986	0.4791162622055021	0.5114486776341645
40	40	0.4311020875117779	0.29603445579313165	0.4365222394881651	0.507638480350151	0.5270840618220289
45	45	0.4509767712249622	0.3001301185527042	0.45210077723203373	0.5218008398112353	0.5378932408307378
50	50	0.4650888419158815	0.30454725726141274	0.4664662100873461	0.530290451941432	0.5526819195535425
55	55	0.48349483691350137	0.32312568352185644	0.4871480151034689	0.5420814981802649	0.5616961812371529
60	60	0.49079519248356807	0.33660685292623127	0.4944505013164414	0.5578976951845676	0.5771406200243356