size	dial	Natural	Undersampled	Oversampled	Biased_with_rephrase	Biased_no_rephrase
5	5	0.16744278704776563	0.10769433161969859	0.16744278704776563	0.07111067335202075	0.052812452841938216
10	10	0.04712250779370118	0.021568526754625658	0.04712250779370118	0.14112976814250228	0.12646364072048977
15	15	0.07841101755427976	0.04934697409725122	0.07841101755427976	0.20896649994178648	0.16467143672091072
20	20	0.09638238123419149	0.09182089387801007	0.09638238123419149	0.21021243772854223	0.19227601361254482
25	25	0.08767129309046287	0.10607882609859084	0.08767129309046287	0.23709461053918135	0.2116318400775065
30	30	0.09209591449221362	0.11443464255201921	0.09209591449221362	0.2480671374913838	0.24990982702629233
35	35	0.1403311660059498	0.12070258804975009	0.1403311660059498	0.2804095300152983	0.26082292799714046
40	40	0.1614592932955252	0.13376236358830323	0.1614592932955252	0.2776769544698558	0.26832329191017923
45	45	0.15926678359750504	0.13376236358830323	0.16048037583051472	0.29038547234867507	0.280289927612256
50	50	0.181491431848721	0.1384015388460352	0.181491431848721	0.33511495355305143	0.2793778020953886
55	55	0.1861015253095954	0.16687043836756627	0.18730281384254693	0.33790882456337706	0.2728379771591017
60	60	0.18471805330375066	0.19212817032632917	0.18690251932316812	0.34704817024818213	0.27743576493243566