size	dial	Natural	Undersampled	Oversampled	Biased_with_rephrase	Biased_no_rephrase
5	5	0.2935174527407674	0.2523192470545431	0.2935174527407674	0.40967069094906605	0.33220901315039036
10	10	0.3821540974599937	0.34768546282174495	0.3821540974599937	0.41616096050024687	0.40746951047849655
15	15	0.41766304740562993	0.3248185522359831	0.41761437545457997	0.43588210819056805	0.43658996089106195
20	20	0.37786238717169934	0.3776545821564479	0.3777299305576261	0.44602508312413647	0.47867071323937155
25	25	0.44573812410412844	0.34152076652200847	0.44564826398373175	0.47614101667758985	0.5066608376190147
30	30	0.44485617936301025	0.3101977830269773	0.4433125266410049	0.494566131624249	0.5286013497379519
35	35	0.44647268867886625	0.3220249394679905	0.44524815733115464	0.5273607963911344	0.5380788143655025
40	40	0.46622637665010735	0.327145648502568	0.48783742740286246	0.5521187485496802	0.5575697334109961
45	45	0.5111954166374895	0.333724595870989	0.5147180865773227	0.5752313469797388	0.5821822079276794
50	50	0.5258658405216627	0.3352683394491661	0.5313753132075207	0.5915974078132177	0.5961586900414755
55	55	0.5383198252410288	0.34683990473456283	0.5516598184423414	0.613284585774519	0.6218429982980336
60	60	0.5368601236142536	0.36308547211044934	0.550133353569626	0.6377632116896653	0.6310262276967831