size	dial	Natural	Undersampled	Oversampled	Biased_with_rephrase	Biased_no_rephrase
5	5	null	null	null	0.3410797381243017	null
10	10	null	null	null	0.40858524206423086	0.5027522720687874
15	15	0.4809410392247647	0.4425789547060398	0.480881363180434	0.4389999478969223	0.48291241077437963
20	20	0.6442724580231494	0.45287453942954714	0.6441948674826383	0.41666173129523365	0.5141805169227484
25	25	null	null	null	0.45385202868680946	0.5363928330446648
30	30	0.5666079233411303	0.4677548525204195	0.5493353958506193	0.46170665943771666	0.5462128988924866
35	35	0.5806647850761005	0.4825483421785714	0.5610012022333757	0.4897673007605885	0.5591546032012379
40	40	0.5781512400873678	0.5050454173771224	0.5537966789858187	0.5027610121486108	0.5967590686857129
45	45	0.600114316899175	0.5169916199087679	0.5879075650395527	0.5118763104309669	0.6009287203102298
50	50	0.6299324124077124	0.5202135410168678	0.6190823814223789	0.5354762252737186	0.5896010168516053
55	55	0.6374443273559114	0.5393753478862482	0.6150749448912044	0.5445581372614503	0.604246800883081
60	60	0.641719888492052	0.5466063884506221	0.6169871733882178	0.5507958774853428	0.6135558002730113