\addplot[color=green,mark=*] coordinates {
(5,5)(10,10)(15,15)(20,20)(25,25)(30,30)(35,35)(40,40)(45,45)(50,50)(55,55)(60,60)
};
\addlegendentry{dial}

\addplot[color=green,mark=*] coordinates {
(5,0.5718706000745962)(10,0.6204531242081923)(15,0.6013569550992292)(20,0.5947891433562518)(25,0.6072385122636925)(30,0.6187547332453391)(35,0.6218716455044928)(40,0.634556569816696)(45,0.654139932704445)(50,0.6717781945982463)(55,0.6780225876754777)(60,0.6837617777618659)
};
\addlegendentry{Natural}

\addplot[color=green,mark=*] coordinates {
(5,0.5696024019890069)(10,0.4812586518521787)(15,0.3805297920588175)(20,0.3568906109287345)(25,0.32888657808698796)(30,0.3734907204683296)(35,0.3634945204080784)(40,0.38491538417367177)(45,0.3823004871847652)(50,0.3888606217516281)(55,0.3724684763701302)(60,0.3758326479428804)
};
\addlegendentry{Undersampled}

\addplot[color=green,mark=*] coordinates {
(5,0.5718706000745962)(10,0.6204531242081923)(15,0.6013569550992292)(20,0.5947492391264034)(25,0.6072385122636925)(30,0.6200215582651333)(35,0.6232968236517611)(40,0.6390696339497126)(45,0.6561590919271344)(50,0.6738763735372804)(55,0.6826992332534181)(60,0.6884307785424111)
};
\addlegendentry{Oversampled}

\addplot[color=green,mark=*] coordinates {
(5,0.30700421705638836)(10,0.42625404589267546)(15,0.5430347387258901)(20,0.5540353021890085)(25,0.6047559945950429)(30,0.6080770872824842)(35,0.608314028244357)(40,0.6317749390137228)(45,0.6630950286631756)(50,0.6515171261061645)(55,0.6635039420348806)(60,0.6731402791110861)
};
\addlegendentry{Biased\_with\_rephrase}

\addplot[color=green,mark=*] coordinates {
(5,0.5127734912647319)(10,0.5225255278557912)(15,0.6318574451568401)(20,0.6525164730462719)(25,0.6915232126225075)(30,0.6972445318481325)(35,0.7001747981185725)(40,0.7082678338103713)(45,0.7165563791714191)(50,0.7243973915905737)(55,0.7319756796333248)(60,0.7339728392725453)
};
\addlegendentry{Biased\_no\_rephrase}

