size	dial	Natural	Undersampled	Oversampled	Biased_with_rephrase	Biased_no_rephrase
5	5	0.30999158955910155	0.2705294246660276	0.30999158955910155	0.31905667880297417	0.4058148194698113
10	10	0.4320643607609679	0.38047684318252106	0.4320643607609679	0.417326955339212	0.49303772738999097
15	15	0.4780385560044089	0.41832859649282683	0.47802363699332623	0.45168588333676407	0.5410026168288218
20	20	0.5063162264191181	0.4044280329834127	0.5061411270296043	0.47638625498723614	0.6060238987960233
25	25	0.5323412578553841	0.47306419823601076	0.5323082385463935	0.5218437752601772	0.6167769251140698
30	30	0.571951157113341	0.4763256178127372	0.5676330252407131	0.5320058074721193	0.6229054525875425
35	35	0.5825002090285254	0.49625940419682885	0.5775843133178442	0.5643626437827621	0.6309373355040392
40	40	0.5767509927363433	0.4968907876267344	0.5706802650475336	0.5746009262866918	0.6461850192590143
45	45	0.6170242736978518	0.5148449010457317	0.6139992330197679	0.5796479173054414	0.6439918961232635
50	50	0.6146412289984159	0.5209935919576185	0.6119287212520825	0.5764807266200516	0.6684344974838476
55	55	0.6687029560759559	0.5643424184828901	0.6635913338655671	0.5882136585877445	0.6845587339841096
60	60	0.6992713205072248	0.5779092971768677	0.692153578314173	0.603652861358227	0.6921591707380101