\addplot[color=green,mark=*] coordinates {
(5,5)(10,10)(15,15)(20,20)(25,25)(30,30)(35,35)(40,40)(45,45)(50,50)(55,55)(60,60)
};
\addlegendentry{dial}

\addplot[color=green,mark=*] coordinates {
(5,0.7711359644652143)(10,0.8810433410467533)(15,0.8287284788249263)(20,0.8267505529895456)(25,0.8285722176010119)(30,0.8565223497792427)(35,0.8513238098326144)(40,0.852501596238359)(45,0.8737317526263718)(50,0.8983113716632642)(55,0.9053049460904093)(60,0.9164062084150206)
};
\addlegendentry{Natural}

\addplot[color=green,mark=*] coordinates {
(5,0.774208154070328)(10,0.6642625569241769)(15,0.5048166436453818)(20,0.4286143882183642)(25,0.37824389618028464)(30,0.47369712953355664)(35,0.45451197000716814)(40,0.4865518616076572)(45,0.4820003221163587)(50,0.49124170142670354)(55,0.4486641564973777)(60,0.44094001856634313)
};
\addlegendentry{Undersampled}

\addplot[color=green,mark=*] coordinates {
(5,0.7711359644652143)(10,0.8810433410467533)(15,0.8287284788249263)(20,0.8267505529895456)(25,0.8285722176010119)(30,0.8565223497792427)(35,0.8513238098326144)(40,0.852501596238359)(45,0.8737317526263718)(50,0.8983113716632642)(55,0.9053688847093351)(60,0.916268277380538)
};
\addlegendentry{Oversampled}

\addplot[color=green,mark=*] coordinates {
(5,0.2766463757616002)(10,0.46435531835359056)(15,0.6600793417223091)(20,0.6821966857043499)(25,0.7510375122395436)(30,0.7413712085727107)(35,0.7250264287178706)(40,0.7513058934845691)(45,0.7853085852549778)(50,0.7516508088020653)(55,0.7604955274969084)(60,0.7605245165426974)
};
\addlegendentry{Biased\_with\_rephrase}

\addplot[color=green,mark=*] coordinates {
(5,0.698939511493723)(10,0.6770231074706643)(15,0.8345355617170996)(20,0.8578931419328322)(25,0.9133214754310822)(30,0.9039474259450111)(35,0.90305777515461)(40,0.9126922573947706)(45,0.9133108337474949)(50,0.914717137326653)(55,0.9165485418479988)(60,0.91339783424754)
};
\addlegendentry{Biased\_no\_rephrase}

