size	dial	Natural	Undersampled	Oversampled	Biased_with_rephrase	Biased_no_rephrase
5	5	0.08597078358579797	0.08431249399081046	0.08597078358579797	0.07431795939665628	0.050665638380276566
10	10	0.05905096409410926	0.03317658636450784	0.05905096409410926	0.12892366849577788	0.14949808235028453
15	15	0.10099703948151104	0.06626082920265383	0.10099703948151104	0.17709000265865066	0.1815625564546225
20	20	0.12845734343688053	0.1092550710144988	0.12824763016808574	0.19402356153686717	0.22730588827048762
25	25	0.12340879065855608	0.1255438258500436	0.12340879065855608	0.2155393810022848	0.26225461732811906
30	30	0.13681262479869566	0.14359107905964372	0.13681262479869566	0.2348145277377487	0.3048778614073821
35	35	0.20129448431825292	0.1410815280853135	0.20129448431825292	0.2635092753063759	0.3238106838135882
40	40	0.22372645782020295	0.14644670619199646	0.22372645782020295	0.2891228876434569	0.3358368900415324
45	45	0.22950702941168352	0.14641009781712672	0.23048038350013694	0.2973522450213174	0.34534447712423766
50	50	0.24578501751138035	0.1538175052245341	0.24578501751138035	0.33144054081203894	0.35097133782191586
55	55	0.2531446635906663	0.18382416547831254	0.25436950691797544	0.33919823413466693	0.3416129396250614
60	60	0.25715125488473267	0.20004201265338986	0.25857209145666	0.3581912176584857	0.35147333689873406