size	dial	Natural	Undersampled	Oversampled	Biased_with_rephrase	Biased_no_rephrase
5	5	0.025	0.06666666666666667	0.025	0.09244973667012649	0.11783122861646103
10	10	0.03833333333333334	0.07166666666666667	0.03833333333333334	0.10710822473378696	0.11270138282507099
15	15	0.0580267558528428	0.06120958751393535	0.0580267558528428	0.10886534296954087	0.12695842909428018
20	20	0.1344314381270903	0.09518952062430323	0.1344314381270903	0.12680678846203478	0.1724714851339743
25	25	0.18681477052837148	0.18308586420301692	0.18681477052837148	0.1884303928686227	0.21803032498093416
30	30	0.18588350539170903	0.15906929796206987	0.18588350539170903	0.2631009773707791	0.215358586635589
35	35	0.17806299257119623	0.18224390113667305	0.17806299257119623	0.2846721370522498	0.22570139600013744
40	40	0.17661371720887736	0.1889105678033397	0.17661371720887736	0.3347399459417483	0.24943965049926153
45	45	0.17490736800252815	0.19724390113667306	0.17490736800252815	0.3467645078430707	0.2672317757890904
50	50	0.1794311775263377	0.19724390113667306	0.1794311775263377	0.3580153018599816	0.2956217495970067
55	55	0.20933283384103746	0.2704978693906413	0.20933283384103746	0.3660219510079351	0.3142193235206676
60	60	0.21379771678418127	0.2907877244631051	0.21379771678418127	0.3772048155357909	0.34897220349093894