\addplot[color=green,mark=*] coordinates {
(5,5)(10,10)(15,15)(20,20)(25,25)(30,30)(35,35)(40,40)(45,45)(50,50)(55,55)(60,60)
};
\addlegendentry{dial}

\addplot[color=green,mark=*] coordinates {
(5,0.29143088316341753)(10,0.3361105882158084)(15,0.35688926042264635)(20,0.3583405233418196)(25,0.39447580771991886)(30,0.4077915847249245)(35,0.42323768651225774)(40,0.4311020875117779)(45,0.4509767712249622)(50,0.4650888419158815)(55,0.48349483691350137)(60,0.49079519248356807)
};
\addlegendentry{Natural}

\addplot[color=green,mark=*] coordinates {
(5,0.27507608512299103)(10,0.2637309436321057)(15,0.2512306932805628)(20,0.2574207147978732)(25,0.2648695870269968)(30,0.2840811767024555)(35,0.28733773080019814)(40,0.29603445579313165)(45,0.3001301185527042)(50,0.30454725726141274)(55,0.32312568352185644)(60,0.33660685292623127)
};
\addlegendentry{Undersampled}

\addplot[color=green,mark=*] coordinates {
(5,0.29143088316341753)(10,0.3361105882158084)(15,0.35687709243488386)(20,0.3582549808711025)(25,0.39445334268981974)(30,0.40740567154442325)(35,0.42293155367532986)(40,0.4365222394881651)(45,0.45210077723203373)(50,0.4664662100873461)(55,0.4871480151034689)(60,0.4944505013164414)
};
\addlegendentry{Oversampled}

\addplot[color=green,mark=*] coordinates {
(5,0.20759623551706685)(10,0.30081595502251374)(15,0.3691554389123718)(20,0.3894076085687318)(25,0.4369457119750789)(30,0.4607568045308913)(35,0.4791162622055021)(40,0.5076384803501509)(45,0.5218008398112353)(50,0.530290451941432)(55,0.5420814981802649)(60,0.5578976951845676)
};
\addlegendentry{Biased\_with\_rephrase}

\addplot[color=green,mark=*] coordinates {
(5,0.2979709473191897)(10,0.34961765644797377)(15,0.40677727552219717)(20,0.4511505514882546)(25,0.48741694079575126)(30,0.5034400872521604)(35,0.5114486776341645)(40,0.5270840618220289)(45,0.5378932408307378)(50,0.5526819195535425)(55,0.5616961812371529)(60,0.5771406200243356)
};
\addlegendentry{Biased\_no\_rephrase}

