size	dial	Natural	Undersampled	Oversampled	Biased_with_rephrase	Biased_no_rephrase
5	5	0.5249888132266857	0.5159548050265957	0.5249888132266857	0.2828102229491988	0.4799029231360734
10	10	0.5826008440665267	0.46057077112594696	0.5826008440665267	0.39192909567728396	0.48514176703765133
15	15	0.5671946008752806	0.3832860728952618	0.5671946008752806	0.48089889595969126	0.5634173890703277
20	20	0.5603092808536269	0.35441165648113027	0.5602698486769707	0.49509532939729717	0.5994285247234262
25	25	0.5708449382292224	0.3276955211009378	0.5708449382292224	0.5332123096595336	0.6390086977909558
30	30	0.5833300333914441	0.3746660151073806	0.5819977449901901	0.5375260258490794	0.6394579921308785
35	35	0.5852324430063895	0.3647735587797497	0.5839001546051356	0.5354158219836898	0.6410882049736842
40	40	0.5904997333689466	0.38062516801505475	0.592223871299981	0.5621237407414061	0.648823217748659
45	45	0.6075018362177081	0.3803084617601062	0.6085589747815658	0.578773657395686	0.653217261668866
50	50	0.6205807441555024	0.38386806440911286	0.621677922838888	0.5700561490680693	0.6591474962272563
55	55	0.6298578201385638	0.3610958331537627	0.632096779070389	0.5802677386601685	0.6679513011598572
60	60	0.6370356534928909	0.36051636295508727	0.6389501435188248	0.5918781972839942	0.6714770907532528