\addplot[color=green,mark=*] coordinates {
(5,5)(10,10)(15,15)(20,20)(25,25)(30,30)(35,35)(40,40)(45,45)(50,50)(55,55)(60,60)
};
\addlegendentry{dial}

\addplot[color=green,mark=*] coordinates {
(5,0.16744278704776563)(10,0.04712250779370118)(15,0.07841101755427976)(20,0.09638238123419149)(25,0.08767129309046287)(30,0.09209591449221362)(35,0.1403311660059498)(40,0.1614592932955252)(45,0.15926678359750504)(50,0.181491431848721)(55,0.1861015253095954)(60,0.18471805330375066)
};
\addlegendentry{Natural}

\addplot[color=green,mark=*] coordinates {
(5,0.10769433161969859)(10,0.021568526754625658)(15,0.04934697409725122)(20,0.09182089387801007)(25,0.10607882609859084)(30,0.11443464255201921)(35,0.12070258804975009)(40,0.13376236358830323)(45,0.13376236358830323)(50,0.1384015388460352)(55,0.16687043836756627)(60,0.19212817032632917)
};
\addlegendentry{Undersampled}

\addplot[color=green,mark=*] coordinates {
(5,0.16744278704776563)(10,0.04712250779370118)(15,0.07841101755427976)(20,0.09638238123419149)(25,0.08767129309046287)(30,0.09209591449221362)(35,0.1403311660059498)(40,0.1614592932955252)(45,0.16048037583051472)(50,0.181491431848721)(55,0.18730281384254693)(60,0.18690251932316812)
};
\addlegendentry{Oversampled}

\addplot[color=green,mark=*] coordinates {
(5,0.07111067335202075)(10,0.14112976814250228)(15,0.20896649994178648)(20,0.21021243772854223)(25,0.23709461053918135)(30,0.2480671374913838)(35,0.2804095300152983)(40,0.2776769544698558)(45,0.29038547234867507)(50,0.33511495355305143)(55,0.33790882456337706)(60,0.34704817024818213)
};
\addlegendentry{Biased\_with\_rephrase}

\addplot[color=green,mark=*] coordinates {
(5,0.052812452841938216)(10,0.12646364072048977)(15,0.16467143672091072)(20,0.19227601361254482)(25,0.2116318400775065)(30,0.24990982702629233)(35,0.26082292799714046)(40,0.26832329191017923)(45,0.280289927612256)(50,0.2793778020953886)(55,0.2728379771591017)(60,0.27743576493243566)
};
\addlegendentry{Biased\_no\_rephrase}

