size	dial	Natural	Undersampled	Oversampled	Biased_with_rephrase	Biased_no_rephrase
5	5	0.0375	0.019184652278177457	0.0375	0.039789970830744606	0.09076536107506643
10	10	0.05168539325842697	0.020623501199040765	0.05168539325842697	0.10642636783851323	0.13703513230092865
15	15	0.08198150414796682	0.08229965156794425	0.08198150414796682	0.12288582573174112	0.1526329128060627
20	20	0.11270172621437173	0.07742043620279873	0.11270172621437173	0.15375270052420853	0.2175111850532101
25	25	0.18600425535835124	0.15259841277705188	0.18600425535835124	0.23264584861421955	0.2562143983996147
30	30	0.18868132166392018	0.13811135251713275	0.18868132166392018	0.2966521392494939	0.2586169997686042
35	35	0.181737792214604	0.13706679027886462	0.181737792214604	0.31837954052100353	0.2640776383818921
40	40	0.17165012477669228	0.13749912110593226	0.17171968192948614	0.36234906315199805	0.2931137456831561
45	45	0.1850981886009016	0.15213326744739572	0.1850981886009016	0.36471231527001935	0.3002573663928022
50	50	0.18991445575362267	0.15213326744739572	0.18991445575362267	0.36877668414725084	0.3376521588886866
55	55	0.24263213808139256	0.2040879242357744	0.24263213808139256	0.3798405209617958	0.35558642618277525
60	60	0.26212830968742196	0.23181069651300215	0.26212830968742196	0.39851724125466514	0.40001447388463546