\addplot[color=green,mark=*] coordinates {
(5,5)(10,10)(15,15)(20,20)(25,25)(30,30)(35,35)(40,40)(45,45)(50,50)(55,55)(60,60)
};
\addlegendentry{dial}

\addplot[color=green,mark=*] coordinates {
(5,0.8562557082486816)(10,0.8576074440415946)(15,0.8880069736961366)(20,0.8839034881578337)(25,0.8885139989891406)(30,0.8981458921038247)(35,0.9042800676314651)(40,0.9046736281825671)(45,0.9077272681948776)(50,0.9088109929103304)(55,0.9026071853167856)(60,0.9034613869670292)
};
\addlegendentry{Natural}

\addplot[color=green,mark=*] coordinates {
(5,0.8092016063486875)(10,0.8521190544449844)(15,null)(20,null)(25,null)(30,0.8985311126763692)(35,0.9100568920431652)(40,0.9099225078252478)(45,0.9106260923029245)(50,0.9136315879035966)(55,0.9227310461556131)(60,0.9248562477773055)
};
\addlegendentry{Undersampled}

\addplot[color=green,mark=*] coordinates {
(5,0.8562557082486816)(10,0.8576074440415946)(15,0.8880069736961366)(20,0.8839034881578337)(25,0.8885139989891406)(30,0.8981458921038247)(35,0.9042800676314651)(40,0.9046736281825671)(45,0.9077272681948776)(50,0.9088109929103304)(55,0.9026149731479455)(60,0.9034541073572164)
};
\addlegendentry{Oversampled}

\addplot[color=green,mark=*] coordinates {
(5,null)(10,null)(15,0.9219258675126449)(20,0.9171085873398799)(25,0.9281364998914517)(30,0.9256445613165234)(35,0.9284362263642716)(40,0.9299935679129557)(45,0.9336410241229137)(50,0.9323973887252306)(55,0.9366982598118654)(60,0.9393931902350385)
};
\addlegendentry{Biased\_with\_rephrase}

\addplot[color=green,mark=*] coordinates {
(5,null)(10,null)(15,0.9118721903104297)(20,0.9298562283880084)(25,0.9386205253104757)(30,0.943859179335757)(35,0.939749790211246)(40,0.9322413765584567)(45,0.9359549120989294)(50,0.9386242531438359)(55,0.9403686113931441)(60,0.9400980903386339)
};
\addlegendentry{Biased\_no\_rephrase}

