\addplot[color=green,mark=*] coordinates {
(1,1)(2,2)(3,3)(4,4)(5,5)(6,6)(7,7)(8,8)(9,9)(10,10)(15,15)(20,20)(25,25)(30,30)(35,35)(40,40)(45,45)(46,46)(47,47)(50,50)(52,52)(53,53)(55,55)(60,60)
};
\addlegendentry{dial}

\addplot[color=green,mark=*] coordinates {
(1,0.1252732771433236)(2,0.15745491106425477)(3,0.18844774452772137)(4,0.2022024611156243)(5,0.19552548702459666)(6,0.21719503099312654)(7,0.22430833430925926)(8,0.22871335799144252)(9,0.2235821361398984)(10,0.2243517920667976)(15,0.26839715651597623)(20,0.2975769373128464)(25,0.33807074339523124)(30,0.36036417272154353)(35,0.38435374305539716)(40,0.4088075001429881)(45,0.4358667385198098)(46,0.38178775817435384)(47,0.37475827370137205)(50,0.46252905600254796)(52,0.5489072074770209)(53,0.4308903155075766)(55,0.486463241786668)(60,0.497714863596904)
};
\addlegendentry{Natural\_Neg}

\addplot[color=green,mark=*] coordinates {
(1,0.1252732771433236)(2,0.16841373332320383)(3,0.19953804431708985)(4,0.21586262962456879)(5,0.2110934385130488)(6,0.23287567257358952)(7,0.23655328899638067)(8,0.2408977683451014)(9,0.2393839029709421)(10,0.24765042637389462)(15,0.2827029483162137)(20,0.31040056416786665)(25,0.34851619894067104)(30,0.3689366066210343)(35,0.39097669556859654)(40,0.40924366745058827)(45,0.43133823472360444)(46,0.363760359019995)(47,0.3745927762211519)(50,0.4559629391287648)(52,0.5566883252540331)(53,0.4434782541113303)(55,0.4756727385152682)(60,0.502450720749187)
};
\addlegendentry{German}

\addplot[color=green,mark=*] coordinates {
(1,0.1252732771433236)(2,0.17716113530657981)(3,0.23683535857865165)(4,0.2385196456510869)(5,0.23823360286729262)(6,0.259072876096367)(7,0.2803072317231974)(8,0.29067615944290726)(9,0.29718656181984365)(10,0.30774159952724955)(15,0.36127161000729796)(20,0.3748288029794839)(25,0.41836605485395084)(30,0.4260477021949606)(35,0.45910873274718283)(40,0.4778739216210387)(45,0.4894316168513765)(46,0.3867291442218829)(47,0.5307352280972135)(50,0.49484810959919623)(52,0.4676594314472765)(53,0.4325929883089098)(55,0.5048477698657562)(60,0.5220605999654181)
};
\addlegendentry{Emb\_100}

\addplot[color=green,mark=*] coordinates {
(1,0.1252732771433236)(2,0.17996268679536243)(3,0.2313415170197791)(4,0.24434362917567798)(5,0.24387680124296293)(6,0.26225384212836184)(7,0.2812001794661433)(8,0.28791269046391826)(9,0.2923702672449232)(10,0.30506186911811406)(15,0.3602002130736593)(20,0.3670998295129261)(25,0.40780924440759303)(30,0.4169179297655985)(35,0.4435806157485806)(40,0.4594871081197958)(45,0.47338232448548956)(46,0.359161619190591)(47,0.5151353904467336)(50,0.48519894509880934)(52,0.3899831042326941)(53,0.524264437766462)(55,0.4951734547855252)(60,0.5092223731713555)
};
\addlegendentry{Emb\_100\_German}

\addplot[color=green,mark=*] coordinates {
(1,0.1252732771433236)(2,0.18072506842886196)(3,0.23703037718269687)(4,0.24659904337066446)(5,0.2467973701614643)(6,0.26639732134028543)(7,0.2942046400451802)(8,0.30002924708938067)(9,0.3077540647347354)(10,0.3166924489614639)(15,0.36754948890160327)(20,0.3723951346755196)(25,0.39283885968583165)(30,0.41405606705194653)(35,0.4388428417189149)(40,0.4608456713512557)(45,0.4762681024133963)(46,0.3770236648991111)(47,0.5139761001086096)(50,0.48397727618602565)(52,0.5069504088217158)(53,0.5231819698773986)(55,0.4878731118888636)(60,0.5088796784541911)
};
\addlegendentry{Emb\_100\_Hungarian}

