\addplot[color=green,mark=*] coordinates {
(10,10)(20,20)(30,30)(40,40)(50,50)(60,60)(70,70)(80,80)(90,90)(100,100)(110,110)(120,120)(130,130)(140,140)(150,150)(160,160)
};
\addlegendentry{dial}

\addplot[color=green,mark=*] coordinates {
(10,0.5600923866811995)(20,0.6429071683763795)(30,0.7261567629417629)(40,0.74293073825814)(50,0.7103723950671729)(60,0.7168412035660838)(70,0.7441983197916724)(80,0.7471679120425934)(90,0.7531898493603585)(100,0.748589980937914)(110,0.7495464302146678)(120,0.7270797664581024)(130,0.749994461470295)(140,0.7359321345493484)(150,0.7291935900749548)(160,0.773972602739726)
};
\addlegendentry{Natural\_Neg}

\addplot[color=green,mark=*] coordinates {
(10,0.5600923866811995)(20,0.6430419392658675)(30,0.7234192072273925)(40,0.7542606650373911)(50,0.7397362299703059)(60,0.747029257874367)(70,0.7721853931876568)(80,0.7848428384796481)(90,0.7841738605310682)(100,0.7665088650010095)(110,0.7707703820318078)(120,0.7582214159242382)(130,0.7055403758815493)(140,0.7090204187128457)(150,0.7016080197910128)(160,0.7246575342465753)
};
\addlegendentry{Natural\_Neg\_10}

\addplot[color=green,mark=*] coordinates {
(10,0.44836059759299635)(20,0.6030114862021666)(30,0.6977839610539025)(40,0.6917027124483632)(50,0.6632219334252938)(60,0.6922377173862603)(70,0.7273638781121469)(80,0.7562606674599819)(90,0.7622205503323339)(100,0.7698041688227255)(110,0.7785850258819146)(120,0.7710900859432774)(130,0.7467691910054277)(140,0.759672119041465)(150,0.7556179152974191)(160,0.8054794520547945)
};
\addlegendentry{Portuguese}

\addplot[color=green,mark=*] coordinates {
(10,0.5301190598219226)(20,0.6786931978989165)(30,0.7133368643545982)(40,0.7343653513110688)(50,0.7506605860421462)(60,0.7524767025301055)(70,0.7703917415760213)(80,0.7846437300214893)(90,0.8026499200680934)(100,0.8022960826802625)(110,0.7992392405189656)(120,0.7914257580280625)(130,0.805064062326921)(140,0.8112173688291549)(150,0.7936860761363216)(160,0.8397260273972603)
};
\addlegendentry{Chinese}

\addplot[color=green,mark=*] coordinates {
(10,0.5785799332699844)(20,0.6841982351420747)(30,0.7205937218503752)(40,0.7555745060924774)(50,0.7563194142910563)(60,0.7708163256778123)(70,0.7930234474010425)(80,0.8135397213382058)(90,0.7998820074991264)(100,0.8029138477045279)(110,0.8053403882725159)(120,0.7925074057372099)(130,0.7903721891961748)(140,0.8038382010855518)(150,0.7910349665842041)(160,0.8301369863013699)
};
\addlegendentry{All\_together}

\addplot[color=green,mark=*] coordinates {
(10,0.5701384512719725)(20,0.6784114621137096)(30,0.7327456745332428)(40,0.7655109578212984)(50,0.7380534827664317)(60,0.73508168568831)(70,0.7720911967017464)(80,0.8086713491999274)(90,0.7923380152807324)(100,0.7773736642279057)(110,0.7832408099547682)(120,0.7711713107447841)(130,0.7701011704759443)(140,0.7660248126130783)(150,0.7646438725399698)(160,0.8123287671232877)
};
\addlegendentry{Arabic}

\addplot[color=green,mark=*] coordinates {
(10,0.5278958893772167)(20,0.6319505424446464)(30,0.7087133217672866)(40,0.7359174485274679)(50,0.7479587804406425)(60,0.7329649271727858)(70,0.7632004748824522)(80,0.7761343484888575)(90,0.783952183170228)(100,0.7919688168096154)(110,0.8012685724255927)(120,0.7782249125023817)(130,0.7774027988036776)(140,0.7874884613964479)(150,0.7760329357899789)(160,0.8301369863013699)
};
\addlegendentry{Russian}

\addplot[color=green,mark=*] coordinates {
(10,0.5909668424381593)(20,0.6783216133978826)(30,0.7488335967298502)(40,0.7812077320475461)(50,0.7743478932241346)(60,0.778985960927083)(70,0.8074431298043242)(80,0.8316399699577459)(90,0.8156563850991673)(100,0.8092920979005456)(110,0.8006149184994388)(120,0.784894840828884)(130,0.7835450282465015)(140,0.790272495661485)(150,0.790294649780305)(160,0.8410958904109589)
};
\addlegendentry{Hungarian1}

\addplot[color=green,mark=*] coordinates {
(10,0.857381781609717)(20,0.8413332447366202)(30,0.8224241035923955)(40,0.8479216071354108)(50,0.8369780762552207)(60,0.8491534221836566)(70,0.8559738038705674)(80,0.8607087789670306)(90,0.8568420121555885)(100,0.8592659604845218)(110,0.8646721884106755)(120,0.8702555687620264)(130,0.83641583281025)(140,0.8364379869290699)(150,0.8398072591662666)(160,0.8479452054794521)
};
\addlegendentry{Emb\_100}

