size	dial	Natural_Neg	Hungarian	_Japanese	_Hungarian	Portuguese	_Portuguese	All_together	_All_together
20	20	null	null	null	null	null	null	null	null
40	40	0.5163571958057187	0.5401665320112317	0.6311362326599647	0.5170774803666308	0.48739915550399415	0.5075386400709722	0.5541797577444152	0.5832426021134661
60	60	0.5511705733231159	0.6074661100620622	0.6545598817451668	0.5951833607632243	0.555390576592811	0.5809075038496667	0.6049531182025026	0.6433585614454955
80	80	0.6175216900499919	0.6736708057006672	0.6850102371790716	0.6588589568844059	0.6490022669493837	0.6405311544731086	0.6792379406454728	0.6926296056884296
100	100	0.6510233736040189	0.663748274463217	0.6696263986037568	0.6463304358050932	0.6519369281861244	0.6817318939504378	0.6940898472965206	0.7103972334768343
120	120	0.6639985735216236	0.6279157998561515	0.6732721223944494	0.6419503435352183	0.6497862717752824	0.6599869255371378	0.6862579023905555	0.7016757549917441
140	140	0.6694730779854021	0.6484493525302171	0.6724589702333063	0.6517697604754521	0.6387652574399049	0.6577004592505595	0.6939658494806258	0.6903500002115279
160	160	0.6775754026624324	0.686446204245297	0.6920426351061983	0.6709804432533065	0.6407076576691253	0.6512465222801584	0.699750728387869	0.6906842497504317
180	180	0.6797684923771878	0.7057406104042433	0.7079208441697101	0.7005991338436227	0.6606494399316977	0.658708044148863	0.7186678140430677	0.6989268214034523
200	200	0.7081868224332064	0.6958118263110865	0.7181734541209888	0.7045549816410187	0.6534110031209146	0.6851198779819451	0.7235032107030286	0.7122773235800346