size	dial	Natural_Neg	Hungarian	Russian	Hebrew	Arabic	Portuguese	All_together	German	_Japanese
10	10	0.14420321121325702	0.2505877164376843	0.16712205289795182	0.16808496004355686	0.22685114989133318	0.20952562811225448	0.27835849945577573	0.2286226641963335	0.14926621432077197
20	20	0.23245035146463944	0.3789656934302067	0.3643349810711982	0.28321059565349727	0.31715078642031164	0.353941851201599	0.41116056497132314	0.31648645318253976	0.3289960065767335
30	30	0.27204473037639715	0.38085407277443784	0.3928877933078939	0.3196189463957511	0.3525277304384261	0.3795106570207559	0.425511957891886	0.2917357966550361	0.3765121636240824
40	40	0.45280133862815325	0.48736689744237316	0.4779115732197498	0.46119399950553175	0.4540596669019866	0.5569066501056618	0.5278409638663532	0.46814658309228063	0.44644555017266496
50	50	0.46374280574797694	0.5493274220788206	0.5471302958091881	0.494767533415675	0.4968623916443953	0.5825661694522666	0.6023376825426612	0.5081049840000373	0.45567448201033445
60	60	0.45165606648051415	0.5804062491851378	0.5826465807099922	0.5113254892764095	0.515097296418321	0.5896022013126199	0.6107462930251718	0.5144620927551178	0.48076478255258276
70	70	0.48924047190011094	0.586686911617602	0.5894028307594683	0.537801843742884	0.5387700537189132	0.5888988869219751	0.6203038112863445	0.5272787805094928	0.4963058522388343
80	80	0.49492590644149403	0.5936984507182465	0.5734101148427688	0.554503366672504	0.5495921128072095	0.5942983611718724	0.6439946128184193	0.5683164105132769	0.5231215154194739
90	90	0.5104234556948415	0.6032775105305432	0.6064818597085683	0.5569672384573134	0.5835259214804809	0.5954504988577454	0.6656848367461259	0.5719286945351014	0.551176947405127
100	100	0.5353988450770755	0.6114457866802735	0.6347680067785881	0.5790680288895984	0.6161368247742048	0.611508650851919	0.6693621367530497	0.5912943146489471	0.5688888703716352
110	110	0.5432229293012326	0.6195510945172816	0.6430342914879782	0.5811494304070204	0.619883146836223	0.6175858814704399	0.6714209487910062	0.596983870161768	0.5848542062146237
120	120	0.5773014037169911	0.654174437770404	0.6796966719442936	0.6171347140983012	0.6627564337460022	0.6564050836081198	0.7173001184954749	0.6416798912843183	0.6190046163162999