\addplot[color=green,mark=*] coordinates {
(25,25)(30,30)(35,35)(40,40)(45,45)(50,50)(55,55)(60,60)(65,65)(70,70)(75,75)(80,80)(85,85)(90,90)(95,95)(100,100)(105,105)(110,110)(115,115)(120,120)(125,125)(130,130)(135,135)(140,140)(145,145)(150,150)
};
\addlegendentry{dial}

\addplot[color=green,mark=*] coordinates {
(25,0)(30,0)(35,0)(40,0)(45,0)(50,0)(55,0)(60,0)(65,0.128)(70,0.17561904761904762)(75,0.19231469979296065)(80,0.19231469979296065)(85,0.19231469979296065)(90,0.19231469979296065)(95,0.19231469979296065)(100,0.19231469979296065)(105,0.2018385093167702)(110,0.19231469979296065)(115,0.2041904761904762)(120,0.3164057971014493)(125,0.2783105590062112)(130,0.38307246376811593)(135,0.3510724637681159)(140,0.3730724637681159)(145,0.3730724637681159)(150,0.3730724637681159)
};
\addlegendentry{Natural\_Neg}

\addplot[color=green,mark=*] coordinates {
(25,0)(30,0)(35,0)(40,0)(45,0)(50,0)(55,0)(60,0)(65,0.192)(70,0.3729523809523809)(75,0.4679089026915114)(80,0.4679089026915114)(85,0.4679089026915114)(90,0.4599089026915114)(95,0.4599089026915114)(100,0.48790890269151144)(105,0.47990890269151143)(110,0.48790890269151144)(115,0.48790890269151144)(120,0.5835610766045549)(125,0.5835610766045549)(130,0.5835610766045549)(135,0.5835610766045549)(140,0.7435610766045548)(145,0.7435610766045548)(150,0.7435610766045548)
};
\addlegendentry{NLU\_Tran\_All}

\addplot[color=green,mark=*] coordinates {
(25,0)(30,0)(35,0)(40,0)(45,0)(50,0)(55,0)(60,0)(65,0.128)(70,0.308952380952381)(75,0.37782194616977227)(80,0.37782194616977227)(85,0.37782194616977227)(90,0.37782194616977227)(95,0.37782194616977227)(100,0.4178219461697722)(105,0.46130020703933744)(110,0.46130020703933744)(115,0.4178219461697722)(120,0.4786915113871636)(125,0.4786915113871636)(130,0.4786915113871636)(135,0.4786915113871636)(140,0.6186915113871636)(145,0.6186915113871636)(150,0.6795610766045549)
};
\addlegendentry{Hungarian}

\addplot[color=green,mark=*] coordinates {
(25,0)(30,0)(35,0)(40,0)(45,0)(50,0)(55,0)(60,0)(65,0.192)(70,0.3729523809523809)(75,0.364952380952381)(80,0.364952380952381)(85,0.35695238095238097)(90,0.28495238095238096)(95,0.28495238095238096)(100,0.27695238095238095)(105,0.27695238095238095)(110,0.26895238095238094)(115,0.26895238095238094)(120,0.45156107660455486)(125,0.44286542443064186)(130,0.42547412008281577)(135,0.42547412008281577)(140,0.631561076604555)(145,0.631561076604555)(150,0.631561076604555)
};
\addlegendentry{Finish}

\addplot[color=green,mark=*] coordinates {
(25,0)(30,0)(35,0)(40,0)(45,0)(50,0)(55,0)(60,0)(65,0.16799999999999998)(70,0.2853333333333333)(75,0.35072463768115936)(80,0.35072463768115936)(85,0.35072463768115936)(90,0.35072463768115936)(95,0.35072463768115936)(100,0.3707246376811594)(105,0.3707246376811594)(110,0.3707246376811594)(115,0.3707246376811594)(120,0.509855072463768)(125,0.501159420289855)(130,0.5487784679089026)(135,0.5407784679089026)(140,0.7155610766045549)(145,0.7155610766045549)(150,0.7155610766045549)
};
\addlegendentry{Best}

