size	dial	Natural_Neg	Emb_100	NLU_Tran_All	Emb_100_All	Hungarian	Emb_100_Hungarian
6	6	0.6688567637838404	0.5193735384511394	0.2798547614874331	0.20710953708494836	0.6747959893881437	0.6101898033588136
7	7	0.689015893736437	0.5550273304937777	0.293601142696028	0.23287596314196307	0.6753087139312458	0.593506267918685
8	8	0.6834263601001566	0.5382410911664965	0.29784166751291746	0.24440910655505865	0.6759592558650138	0.5769918332820738
9	9	0.7165983704991714	0.5566505157218021	0.3255570048400537	0.2529744634355563	0.6854470227819939	0.575165396185496
10	10	0.7263860438761507	0.5628356589715302	0.3300719365920134	0.2621040701128007	0.6881836878789869	0.5732480515417815
15	15	0.7510564796057769	0.5820971504858184	0.3505757763821058	0.2922985446186951	0.7129023682668867	0.5898386876047311
20	20	0.7349108606438315	0.5582320453638545	0.35366324276972083	0.308681175282936	0.69105993226594	0.5517316828545896
25	25	0.7009013294419557	0.5466191446800307	0.36086736628170885	0.3303701650230393	0.6638795223501782	0.5331554061955905
30	30	0.7068351097644074	0.5522971297561808	0.3970080976683082	0.33783400327712254	0.6613759441864253	0.5312497267506278
35	35	0.710204349132163	0.5491762699882929	0.418699529538373	0.3430591258635606	0.6765606177300101	0.5450278617534495
40	40	0.7119586871774941	0.5576686474288922	0.43416499811074283	0.35674944383923424	0.6720008848993358	0.547892180411205