size	dial	Natural_Neg	NLU_Tran_All	Hungarian	Finish	Portuguese	Arabic	Russian	Chinese	French	Hebrew
5	5	0.11648185770172981	0.1954239286014987	0.19203502567988548	0.18859981476803905	0.11299032789441052	0.1985827418439322	0.18179399047574157	0.19171377029222578	0.11846294937785344	0.17593813461988575
10	10	0.08346900256317462	0.18317313470459157	0.17301601217506546	0.15563152208749848	0.06709734248593077	0.180158613872687	0.11149744524806011	0.1499316204383108	0.0778679236051627	0.19686977619061435
15	15	0.1269404699606372	0.2241095056901509	0.19336627982963447	0.18350604665334216	0.12163352939053876	0.25662592642349247	0.17623243998305482	0.15937425310273318	0.1169352049553722	0.2261799814171968
20	20	0.15779780772873012	0.21262609610231226	0.2213418459769964	0.15819568033986647	0.15507814143531332	0.2232968914713606	0.19346046807658474	0.17128560048340197	0.1403053947518115	0.16484556102413161
25	25	0.15701553218277273	0.18119543160174445	0.2065574027348231	0.13149520368459572	0.1580115867799262	0.18013210336356683	0.16374684939363765	0.17078648477523561	0.14513745644735165	0.17210173207231566
30	30	0.20320359269844768	0.19789548739645807	0.22588739103940392	0.1419608294602495	0.20926000422419908	0.1987457014076521	0.2165175415482373	0.21443397549116713	0.16335791911995107	0.1986673269819499
35	35	0.2666049772707374	0.2939029727804141	0.32267924363970374	0.2302488324847635	0.32434799414584026	0.295067907003823	0.316146864361786	0.2751550920665029	0.27288607383994323	0.3069916561701975
40	40	0.2938955377640983	0.2940695083242917	0.3333591134825258	0.24292052601494807	0.366216887846652	0.3155884705265969	0.31309773298367743	0.2937348370052973	0.2851618559216397	0.320536551384929
45	45	0.29681215631405516	0.30864513333819976	0.35091219249341254	0.27432308148179285	0.3731518313566021	0.34271954076237854	0.3217712745491681	0.29806788180833654	0.29055548170078416	0.33956060042312985
50	50	0.3275153987544463	0.32909287645055335	0.38469263401865267	0.30090878043087954	0.39725735967628756	0.3665261085046125	0.34439766626348045	0.3182714457688634	0.3306564904502705	0.36552273444776073
55	55	0.3014185754025103	0.337631140354485	0.36832414425390936	0.3086232728961974	0.3859267678236732	0.3521034811205105	0.32300306128260625	0.3127791626697043	0.3289389711698773	0.3403233798832598
60	60	0.3149539089913931	0.35374956806284874	0.3779566675455305	0.33595976708469477	0.39081836706519807	0.3627060068416572	0.32938798144746195	0.33194962939837447	0.33932113587296314	0.35460939308133077
65	65	0.3173492960363272	0.3569669983464602	0.37612832696542714	0.3283766587942881	0.39169454795490444	0.3738366693477637	0.3404405589177214	0.32371919813086775	0.34069465894668066	0.3708127260730895
70	70	0.3172417641725457	0.33718840225890523	0.38723910698236036	0.3039118138527044	0.3625546879945477	0.3595359706222224	0.3317643368253394	0.31749290473770847	0.3389331485347972	0.3673171992001119