size	dial	Natural_Neg	NLU_Tran_All	French+German+Potuguese	Russian+Spanish+Arabic	Finish+Hungarian+Hebrew
5	5	0.5903823036025297	0.6915559761478367	0.6781757529136441	0.6754274051502476	0.7051455655386887
10	10	0.6783747467106124	0.734303008772115	0.707013767046763	0.7124338390196332	0.7220721500977364
15	15	0.6935971091787262	0.7444015699997881	0.7188395367634122	0.7247676110505745	0.736038071919175
20	20	0.6805220496431799	0.7377230299379719	0.7050961561756028	0.7296716453260572	0.7442324214457524
25	25	0.6995255530987078	0.747444733964623	0.7106775643027952	0.7352168315426674	0.7472226352195832
30	30	0.7047475067758315	0.7416989887416493	0.7110190260230835	0.7382611209014363	0.7435330548060697
35	35	0.7143372038005281	0.7482312691217217	0.7173533631533908	0.7410909486051537	0.7440874701876445
40	40	0.7268871735313371	0.7562503646151799	0.7382162394780003	0.7528969755581003	0.7628787003024518
45	45	0.7274634816080011	0.766642340643508	0.7467792791759293	0.7634284071512253	0.7732256653382132
50	50	0.7401292641010087	0.7730895408881289	0.7529144393502677	0.767966296804318	0.7799565894675627
55	55	0.7444774825193159	0.7732005768178587	0.7539679492800209	0.7660560583659415	0.7768498790487836
60	60	0.751264609802601	0.7718886629104297	0.7554596698219891	0.7671832540576545	0.776921449905719
65	65	0.7568547149101722	0.7810517318231602	0.766522387706474	0.7719406535937938	0.784706163516851
70	70	0.7579955878553772	0.7842954113598527	0.7698811210567416	0.7780950249484069	0.7855020704267398