size	dial	Natural_Neg	NLU_Tran_All	French+German+Potuguese	Finish+Hungarian+Chinese	Russian+Hebrew+Arabic	Hungarian	Finish
5	5	0.6792234408190455	0.6439672801261127	0.6139700280995254	0.6564553884179316	0.6167019231885311	0.6546260384212523	0.5748767212307586
10	10	0.5744015854802732	0.5907159022133385	0.578006335027788	0.6572434439039506	0.5919095432290927	0.6129153515627503	0.6514281426808736
15	15	0.5708243190235718	0.5935252867157754	0.5529040235141809	0.5956344778028784	0.5852608998145233	0.5901774297500679	0.5976607314892513
20	20	0.6175454037230138	0.6085698906205359	0.6021939357911579	0.6406265114004125	0.6085503113692835	0.6276406710428509	0.6252887777078902
25	25	0.6606561091474445	0.6760276946350263	0.624094088568112	0.682684545256449	0.6589559263818511	0.6770588221701279	0.6712119681948946
30	30	0.6518009524726275	0.7089527494074724	0.6534474334916418	0.7162940590377344	0.6738147290106625	0.7157858134130382	0.7055081818279456
35	35	0.6449574017319604	0.74406925627529	0.6850285436939015	0.7479949876125608	0.6828455637852285	0.7318178986512629	0.7253076871566437
40	40	0.6697383950668583	0.7447540514351674	0.6739442115767661	0.7558849796029349	0.6966966223891631	0.7333526468958587	0.7409296272085489
45	45	0.71628081535886	0.7658232007702152	0.7295739085496612	0.7829999231123029	0.7213451847046003	0.7779004531161903	0.7647423386645469
50	50	0.7160961217093924	0.7681820682548206	0.7433615526149013	0.7852044977217396	0.7223937759634508	0.7920520824675046	0.7594720134755129
55	55	0.7298122703514311	0.7737341695294656	0.745581798005677	0.7912211442820609	0.7311208691207804	0.7896040931940304	0.7768624576469322
60	60	0.7357539229192951	0.7881643482627467	0.7603559194790406	0.7935728423924776	0.7667019332173375	0.7902028349919541	0.7771604582788216
65	65	0.7444257103862418	0.8011291483142948	0.776180782866313	0.8082172560132175	0.7814625718740931	0.8068478550002862	0.7906591648927732
70	70	0.7544454980557372	0.8036021782652467	0.7833084758319734	0.8133145740788341	0.7879816153843889	0.8201101378393677	0.8007660203062794