\addplot[color=green,mark=*] coordinates {
(1,1)(2,2)(3,3)(4,4)(5,5)(6,6)(7,7)(8,8)(9,9)(10,10)(15,15)(20,20)(25,25)(30,30)(35,35)(40,40)(45,45)(50,50)(55,55)(60,60)(65,65)(70,70)
};
\addlegendentry{dial}

\addplot[color=green,mark=*] coordinates {
(1,0.12434193009930146)(2,0.13180141492497777)(3,0.20262001062607204)(4,0.2198300848813733)(5,0.1885525177967491)(6,0.20785828947906143)(7,0.19876408488423222)(8,0.1926006821275313)(9,0.19939492803286413)(10,0.19968834845104233)(15,0.25140083987309586)(20,0.27708148671717703)(25,0.31471582438221724)(30,0.33829853083593536)(35,0.3725827075488914)(40,0.3863993564780472)(45,0.40804210138634794)(50,0.4133515899655832)(55,0.42595368049120247)(60,0.4358774230599411)(65,0.44558837228498005)(70,0.436158147255739)
};
\addlegendentry{Natural\_Neg}

\addplot[color=green,mark=*] coordinates {
(1,0.12434193009930146)(2,0.15352081921329724)(3,0.20765224402531576)(4,0.22053186244922465)(5,0.19425850836213748)(6,0.216234206973322)(7,0.2164712884924309)(8,0.21771542357819543)(9,0.2253254653950095)(10,0.23071724141839325)(15,0.25411739411823875)(20,0.2771296121054788)(25,0.3218071302805455)(30,0.3350663403662574)(35,0.36641592536542295)(40,0.38115661426736225)(45,0.4063327565888697)(50,0.4129103537789412)(55,0.42415633726207097)(60,0.43190525783599315)(65,0.44754922737459424)(70,0.4438659222157743)
};
\addlegendentry{Google\_French}

\addplot[color=green,mark=*] coordinates {
(1,0.12434193009930146)(2,0.15896942232302455)(3,0.204895554341543)(4,0.22383543765062353)(5,0.20437284575508893)(6,0.2238581384163835)(7,0.2272783309569543)(8,0.22359079380977404)(9,0.23199154132054317)(10,0.23501240200162946)(15,0.25432871861170847)(20,0.2739517311975136)(25,0.32136061704017704)(30,0.33614370276363836)(35,0.3702961527488045)(40,0.3784921180051545)(45,0.40169386095857806)(50,0.41310705844659773)(55,0.42752863622123166)(60,0.4401269241501858)(65,0.45056236252041826)(70,0.4476650682607722)
};
\addlegendentry{French}

\addplot[color=green,mark=*] coordinates {
(1,0.12434193009930146)(2,0.15412981469305226)(3,0.20847914785530047)(4,0.23028033279718305)(5,0.21178829510005448)(6,0.2421204767330007)(7,0.24847986112203274)(8,0.24322109373269868)(9,0.2478931503292542)(10,0.2624636730661861)(15,0.3023744671813127)(20,0.32605310333229887)(25,0.34355621070304476)(30,0.3790483549806188)(35,0.4123460615092401)(40,0.4292030754884256)(45,0.4434868278860506)(50,0.4463747393307159)(55,0.4630698468275762)(60,0.4687482645040072)(65,0.48093309483547697)(70,0.4785353879508924)
};
\addlegendentry{NLU\_Tran\_All}

\addplot[color=green,mark=*] coordinates {
(1,0.12434193009930146)(2,0.15596188039850928)(3,0.20840587710830585)(4,0.23713473387908465)(5,0.21292822101682557)(6,0.24106086896608026)(7,0.24156845555049059)(8,0.24829000980335675)(9,0.24993951046480772)(10,0.2674168050420079)(15,0.28810648803415856)(20,0.3217863382870377)(25,0.35774240185369044)(30,0.3839095611928333)(35,0.41625086666738265)(40,0.42831973414508295)(45,0.44242940170894923)(50,0.4544570887532563)(55,0.45681835269042204)(60,0.4635414026015735)(65,0.4761809363606274)(70,0.46741354890101033)
};
\addlegendentry{Hungarian}

\addplot[color=green,mark=*] coordinates {
(1,0.12434193009930146)(2,0.15526412544095342)(3,0.19623828902464324)(4,0.21379337789384686)(5,0.20440837169358747)(6,0.224696180838062)(7,0.23048966768716786)(8,0.2365798341131331)(9,0.23804315485913574)(10,0.25276723778766386)(15,0.2800321733446636)(20,0.3004898310950773)(25,0.3263440648260182)(30,0.34988552907959175)(35,0.3795509031332218)(40,0.39600540391260153)(45,0.41429436768686256)(50,0.42340668466017595)(55,0.4364496668757517)(60,0.446332164411953)(65,0.46089626709478065)(70,0.45887026033082823)
};
\addlegendentry{Google\_Hungarian}

