\addplot[color=green,mark=*] coordinates {
(25,25)(30,30)(35,35)(40,40)(45,45)(50,50)(55,55)(60,60)(65,65)(70,70)(75,75)(80,80)(85,85)(90,90)(95,95)(100,100)(105,105)(110,110)(115,115)(120,120)(125,125)(130,130)(135,135)(140,140)(145,145)(150,150)
};
\addlegendentry{dial}

\addplot[color=green,mark=*] coordinates {
(25,0.17629743186840324)(30,0.1783263141103966)(35,0.18039602305757588)(40,0.18411605777705825)(45,0.18168567803022279)(50,0.18226990393090442)(55,0.2238730349538378)(60,0.24220908219226484)(65,0.24187608185926454)(70,0.22799366797685067)(75,0.21978853977172244)(80,0.22918779548676765)(85,0.21630900760797975)(90,0.23328264429992634)(95,0.23389781859931116)(100,0.23986874640568198)(105,0.24477198677837947)(110,0.251960080694621)(115,0.29189689576054)(120,0.30270511028436176)(125,0.2984349729656662)(130,0.30802865568524046)(135,0.30643235724683676)(140,0.3465349620480225)(145,0.356934822601937)(150,0.4002557731674011)
};
\addlegendentry{Natural\_Neg}

\addplot[color=green,mark=*] coordinates {
(25,0.13695374441922095)(30,0.1659836381811644)(35,0.16914183513781098)(40,0.162502966688788)(45,0.1578639169209555)(50,0.16175477303296854)(55,0.1960724099092408)(60,0.20514365139132945)(65,0.20757639992934113)(70,0.19433693607132058)(75,0.19031076440538858)(80,0.22927818154640653)(85,0.22583650117147247)(90,0.26017425106377756)(95,0.2523159179283528)(100,0.2504219785344134)(105,0.2537181109002741)(110,0.24008162404746844)(115,0.28488451433047873)(120,0.29514462918296364)(125,0.2687229198795623)(130,0.2724055059326154)(135,0.2616314665871475)(140,0.2967674342464258)(145,0.29543053585070395)(150,0.3188952392912333)
};
\addlegendentry{NLU\_Tran\_All}

\addplot[color=green,mark=*] coordinates {
(25,0.13475979784870115)(30,0.15116456681850382)(35,0.15966376491447343)(40,0.15912725724409033)(45,0.1563888049911942)(50,0.15665272893417884)(55,0.19338456923805758)(60,0.22742560349485083)(65,0.22774636136089735)(70,0.21995180193409278)(75,0.18912798603863507)(80,0.19781781083931987)(85,0.1974739539939854)(90,0.22144384535282285)(95,0.20313584063919077)(100,0.200135069235058)(105,0.2005490070320552)(110,0.19974015312585616)(115,0.22501339732483938)(120,0.2701515497441494)(125,0.2491768294789194)(130,0.248833594116482)(135,0.25326327296476553)(140,0.31511613361762614)(145,0.3154822928682116)(150,0.31534940220631996)
};
\addlegendentry{French+Potuguese}

\addplot[color=green,mark=*] coordinates {
(25,0.23433938923968833)(30,0.19298712542868388)(35,0.19114065085493656)(40,0.18981091603896322)(45,0.1786736571175604)(50,0.1749711475738873)(55,0.23238737332344636)(60,0.27478162501689096)(65,0.280160692905791)(70,0.27567383792283395)(75,0.2641551624884958)(80,0.2655190096118366)(85,0.2649782943116276)(90,0.25308211273123554)(95,0.2523663062192931)(100,0.25509318842652173)(105,0.2616169535709766)(110,0.2578074297614527)(115,0.26713377600414595)(120,0.27592382031349305)(125,0.2679226047028255)(130,0.27252798798611344)(135,0.25060742986433476)(140,0.2807689648952377)(145,0.2823233318322005)(150,0.2849043212338142)
};
\addlegendentry{Finish+Hungarian}

\addplot[color=green,mark=*] coordinates {
(25,0.21030851777330647)(30,0.18713615023474178)(35,0.18802231247059725)(40,0.18837071813597633)(45,0.1916474284302305)(50,0.2253075186572119)(55,0.258740750442243)(60,0.2492100275817454)(65,0.2468213982875967)(70,0.24777651460890357)(75,0.24210298583187564)(80,0.2555692152707078)(85,0.2526264651369464)(90,0.2722457136718576)(95,0.2598762618154962)(100,0.2593015491718181)(105,0.26920263406844586)(110,0.27171064454411703)(115,0.34223325490826073)(120,0.3273363460642078)(125,0.30488232058381315)(130,0.2990239320987332)(135,0.2972353142125543)(140,0.34515795660853466)(145,0.34870679490137835)(150,0.3593154113963228)
};
\addlegendentry{Arabic+Hebrew}

\addplot[color=green,mark=*] coordinates {
(25,0.21280886338275148)(30,0.20209837781266354)(35,0.1892396938860184)(40,0.19983508554937127)(45,0.1879754705358454)(50,0.17888930988528573)(55,0.21535791796261852)(60,0.2145003770739065)(65,0.20917474682180565)(70,0.20528788099945597)(75,0.20558079691206627)(80,0.2129949266419855)(85,0.21119672484378368)(90,0.2356979170321825)(95,0.23526567448818092)(100,0.245482151835093)(105,0.2510272097862769)(110,0.250263178049574)(115,0.29298566499377865)(120,0.28004812000901885)(125,0.2732468476253046)(130,0.2890711857142082)(135,0.27764634361736723)(140,0.308290165488439)(145,0.30913501426946616)(150,0.31490414486326374)
};
\addlegendentry{Hungarian}

\addplot[color=green,mark=*] coordinates {
(25,0.22161382958624598)(30,0.20512730121425776)(35,0.1960613671483237)(40,0.19583237736887993)(45,0.197344843397475)(50,0.1887947608747897)(55,0.23263037731314587)(60,0.25810966810966807)(65,0.2518754575741725)(70,0.23323249438149363)(75,0.20750169126241197)(80,0.2563348305323258)(85,0.26138305648447635)(90,0.2775540873415179)(95,0.2776923255909044)(100,0.2705817637801745)(105,0.2797261809721199)(110,0.27541387161966296)(115,0.3088384081104691)(120,0.3119311660546946)(125,0.29325011399908796)(130,0.30703075065974045)(135,0.3052967572642554)(140,0.33755819331231746)(145,0.33513291297229214)(150,0.3365573884666732)
};
\addlegendentry{Finish}

\addplot[color=green,mark=*] coordinates {
(25,0.17120922771798824)(30,0.17477030432254312)(35,0.17550394703335878)(40,0.1835039470333588)(45,0.18312409645712172)(50,0.19352499734323386)(55,0.22934589286562188)(60,0.22588160893410886)(65,0.21519923244548203)(70,0.21378897603522562)(75,0.19431210682824465)(80,0.19101749565076961)(85,0.1931672010094258)(90,0.21318172026465607)(95,0.21393493061010735)(100,0.2092230926038768)(105,0.22276797594574466)(110,0.21779249117819424)(115,0.23808664587711084)(120,0.27290636378709554)(125,0.2574009961587168)(130,0.2589284090832772)(135,0.2563875944624492)(140,0.31940482442581164)(145,0.3292621063262363)(150,0.3506927005113238)
};
\addlegendentry{Portuguese}

\addplot[color=green,mark=*] coordinates {
(25,0.1905194805194805)(30,0.189481981981982)(35,0.1902098300832478)(40,0.19526539278131635)(45,0.2021029996189232)(50,0.20851153630915)(55,0.2409626872616594)(60,0.23920357903529404)(65,0.22627267715037105)(70,0.2183260561658023)(75,0.21212555170493505)(80,0.21941499279503934)(85,0.21771535104288167)(90,0.23798756218905473)(95,0.2406289644608918)(100,0.24437396472061854)(105,0.25123152903226464)(110,0.2486260903275829)(115,0.30618005381072966)(120,0.30938066879913634)(125,0.30781811723975905)(130,0.3068258667808091)(135,0.3123345303539888)(140,0.3633736947695456)(145,0.3692244798052286)(150,0.37537633566002093)
};
\addlegendentry{Arabic}

\addplot[color=green,mark=*] coordinates {
(25,0.15805112775537206)(30,0.16746202307177918)(35,0.1710878264513495)(40,0.17331004867357175)(45,0.18306894171961638)(50,0.18317371074378805)(55,0.211851749123319)(60,0.21445582445061734)(65,0.217228117280487)(70,0.21499351384404547)(75,0.21229247935655787)(80,0.2179025134349919)(85,0.21202346877504147)(90,0.21816163108221787)(95,0.2196854406060274)(100,0.22405295293865599)(105,0.2331331998522362)(110,0.22411524250094556)(115,0.2849740629939124)(120,0.29087593889578833)(125,0.27757016248941946)(130,0.28485110177597134)(135,0.2807623190121638)(140,0.3259388349138316)(145,0.328454345981731)(150,0.39573714615247624)
};
\addlegendentry{Russian}

