size	dial	Natural_Neg	NLU_Tran_All	Emb_50	Hungarian	Emb_50_Hungarian	Emb_50_All
1	1	0.3850930761752503	0.3850930761752503	0.3850930761752503	0.3850930761752503	0.3850930761752503	0.3850930761752503
2	2	0.41230356455633277	0.45453782334818926	0.42221433775131106	0.4713521599028222	0.4340680741777153	0.4302195312049249
3	3	0.42278471250004684	0.46942887399372635	0.48370594095442676	0.4779373983828231	0.4820238484221172	0.4680826036151965
4	4	0.4423961069431758	0.48380663208965047	0.4802208557080423	0.4910958188736282	0.4996965737315556	0.4706305815734539
5	5	0.39129420876353777	0.44329680034906593	0.4759243560112944	0.462763961648311	0.5035237655922163	0.4780147872763454
6	6	0.41706212857413527	0.45796978915681325	0.48081511320139925	0.4578080652246082	0.5155353206471748	0.48744871116388533
7	7	0.43162208985238787	0.4788153108661429	0.5063790280377607	0.4761070631778188	0.5329197942996664	0.5055614170018363
8	8	0.4244016616944353	0.4789832076887019	0.5168345166892121	0.47841204874499643	0.5302591812292874	0.5036573523709404
9	9	0.4150886117236511	0.4736605418988781	0.5151417743923365	0.47529290961119514	0.5326551340135722	0.5052092092424055
10	10	0.3933743100273472	0.4676131482095303	0.5249124274850145	0.4648467507019792	0.5420136129131776	0.5127237929892996
15	15	0.3944352889758023	0.48551000084991147	0.5331105393559536	0.4783159890164911	0.5604311909452415	0.534735952265493
20	20	0.4004718588408542	0.5075797803867292	0.5417363353805001	0.4945517735237587	0.5735631904465234	0.5455991048262894
25	25	0.456857178113815	0.5439044783218999	0.5692775629639616	0.5318051722481445	0.5895995692079528	0.5681258060558327
30	30	0.46661858581965987	0.5690809929429682	0.5740049652474584	0.5528290627283254	0.5882996264081729	0.5893803253339274
35	35	0.48546065539616096	0.5759262913114779	0.5927469307387516	0.5741345919762997	0.6037710976115038	0.5982066237373516
40	40	0.5199197148718787	0.5974516590523258	0.5893863825792367	0.600289974475421	0.6142916747172611	0.6055255302164178