\addplot[color=green,mark=*] coordinates {
(20,20)(30,30)(40,40)(50,50)(60,60)(70,70)(80,80)(90,90)(100,100)(110,110)(120,120)(130,130)(140,140)(150,150)(160,160)(170,170)(180,180)(190,190)(200,200)(210,210)
};
\addlegendentry{dial}

\addplot[color=green,mark=*] coordinates {
(20,0)(30,0)(40,0)(50,0)(60,0)(70,0)(80,0)(90,0)(100,0)(110,0.014285714285714285)(120,0.045054945054945054)(130,0.07582417582417583)(140,0.07582417582417582)(150,0.09120879120879122)(160,0.09120879120879122)(170,0.09120879120879122)(180,0.09120879120879122)(190,0.07582417582417583)(200,0.06043956043956045)(210,0.07582417582417582)
};
\addlegendentry{Natural\_Neg}

\addplot[color=green,mark=*] coordinates {
(20,0)(30,0)(40,0)(50,0)(60,0)(70,0)(80,0)(90,0)(100,0)(110,0)(120,0.015384615384615385)(130,0.06153846153846154)(140,0.058653846153846154)(150,0.07403846153846154)(160,0.07293956043956044)(170,0.07293956043956044)(180,0.046153846153846156)(190,0.046153846153846156)(200,0.06043956043956045)(210,0.06043956043956045)
};
\addlegendentry{Hungarian}

\addplot[color=green,mark=*] coordinates {
(20,0)(30,0)(40,0)(50,0)(60,0)(70,0)(80,0)(90,0)(100,0)(110,0.014285714285714285)(120,0.02967032967032967)(130,0.07582417582417582)(140,0.07582417582417582)(150,0.07582417582417582)(160,0.06043956043956045)(170,0.06043956043956045)(180,0.06043956043956045)(190,0.06043956043956045)(200,0.06043956043956045)(210,0.06043956043956045)
};
\addlegendentry{Russian}

\addplot[color=green,mark=*] coordinates {
(20,0)(30,0)(40,0)(50,0)(60,0)(70,0)(80,0)(90,0)(100,0)(110,0)(120,0.06153846153846154)(130,0.07692307692307693)(140,0.07692307692307693)(150,0.07692307692307693)(160,0.07692307692307693)(170,0.06153846153846154)(180,0.06153846153846154)(190,0.046153846153846156)(200,0.046153846153846156)(210,0.046153846153846156)
};
\addlegendentry{Hebrew}

\addplot[color=green,mark=*] coordinates {
(20,0)(30,0)(40,0)(50,0)(60,0)(70,0)(80,0)(90,0)(100,0)(110,0)(120,0.015384615384615385)(130,0.046153846153846156)(140,0.046153846153846156)(150,0.046153846153846156)(160,0.06043956043956045)(170,0.06043956043956045)(180,0.046153846153846156)(190,0.046153846153846156)(200,0.06043956043956045)(210,0.06043956043956045)
};
\addlegendentry{Arabic}

\addplot[color=green,mark=*] coordinates {
(20,0)(30,0)(40,0)(50,0)(60,0)(70,0)(80,0)(90,0)(100,0)(110,0)(120,0)(130,0.03076923076923077)(140,0.04326923076923077)(150,0.04326923076923077)(160,0.05755494505494505)(170,0.05755494505494505)(180,0.07293956043956044)(190,0.07293956043956044)(200,0.07293956043956044)(210,0.07293956043956044)
};
\addlegendentry{Portuguese}

\addplot[color=green,mark=*] coordinates {
(20,0)(30,0)(40,0)(50,0)(60,0)(70,0)(80,0)(90,0)(100,0)(110,0)(120,0.03076923076923077)(130,0.07692307692307693)(140,0.07692307692307693)(150,0.09230769230769231)(160,0.10659340659340659)(170,0.10659340659340659)(180,0.10659340659340662)(190,0.10659340659340662)(200,0.0912087912087912)(210,0.0912087912087912)
};
\addlegendentry{All\_together}

\addplot[color=green,mark=*] coordinates {
(20,0)(30,0)(40,0)(50,0)(60,0)(70,0)(80,0)(90,0)(100,0)(110,0.014285714285714285)(120,0.07582417582417582)(130,0.12197802197802199)(140,0.134478021978022)(150,0.14986263736263736)(160,0.14986263736263736)(170,0.14986263736263736)(180,0.134478021978022)(190,0.134478021978022)(200,0.11909340659340661)(210,0.11909340659340661)
};
\addlegendentry{German}

\addplot[color=green,mark=*] coordinates {
(20,0)(30,0)(40,0)(50,0)(60,0)(70,0)(80,0)(90,0)(100,0)(110,0)(120,0.046153846153846156)(130,0.046153846153846156)(140,0.046153846153846156)(150,0.09230769230769231)(160,0.10659340659340662)(170,0.10659340659340662)(180,0.10659340659340662)(190,0.10659340659340662)(200,0.10659340659340662)(210,0.10659340659340662)
};
\addlegendentry{\_Japanese}

