size	dial	Natural_Neg	NLU_Tran_All	French+German+Potuguese	Russian+Spanish+Arabic	Finish+Hungarian+Hebrew
5	5	0.10766386683872912	0.5587672541971042	0.106110064234361	0.17982510823404887	0.5417340140911291
10	10	0.1755808241232531	0.5257440731529448	0.17792804295114975	0.2963897926217656	0.5226004630304841
15	15	0.1795214707599945	0.499593000104294	0.1724644777400473	0.2919349638945075	0.516101650117301
20	20	0.22671922038113754	0.4880026996103191	0.2274386528034201	0.37372851852605915	0.504669188845025
25	25	0.26072170262671096	0.4820754056985991	0.2556812623541572	0.36062745999861573	0.49800041454294836
30	30	0.2647975605766387	0.4401617382194612	0.25593823327943477	0.3428303098969595	0.4612680332515146
35	35	0.3167313987588095	0.430406241969878	0.28223005523680805	0.37886988663308335	0.4653342754149925
40	40	0.3894970975727668	0.4650826415568859	0.37003796723750837	0.47595412207044063	0.4986983909645376
45	45	0.39330571187283686	0.47301989692524693	0.39376285497226987	0.48196540607044314	0.4912480732906081
50	50	0.43505684339746775	0.48314103314299733	0.44709706792188203	0.49419182742410134	0.49925042469735603
55	55	0.42536390150261855	0.48176334380628044	0.4361491421879474	0.4861027462057844	0.4915384968421078
60	60	0.41188336312940244	0.4665679214602493	0.4375900890411878	0.479831282591382	0.47943461688258343
65	65	0.40342439400087615	0.46329825099371513	0.45069112698121466	0.4741270469276122	0.4920530426285518
70	70	0.4106675717339936	0.4662532363840414	0.45161864151980396	0.4822539650819381	0.4927914643878103