\addplot[color=green,mark=*] coordinates {
(25,25)(30,30)(35,35)(40,40)(45,45)(50,50)(55,55)(60,60)(65,65)(70,70)(75,75)(80,80)(85,85)(90,90)(95,95)(100,100)(105,105)(110,110)(115,115)(120,120)(125,125)(130,130)(135,135)(140,140)(145,145)(150,150)
};
\addlegendentry{dial}

\addplot[color=green,mark=*] coordinates {
(25,null)(30,null)(35,null)(40,null)(45,null)(50,null)(55,0.639047619047619)(60,0.652548036758563)(65,0.6571749887539362)(70,0.6385659661975451)(75,0.6022683255441876)(80,0.6140170940170939)(85,0.5984196097403645)(90,0.580364054184809)(95,0.5919025157232705)(100,0.5919117647058825)(105,0.6000906394199077)(110,0.6124806201550388)(115,0.6182480818414322)(120,0.5538831467126041)(125,0.5279817883266159)(130,0.5311437869705423)(135,0.5293813348632626)(140,0.5403206058846303)(145,0.5503633720930232)(150,0.5410117766618842)
};
\addlegendentry{Natural\_Neg}

\addplot[color=green,mark=*] coordinates {
(25,null)(30,null)(35,null)(40,null)(45,null)(50,null)(55,0.5875901875901876)(60,0.5727489177489178)(65,0.5841347270615562)(70,0.5613003663003664)(75,0.5649328449328449)(80,0.6115995115995115)(85,0.6262762762762762)(90,0.6436758563074353)(95,0.6436758563074353)(100,0.6495238095238095)(105,0.6276420217209691)(110,0.668646377469907)(115,0.6826546250684182)(120,0.6102779471200523)(125,0.5504262586969354)(130,0.5489667940754897)(135,0.5380590900327743)(140,0.5264142354267546)(145,0.5329985895067246)(150,0.564832212121468)
};
\addlegendentry{NLU\_Tran\_All}

\addplot[color=green,mark=*] coordinates {
(25,null)(30,null)(35,null)(40,null)(45,null)(50,null)(55,0.614445723053318)(60,0.7106060606060606)(65,0.7043560606060606)(70,0.6281707794751273)(75,0.5439567002612915)(80,0.5612905402366065)(85,0.5465958507365201)(90,0.5792481203007519)(95,0.5721764545293957)(100,0.5835778635778636)(105,0.5810040605389443)(110,0.5673816425120772)(115,0.5676470588235294)(120,0.5532430677316709)(125,0.5420247568523431)(130,0.5430462115880835)(135,0.5428548850574713)(140,0.5194011674718196)(145,0.520864252133602)(150,0.526511610722137)
};
\addlegendentry{French+German+Potuguese}

\addplot[color=green,mark=*] coordinates {
(25,null)(30,null)(35,null)(40,null)(45,null)(50,null)(55,0.6989210789210789)(60,0.7585714285714286)(65,0.7950207961972667)(70,0.7003348058591026)(75,0.6793333333333333)(80,0.6965493443754314)(85,0.6962962962962962)(90,0.6788603988603988)(95,0.6859199280251912)(100,0.671274619100706)(105,0.6811507936507937)(110,0.7100723622782447)(115,0.6541268541268541)(120,0.5863826232247284)(125,0.5851731601731601)(130,0.5691289355322339)(135,0.5595531779564763)(140,0.5458297258297258)(145,0.5662596662596663)(150,0.5716093117408907)
};
\addlegendentry{Finish+Hungarian+Chinese}

\addplot[color=green,mark=*] coordinates {
(25,null)(30,null)(35,null)(40,null)(45,null)(50,null)(55,0.64351430683138)(60,0.5962451583504215)(65,0.6148272642390289)(70,0.6115567765567765)(75,0.5912170131210379)(80,0.6042762792762792)(85,0.6238041370394312)(90,0.60905076106689)(95,0.6041666666666667)(100,0.6064655172413793)(105,0.6483333333333333)(110,0.6658424908424908)(115,0.6381466094880729)(120,0.6362126245847176)(125,0.6007518796992481)(130,0.5901098901098901)(135,0.5841269841269842)(140,0.5710381723539617)(145,0.5822747692559013)(150,0.5798257896640646)
};
\addlegendentry{Spanish+Hebrew+Arabic}

\addplot[color=green,mark=*] coordinates {
(25,null)(30,null)(35,null)(40,null)(45,null)(50,null)(55,0.7033536221506147)(60,0.6832076420311715)(65,0.741025641025641)(70,0.7091468531468531)(75,0.6152820512820514)(80,0.6466666666666667)(85,0.6422988505747126)(90,0.6618762718762718)(95,0.6566666666666666)(100,0.6520879120879121)(105,0.6662050890883842)(110,0.6712775528565003)(115,0.6490842490842491)(120,0.5795889026281184)(125,0.573373090604729)(130,0.5699672855879753)(135,0.5589125188536953)(140,0.5438437184705841)(145,0.5619757503478434)(150,0.5115057216402885)
};
\addlegendentry{Hungarian}

\addplot[color=green,mark=*] coordinates {
(25,null)(30,null)(35,null)(40,null)(45,null)(50,null)(55,0.6667752148349163)(60,0.5810813823857301)(65,0.5923181818181819)(70,0.5805689655172414)(75,0.6010855810855811)(80,0.5932493540051679)(85,0.5943521594684386)(90,0.6090567327409432)(95,0.5953510374401477)(100,0.5922698049471504)(105,0.6203463203463204)(110,0.6293183940242764)(115,0.5880389570044742)(120,0.5421523928102057)(125,0.5312605042016807)(130,0.5192666264818164)(135,0.5217413739565638)(140,0.5243240093240094)(145,0.5297983750745379)(150,0.536488976140139)
};
\addlegendentry{Finish}

