size	dial	Natural_Neg	NLU_Tran_All	French+German+Potuguese	Finish+Hungarian+Chinese	Spanish+Hebrew+Arabic	Hungarian	Finish
25	25	0.17629743186840324	0.13893131738303327	0.12543059392092246	0.1574967740164182	0.13455710629878928	0.22582459340325273	0.21419778481012658
30	30	0.1783263141103966	0.16321824648310826	0.13696044771492719	0.15678280990322285	0.21520478374223875	0.19918653681499357	0.19851117681626157
35	35	0.18039602305757588	0.16092619819979606	0.14254131084222116	0.15777269239583563	0.22035414801995307	0.20269708533820033	0.1912163840598866
40	40	0.18411605777705825	0.16225145574496352	0.1386435664813189	0.15934792951066512	0.22011142808377832	0.18994018156844578	0.1905146296739217
45	45	0.18168567803022279	0.1603988797516094	0.123787805838841	0.1565310743027763	0.21758617555852577	0.17952163293851503	0.19193306939023377
50	50	0.18226990393090442	0.1681082315743421	0.12848995837140825	0.17392325855962218	0.20269932532972015	0.1843937329984045	0.18704599053055215
55	55	0.2238730349538378	0.2115299019129183	0.16818727665802397	0.2077177718595725	0.23995239820065958	0.2106854142565302	0.22822246111878747
60	60	0.24220908219226484	0.21079509230592824	0.1961606342150679	0.24527505556478343	0.25598226990908557	0.22322378360648526	0.2518496195592566
65	65	0.24187608185926454	0.2122956352937378	0.21059012629161883	0.24329660264982494	0.2579643617036957	0.2182193756109169	0.22923399674435302
70	70	0.22799366797685067	0.20029681467274937	0.19086270585831602	0.2294283351649425	0.2536047847354231	0.20501727220917645	0.22720291542578205
75	75	0.21978853977172244	0.196619954194235	0.16426851573471418	0.21342633418045825	0.24681654270903763	0.19884729649435534	0.2073636549963666
80	80	0.22918779548676765	0.21923678217532538	0.17540673258710718	0.22122467895356873	0.24962721871258736	0.2110494673172158	0.23428814575819518
85	85	0.21630900760797975	0.2226975966086256	0.17049862359142048	0.22069864642753617	0.25992470866515105	0.20980963779377526	0.23817496229260934
90	90	0.23328264429992634	0.23278112967759715	0.2024577121592047	0.2341770599059497	0.26064917194948156	0.24585240195876779	0.2850153136939156
95	95	0.23389781859931116	0.2284706273944921	0.19336438900877176	0.23554642927531905	0.25424608202050375	0.24277852513146633	0.26833188717678336
100	100	0.23986874640568198	0.2284706273944921	0.18610013682902662	0.23613880247043198	0.25262220826832216	0.25200375035669154	0.2622136871715813
105	105	0.24477198677837947	0.21650443838205363	0.19111546570305116	0.25323079607302884	0.2624560989054256	0.24454868576484506	0.277390535161433
110	110	0.251960080694621	0.2183758541687792	0.18463878678898704	0.2508315020376443	0.26406531377233433	0.24507546364017435	0.2687683657193127
115	115	0.29189689576054	0.2876613150018287	0.20865521695047842	0.29741699732594684	0.29145875404425337	0.2895841427829121	0.30464571013590624
120	120	0.30270511028436176	0.2968653986442428	0.2576547884052072	0.29249256792734013	0.3027521277397002	0.2814659146231815	0.3203444201782965
125	125	0.2984349729656662	0.2678272504336621	0.2352661944231677	0.27030399056758714	0.29581600868319813	0.27158437164454424	0.2996373084221281
130	130	0.30802865568524046	0.2676762896121839	0.23962371242379654	0.27975733095786226	0.2927187563697066	0.286921557312705	0.3074913132408389
135	135	0.30643235724683676	0.2569850453725525	0.24473880193786304	0.2783229965786601	0.28617211152518945	0.2802544917587241	0.30723197021619525
140	140	0.3465349620480225	0.2899875583542452	0.3075333112039482	0.31218999704365613	0.3207468401446138	0.3138689231167611	0.33318473194270715
145	145	0.356934822601937	0.29324305142932594	0.30598672810991057	0.3160643032302988	0.32646580002374886	0.2999587597076102	0.32596250972048496
150	150	0.4002557731674011	0.318842380976882	0.32005368033501025	0.31310181382684804	0.3251413756176377	0.30357809668255775	0.33007701907677467