\addplot[color=green,mark=*] coordinates {
(25,25)(30,30)(35,35)(40,40)(45,45)(50,50)(55,55)(60,60)(65,65)(70,70)(75,75)(80,80)(85,85)(90,90)(95,95)(100,100)(105,105)(110,110)(115,115)(120,120)(125,125)(130,130)(135,135)(140,140)(145,145)(150,150)
};
\addlegendentry{dial}

\addplot[color=green,mark=*] coordinates {
(25,0.37349935644242704)(30,0.3815553049057293)(35,0.437094846887862)(40,0.46590271585087156)(45,0.48258445429911934)(50,0.5041613321469101)(55,0.5033639741745135)(60,0.4996291490526109)(65,0.5162303507037137)(70,0.5145223257926613)(75,0.5168647311951485)(80,0.5429411003397917)(85,0.5326712688487639)(90,0.5097480166626109)(95,0.5123195573754289)(100,0.5146145209070745)(105,0.5278858098229866)(110,0.524615227993093)(115,0.5259294375053358)(120,0.526501364309361)(125,0.5620458113684428)(130,0.5682476987978691)(135,0.5755931575169086)(140,0.5747916949713641)(145,0.57403490978447)(150,0.5801985974819188)
};
\addlegendentry{Natural\_Neg}

\addplot[color=green,mark=*] coordinates {
(25,0.4568265128469494)(30,0.4597433540307125)(35,0.5007907569299634)(40,0.5454969591052226)(45,0.5551004808728274)(50,0.5767077403876184)(55,0.5876969398216103)(60,0.5892842607908391)(65,0.5999043160669496)(70,0.6089065650028591)(75,0.5818375686747863)(80,0.5704979064349143)(85,0.5794587498394426)(90,0.5582116055958217)(95,0.5771798359572673)(100,0.5777793851329327)(105,0.6387846136998945)(110,0.6613972441902656)(115,0.6650295604472862)(120,0.6700691526427762)(125,0.6868597027245649)(130,0.674504709008194)(135,0.681018925754312)(140,0.6848680139267153)(145,0.6880062175806857)(150,0.6974865724348198)
};
\addlegendentry{NLU\_Tran\_All}

\addplot[color=green,mark=*] coordinates {
(25,0.4014031394766035)(30,0.4096372482057863)(35,0.437901163029622)(40,0.44470196010589264)(45,0.5080996956415266)(50,0.5115168378474525)(55,0.530795719311505)(60,0.5307021223092481)(65,0.533322502188615)(70,0.549821954501365)(75,0.5529961919158979)(80,0.5489291643448055)(85,0.5508207145505786)(90,0.5449688326359567)(95,0.5478576291343994)(100,0.5395913175566498)(105,0.5713480503249313)(110,0.5727639653268257)(115,0.5765195375920236)(120,0.5725270354781096)(125,0.6253524035167758)(130,0.6295493573779121)(135,0.6282207232267271)(140,0.6344589748379652)(145,0.641914565962158)(150,0.644020116247218)
};
\addlegendentry{Hungarian}

\addplot[color=green,mark=*] coordinates {
(25,0.40607536120905696)(30,0.4084335575807603)(35,0.4337162858169156)(40,0.45242145175584236)(45,0.5022159571498614)(50,0.5216903482354025)(55,0.523980333308492)(60,0.5294732589198378)(65,0.551474675751853)(70,0.5480504174826868)(75,0.5512916290219512)(80,0.5541978204899554)(85,0.5536334011802143)(90,0.5452433726065659)(95,0.5456332389138668)(100,0.5428349438560279)(105,0.563619090364721)(110,0.5695789171998566)(115,0.5695288688794393)(120,0.5753078414446096)(125,0.6298696016396284)(130,0.6337677165324045)(135,0.6386476518650432)(140,0.6357776747194196)(145,0.6427237823447495)(150,0.6458556132133934)
};
\addlegendentry{Finish}

\addplot[color=green,mark=*] coordinates {
(25,0.36377642215144484)(30,0.37703324051261716)(35,0.43543696000979876)(40,0.44470037745801755)(45,0.49525521196843886)(50,0.5457875728338926)(55,0.5508425289791871)(60,0.5477369674178345)(65,0.55682836215073)(70,0.5632742227396459)(75,0.5670800435656573)(80,0.5595819222699817)(85,0.5521802084164258)(90,0.55137758673878)(95,0.5592752339110257)(100,0.5545967153079192)(105,0.5713967575859094)(110,0.5790958164447447)(115,0.5831831343184206)(120,0.5822790760218587)(125,0.6189319814778973)(130,0.6274529948167349)(135,0.6292553173300407)(140,0.6289257056284049)(145,0.6296378529343152)(150,0.6256926864929164)
};
\addlegendentry{Portuguese}

\addplot[color=green,mark=*] coordinates {
(25,0.37852854035615646)(30,0.3939335153956254)(35,0.44264747248070135)(40,0.478970022825932)(45,0.5122654225833032)(50,0.5312388375213466)(55,0.5381559807935908)(60,0.5364330067788492)(65,0.5565983544817532)(70,0.5661217577611989)(75,0.5714360690313623)(80,0.5807638906194605)(85,0.5779745038714368)(90,0.5691644340389406)(95,0.5717218264752013)(100,0.5818191276379179)(105,0.5997753418471377)(110,0.6064115332688007)(115,0.6014549700524512)(120,0.6076335398308916)(125,0.6191480723211941)(130,0.6133228286961525)(135,0.6195888055186097)(140,0.616728020470584)(145,0.6159474811626809)(150,0.6008018479653219)
};
\addlegendentry{Arabic}

\addplot[color=green,mark=*] coordinates {
(25,0.4105666411232988)(30,0.4166078297328669)(35,0.456063629792379)(40,0.49441140847648474)(45,0.5149340073735033)(50,0.5289129082628871)(55,0.5329457596069208)(60,0.5104237804348977)(65,0.5594582198296059)(70,0.5581579565044864)(75,0.5592645860622433)(80,0.5572438740534646)(85,0.555971109851893)(90,0.5583549926408194)(95,0.5564600183424055)(100,0.5589873416644886)(105,0.577616207095487)(110,0.6106172607940821)(115,0.5856628107499364)(120,0.5849602422295223)(125,0.6145651941130067)(130,0.6169418384622234)(135,0.618255648063187)(140,0.613970698926255)(145,0.6099857650573199)(150,0.61085642908592)
};
\addlegendentry{Russian}

\addplot[color=green,mark=*] coordinates {
(25,0.37903204114941924)(30,0.3915496354675354)(35,0.4526991776523791)(40,0.46698632680279406)(45,0.5201360685655316)(50,0.5376731878523027)(55,0.5429202605353814)(60,0.5452585099450771)(65,0.5428804496997333)(70,0.5486684206316731)(75,0.5490077514530923)(80,0.5582203313985474)(85,0.5510530841608144)(90,0.5523893466879788)(95,0.5585292571528357)(100,0.5546925153829122)(105,0.5728312969812892)(110,0.5821578660749165)(115,0.5837642985567889)(120,0.591109324628555)(125,0.6329437351830418)(130,0.6421951355591308)(135,0.6464176051011256)(140,0.6140433540924134)(145,0.6127128215602252)(150,0.631822781547343)
};
\addlegendentry{Chinese}

\addplot[color=green,mark=*] coordinates {
(25,0.3793193910363145)(30,0.38660797622435183)(35,0.41879390888170853)(40,0.4393639016633945)(45,0.5021869050995338)(50,0.526472613388953)(55,0.5287865511804923)(60,0.5210318510117683)(65,0.5475890728977711)(70,0.5577778345960404)(75,0.5559304640288616)(80,0.5501046543329908)(85,0.5426562555568468)(90,0.5266870814300784)(95,0.5321706275623678)(100,0.5317578267946225)(105,0.5549619333787088)(110,0.5511624307615419)(115,0.5535764604236547)(120,0.5589750428949549)(125,0.606500119425126)(130,0.6116037701169097)(135,0.6160554996062221)(140,0.6182076588628572)(145,0.6212611461748405)(150,0.6194086149954325)
};
\addlegendentry{French}

\addplot[color=green,mark=*] coordinates {
(25,0.35960751487791803)(30,0.38056851307197503)(35,0.4511010731442321)(40,0.4822232193382329)(45,0.5212398436923984)(50,0.5335879941208532)(55,0.5574203827113183)(60,0.5636244503168065)(65,0.568130417336102)(70,0.57390316135514)(75,0.5788003750725185)(80,0.542432644609119)(85,0.549737774432688)(90,0.5492296981817176)(95,0.5497486135757317)(100,0.5526971205568969)(105,0.5673719756539066)(110,0.6012272431144111)(115,0.5752042440143599)(120,0.5731582024414549)(125,0.6228268160488943)(130,0.6249493202698703)(135,0.6290401905446885)(140,0.616857140478797)(145,0.6175160930496545)(150,0.6205145054535858)
};
\addlegendentry{Hebrew}

