\addplot[color=green,mark=*] coordinates {
(20,20)(40,40)(60,60)(80,80)(100,100)(120,120)(140,140)(160,160)(180,180)(200,200)
};
\addlegendentry{dial}

\addplot[color=green,mark=*] coordinates {
(20,0.5637175672433639)(40,0.6097151981390796)(60,0.6317607986964429)(80,0.6664562662294804)(100,0.688151563118906)(120,0.6965978684716542)(140,0.7079161448857427)(160,0.7109437482607874)(180,0.7101134329711368)(200,0.7208524366728757)
};
\addlegendentry{Natural\_Neg}

\addplot[color=green,mark=*] coordinates {
(20,0.5743086097011358)(40,0.6160029341611786)(60,0.644725659569683)(80,0.6775174523563551)(100,0.6831723354794096)(120,0.6866123643295778)(140,0.6921727357154203)(160,0.7008183657650064)(180,0.7199272826293391)(200,0.7208774290864298)
};
\addlegendentry{Hungarian}

\addplot[color=green,mark=*] coordinates {
(20,0.5494748402575514)(40,0.5808122030125231)(60,0.6381918652652854)(80,0.6736787000547835)(100,0.6825007623501739)(120,0.692630784725582)(140,0.701355138277652)(160,0.7053464401428355)(180,0.7112033665124369)(200,0.71697866213543)
};
\addlegendentry{Portuguese}

\addplot[color=green,mark=*] coordinates {
(20,0.5259842332877043)(40,0.6002253876293593)(60,0.6228705394773424)(80,0.6508672555633389)(100,0.684924646560798)(120,0.6934059237570959)(140,0.7032937224689526)(160,0.710017004553862)(180,0.7225806841982342)(200,0.7310742416638247)
};
\addlegendentry{Russian}

\addplot[color=green,mark=*] coordinates {
(20,0.561772135684941)(40,0.6331407959112527)(60,0.6561665810101602)(80,0.68714071290606)(100,0.7035607323231264)(120,0.7179679681090653)(140,0.7255543048789147)(160,0.729602261037)(180,0.7390605508446594)(200,0.7434654619606519)
};
\addlegendentry{All\_together}

