\addplot[color=green,mark=*] coordinates {
(5,5)(10,10)(15,15)(20,20)(25,25)(30,30)(35,35)(40,40)(45,45)(50,50)(55,55)(60,60)(65,65)(70,70)
};
\addlegendentry{dial}

\addplot[color=green,mark=*] coordinates {
(5,0.9478828828828828)(10,0.785846774194236)(15,0.7514552018862364)(20,0.7394306716504975)(25,0.7077976905659844)(30,0.7417453897353115)(35,0.7639518070307052)(40,0.6931541442741878)(45,0.7026066468239132)(50,0.7055028589763811)(55,0.6857838031092613)(60,0.6722986297776362)(65,0.6621838427104052)(70,0.6698952359373145)
};
\addlegendentry{Natural\_Neg}

\addplot[color=green,mark=*] coordinates {
(5,0.5682636263280736)(10,0.5774859878793086)(15,0.6538976726843879)(20,0.6931387231720938)(25,0.6992646664494213)(30,0.7289012050459832)(35,0.7367710372057894)(40,0.7138626146509792)(45,0.7076115584086404)(50,0.7314694327900485)(55,0.7271203065213779)(60,0.7261939376574402)(65,0.712332970565966)(70,0.7192267806481759)
};
\addlegendentry{NLU\_Tran\_All}

\addplot[color=green,mark=*] coordinates {
(5,0.903892773892774)(10,0.7739159157758166)(15,0.7815114071673454)(20,0.766132176969203)(25,0.7425318415960505)(30,0.7368830368102484)(35,0.7195904618841888)(40,0.6941711734692475)(45,0.7168342276323871)(50,0.7071768421276692)(55,0.710980971451149)(60,0.6865400671772478)(65,0.6817295561946641)(70,0.6582409293979714)
};
\addlegendentry{French+German+Potuguese}

\addplot[color=green,mark=*] coordinates {
(5,0.4734444983971886)(10,0.5909997133107143)(15,0.6579632001701865)(20,0.7024285548361895)(25,0.7186374018461731)(30,0.6740652096836307)(35,0.6780027002847315)(40,0.7040961050311203)(45,0.7076464306579577)(50,0.7092012183704539)(55,0.6982067605911437)(60,0.692867863517591)(65,0.6744808153577908)(70,0.6933440390122191)
};
\addlegendentry{Russian+Spanish+Arabic}

\addplot[color=green,mark=*] coordinates {
(5,0.6179344537987427)(10,0.6214148458797233)(15,0.6912368154385279)(20,0.723117562757988)(25,0.7387031502358885)(30,0.7430338273653275)(35,0.7259492672850723)(40,0.7198538423477486)(45,0.7276777632534362)(50,0.723237711932501)(55,0.7018522687214078)(60,0.6814920401759142)(65,0.6841037259220826)(70,0.6759115337293177)
};
\addlegendentry{Finish+Hungarian+Hebrew}

