\addplot[color=green,mark=*] coordinates {
(1,1)(2,2)(3,3)(4,4)(5,5)(6,6)(7,7)(8,8)(9,9)(10,10)(15,15)(20,20)(25,25)(30,30)(35,35)(40,40)
};
\addlegendentry{dial}

\addplot[color=green,mark=*] coordinates {
(1,0.34534895033191015)(2,0.36839383593178765)(3,0.4016799218315176)(4,0.42139285429375006)(5,0.3696064591250457)(6,0.3868809046796049)(7,0.3844720085899154)(8,0.37929050851859514)(9,0.3673178461873919)(10,0.3520637181283935)(15,0.3617036477498552)(20,0.36800145573429116)(25,0.41303313576569806)(30,0.4228367484160131)(35,0.43524407889373123)(40,0.46020606478109105)
};
\addlegendentry{Natural\_Neg}

\addplot[color=green,mark=*] coordinates {
(1,0.34534895033191015)(2,0.38852041714921015)(3,0.41594823326443686)(4,0.40499105945160585)(5,0.3957560894512091)(6,0.38755514025792837)(7,0.39577153811373483)(8,0.404341831416989)(9,0.40645264386120816)(10,0.40381686987433857)(15,0.4156579511829662)(20,0.4382306252087876)(25,0.4784885231552572)(30,0.4856443996993656)(35,0.49667690391932073)(40,0.5073176288061607)
};
\addlegendentry{Emb\_25}

\addplot[color=green,mark=*] coordinates {
(1,0.34534895033191015)(2,0.37083562404645015)(3,0.41839918302078455)(4,0.4077314472225728)(5,0.40318549274285154)(6,0.38470292277083484)(7,0.3983855552907254)(8,0.41602400982363796)(9,0.414669815421275)(10,0.41152465741167427)(15,0.4305593251210146)(20,0.4558664090063358)(25,0.49032610743730454)(30,0.5073364020516028)(35,0.5124667900086519)(40,0.5171197518489223)
};
\addlegendentry{Emb\_50}

\addplot[color=green,mark=*] coordinates {
(1,0.34534895033191015)(2,0.37699017991173095)(3,0.4249382905350113)(4,0.42060927186279295)(5,0.4072558751597929)(6,0.39215666439510133)(7,0.40882278946296724)(8,0.4268762753814297)(9,0.4238463585057759)(10,0.4088049575151424)(15,0.4434213436693927)(20,0.4682886077833065)(25,0.5044459440477406)(30,0.5259940206064501)(35,0.529318522688295)(40,0.5350262421559864)
};
\addlegendentry{Emb\_100}

\addplot[color=green,mark=*] coordinates {
(1,0.34534895033191015)(2,0.3632642737902575)(3,0.38314423524948865)(4,0.4023352840839725)(5,0.36220808071799004)(6,0.38184496814457497)(7,0.3786569484046159)(8,0.3790360234614772)(9,0.38305046388275066)(10,0.3626872498667503)(15,0.31856842418036596)(20,0.3411804508214182)(25,0.39968891321670147)(30,0.4265503444662916)(35,0.4345605436659442)(40,0.4726339170102515)
};
\addlegendentry{Emb\_300}

