size	dial	Natural_Neg	Hungarian	Russian	Hebrew	Arabic	Portuguese	All_together	German	_Japanese
10	10	0	0	0	0	0	0	0	0	0
20	20	0	0	0	0	0	0	0.004651162790697674	0	0
30	30	0	0	0	0.01	0	0	0.01	0	0
40	40	0	0	0	0.01	0	0	0.01	0	0
50	50	0	0	0	0.01	0	0	0.01	0	0
60	60	0.01111111111111111	0.0125	0.0125	0.030229885057471262	0.01574074074074074	0	0.033081882656350745	0.03636363636363636	0.03248120300751879
70	70	0.010526315789473684	0.013333333333333332	0.0125	0.02104377104377104	0.022619047619047622	0	0.04012706855791962	0.03636363636363636	0.029052631578947368
80	80	0.010526315789473684	0.014285714285714285	0.012121212121212121	0.02169312169312169	0.020814072932717	0	0.040264336917562725	0.034782608695652174	0.029052631578947368
90	90	0.010526315789473684	0.014285714285714285	0.0064516129032258064	0.02169312169312169	0.02567210567210567	0.010526315789473684	0.034705581157194056	0.041449275362318835	0.029052631578947368
100	100	0.020526315789473684	0.021052631578947368	0.02571428571428571	0.022286821705426358	0.02567210567210567	0.010810810810810811	0.03569997052755673	0.041449275362318835	0.0293859649122807
110	110	0.01111111111111111	0.03355263157894737	0.02484848484848485	0.017692307692307695	0.027107512370670266	0.010810810810810811	0.019523809523809523	0.039999999999999994	0.02974828375286041
120	120	0.030526315789473686	0.021052631578947368	0.030158730158730156	0.026181818181818185	0.030526315789473686	0.01111111111111111	0.030000000000000006	0.03743589743589744	0.04105263157894737
130	130	0.03793372319688109	0.021052631578947368	0.028349944629014395	0.013563218390804599	0.0290448343079922	0.016216216216216217	0.03833333333333334	0.03866666666666667	0.056152346678662465
140	140	0.03793372319688109	0.021052631578947368	0.02813852813852814	0.013752913752913754	0.026518518518518518	0.016666666666666666	0.039748283752860415	0.03866666666666667	0.04846003898635477