size	dial	Natural_Neg	Root_Trans	NLU_Tran_All	Root_Emb	Root_Trans_Emb
1	1	0.33012246941297996	0.33012246941297996	0.33012246941297996	0.33012246941297996	0.33012246941297996
2	2	0.4329652951962437	0.47323341914166567	0.43984018321225254	0.45383324873037656	0.4788063741243599
3	3	0.5080973324714904	0.5579445748887313	0.5306377627784615	0.4987170358966774	0.5559962184033482
4	4	0.5666355258609409	0.5711568850797698	0.570049589231863	0.5405855939119215	0.5634553033210155
5	5	0.5278159726406844	0.5682579880460389	0.551103919859073	0.5344788931481844	0.5613108154665859
6	6	0.5410938761069741	0.5788228924676758	0.5647039339014043	0.56069581240718	0.5671903689271687
7	7	0.5367226472765307	0.5789794967469267	0.5712589817556101	0.5645730136017194	0.5683990767333666
8	8	0.5458617829033339	0.5779796461220753	0.5711405592345836	0.5591563808302236	0.5637274178039094
9	9	0.5782037608247481	0.5800670099476043	0.5681889917513672	0.5602016408728755	0.5694850398957951
10	10	0.5747941934175896	0.5831401214222998	0.5712731132674644	0.5439033866403833	0.5687733844507019
15	15	0.5585170393673982	0.5880269238307227	0.5909326355682112	0.5467955358021434	0.5527932072753018
20	20	0.572784656911286	0.5993158180471171	0.5929857572898339	0.5628007965227885	0.5681950703662823
25	25	0.5978736286796689	0.6121864689496581	0.5905781022221955	0.5629372583419531	0.5882365937790331
30	30	0.6122480246791866	0.6157106005124209	0.6176417245721068	0.5691732617295624	0.5966310928623353
35	35	0.6122022484176611	0.6165298610440286	0.6318619438836752	0.5832219154478461	0.6021152945383047
40	40	0.6209072484031507	0.630209415364142	0.6493249679845408	0.5953693537400372	0.6075911482260172
45	45	0.6358451873415596	0.6329653728838311	0.6637741159654539	0.5957222193833012	0.6128744088129119
50	50	0.6395158495137736	0.6367756942782364	0.6664621493513228	0.5975221922667353	0.623531340383679