\addplot[color=green,mark=*] coordinates {
(30,30)(40,40)(50,50)(60,60)(70,70)(80,80)(90,90)(100,100)(110,110)(120,120)(130,130)(140,140)(150,150)
};
\addlegendentry{dial}

\addplot[color=green,mark=*] coordinates {
(30,0.5481139537965902)(40,0.5805984500450432)(50,0.5953966804477586)(60,0.6094522066425835)(70,0.6217731744663496)(80,0.6180025318451431)(90,0.6089308868856737)(100,0.6161304357484649)(110,0.612828010790493)(120,0.6188879268259677)(130,0.6375631254531954)(140,0.6479333486858214)(150,0.6515025551290422)
};
\addlegendentry{Natural\_Neg}

\addplot[color=green,mark=*] coordinates {
(30,0.5535766332124996)(40,0.5961478557346696)(50,0.6194487187293303)(60,0.6346261517433086)(70,0.65508932242421)(80,0.6442240275610227)(90,0.634835417690299)(100,0.6496710491534846)(110,0.6706888137544811)(120,0.6752261738507681)(130,0.676038047476888)(140,0.6859478355632104)(150,0.6918216845119967)
};
\addlegendentry{All\_together}

\addplot[color=green,mark=*] coordinates {
(30,0.5567393410648238)(40,0.5812064261194549)(50,0.6221894537562875)(60,0.636085821222569)(70,0.6579036719937386)(80,0.6525146166931327)(90,0.6485850901723914)(100,0.6554094658865234)(110,0.6634973068134549)(120,0.6680415768201496)(130,0.6741420736396765)(140,0.685649955936577)(150,0.6906862362386545)
};
\addlegendentry{Hungarian}

\addplot[color=green,mark=*] coordinates {
(30,0.5449177742566268)(40,0.577905562087011)(50,0.5985807890984811)(60,0.6180965697657453)(70,0.6281276076418336)(80,0.6201882226499009)(90,0.6235236177965344)(100,0.6295425703602457)(110,0.6373547925308215)(120,0.652753636137932)(130,0.6631697870829403)(140,0.6726005577397918)(150,0.6772672975315449)
};
\addlegendentry{Portuguese}

\addplot[color=green,mark=*] coordinates {
(30,0.5582289474888448)(40,0.6068067727152796)(50,0.6104397466919647)(60,0.6193961350265917)(70,0.6482674055146717)(80,0.6357330850654168)(90,0.6423132085651819)(100,0.6440683876071845)(110,0.6620761562591373)(120,0.6677423750584841)(130,0.670183362510407)(140,0.6750142390869908)(150,0.6761741028422048)
};
\addlegendentry{Russian}

