\addplot[color=green,mark=*] coordinates {
(1,1)(2,2)(3,3)(4,4)(5,5)(6,6)(7,7)(8,8)(9,9)(10,10)(15,15)(20,20)(25,25)(30,30)(35,35)(40,40)(45,45)(50,50)(55,55)(60,60)(65,65)(70,70)
};
\addlegendentry{dial}

\addplot[color=green,mark=*] coordinates {
(1,0.3)(2,0.2714790893473268)(3,0.3704398552204714)(4,0.37349258813625974)(5,0.35733243806267034)(6,0.34585459078425623)(7,0.3117669771980758)(8,0.31036965366185054)(9,0.31278888136507343)(10,0.29650465515014723)(15,0.32546712081035156)(20,0.3591993459142988)(25,0.3990254908418024)(30,0.40572716070188763)(35,0.43590861526914626)(40,0.45965671304633726)(45,0.47796549532338234)(50,0.47990367287745334)(55,0.4811506956298833)(60,0.485396716317488)(65,0.4813411522066621)(70,0.4818931399090083)
};
\addlegendentry{Natural\_Neg}

\addplot[color=green,mark=*] coordinates {
(1,0.3)(2,0.3279288467012166)(3,0.3667289654711498)(4,0.37090944541742393)(5,0.38081727671243415)(6,0.3895560465843994)(7,0.3991665197605969)(8,0.39786599129156514)(9,0.3912992223000472)(10,0.3901086696495525)(15,0.41309640720946084)(20,0.4449632835062388)(25,0.4669653246662907)(30,0.4819698531568224)(35,0.5055940740848663)(40,0.5269611158910656)(45,0.5430364839145)(50,0.540651840563058)(55,0.5547954514957703)(60,0.5511002477264552)(65,0.5534652335808615)(70,0.5537574727944263)
};
\addlegendentry{NLU\_Tran\_All}

