size	dial	Natural_Neg	Portuguese	All_together	Russian	Hungarian
10	10	0.027846153846153843	0.11402797202797203	0.1392027972027972	0.11507692307692308	0.14864335664335665
20	20	0.10892307692307693	0.15423776223776225	0.1940979020979021	0.1843076923076923	0.16332867132867132
30	30	0.23044755244755244	0.3105314685314685	0.3406013986013986	0.3643776223776224	0.3105314685314685
40	40	0.23429370629370627	0.30983216783216777	0.3406013986013986	0.3643776223776224	0.3105314685314685
50	50	0.22629370629370626	0.31367832167832166	0.3444475524475525	0.3643776223776224	0.3297622377622378
60	60	0.2341398601398601	0.3182237762237762	0.35213986013986015	0.3643776223776224	0.31437762237762235
70	70	0.2418435638435638	0.3182237762237762	0.3710857290857291	0.37192747992747993	0.3182237762237762
80	80	0.35852887852887855	0.40668531468531466	0.47493188293188293	0.4720699300699301	0.41822377622377627
90	90	0.35837503237503243	0.4028391608391608	0.47947733747733745	0.4720699300699301	0.41822377622377627
100	100	0.4075380175380176	0.4745998445998446	0.6452512096956542	0.6284737484737486	0.5980874680874682
110	110	0.430472027972028	0.5195017482517482	0.7018691493691493	0.6926098901098902	0.6103484015984016
120	120	0.430944055944056	0.5157342657342657	0.6923076923076923	0.6923076923076923	0.5367132867132867
130	130	0.42132867132867136	0.5270979020979021	0.6923076923076923	0.6923076923076923	0.5367132867132867
140	140	0.2435897435897436	0.3974358974358974	0.6025641025641025	0.5897435897435898	0.3974358974358974
150	150	0.038461538461538464	0.3076923076923077	0.46153846153846156	0.46153846153846156	0.3076923076923077
160	160	0.07692307692307693	0.6153846153846154	0.9230769230769231	0.9230769230769231	0.6153846153846154