\addplot[color=green,mark=*] coordinates {
(10,10)(20,20)(30,30)(40,40)(50,50)(60,60)(70,70)(80,80)(90,90)(100,100)(110,110)
};
\addlegendentry{dial}

\addplot[color=green,mark=*] coordinates {
(10,0.37221474769994667)(20,0.4830038928053886)(30,0.5514519435090328)(40,0.5764952304723908)(50,0.6025285241278245)(60,0.6083336904709441)(70,0.6305797795486612)(80,0.6473853480055692)(90,0.6587772901506775)(100,0.6694706448711449)(110,0.6806279779143136)
};
\addlegendentry{Natural\_Neg}

\addplot[color=green,mark=*] coordinates {
(10,0.4193164749058905)(20,0.5223429520427989)(30,0.5691152390490063)(40,0.606031410364732)(50,0.6287282210602487)(60,0.6356465769546116)(70,0.6588527387756918)(80,0.6751064137633057)(90,0.6832627161835017)(100,0.6933495186515366)(110,0.7067215734096128)
};
\addlegendentry{\_Hungarian}

\addplot[color=green,mark=*] coordinates {
(10,0.3832800533048245)(20,0.499588726850597)(30,0.5605360298748332)(40,0.5901035211895225)(50,0.6155989386677589)(60,0.6231826326818646)(70,0.6441869438807001)(80,0.6611525676177171)(90,0.6698702457304543)(100,0.6800373356265854)(110,0.6912496651351463)
};
\addlegendentry{\_Portuguese}

\addplot[color=green,mark=*] coordinates {
(10,0.39767135689941385)(20,0.5181953907668416)(30,0.5716062938397499)(40,0.5982550192198693)(50,0.6247986519650518)(60,0.6309422034009522)(70,0.6516988667445415)(80,0.6680185518069682)(90,0.6759916989259446)(100,0.6824475788744405)(110,0.6941747704155207)
};
\addlegendentry{\_Russian}

\addplot[color=green,mark=*] coordinates {
(10,0.4392117070295258)(20,0.547479272258787)(30,0.6020993116862172)(40,0.6347353867042596)(50,0.6570420066673541)(60,0.6622595852770486)(70,0.6812264859647936)(80,0.6963296663304033)(90,0.7035789230173728)(100,0.7141685888203059)(110,0.723536509622239)
};
\addlegendentry{\_All\_together}

