\addplot[color=green,mark=*] coordinates {
(3,3)(6,6)(9,9)(12,12)(15,15)(18,18)(21,21)(24,24)(27,27)(30,30)(33,33)
};
\addlegendentry{dial}

\addplot[color=green,mark=*] coordinates {
(3,0.46064302622753656)(6,0.4716752317599485)(9,0.4855664653813929)(12,0.5204700055669453)(15,0.5403211002285998)(18,0.5363315002398144)(21,0.5596333697334878)(24,0.5623541775611796)(27,0.5716174750100531)(30,0.5874892590754562)(33,0.5900697162264563)
};
\addlegendentry{Natural\_Neg}

\addplot[color=green,mark=*] coordinates {
(3,0.46087905814886543)(6,0.4640320747608643)(9,0.4654382173865228)(12,0.4939831388614759)(15,0.5345912566147908)(18,0.5316459105978032)(21,0.5530786815324913)(24,0.5590309166078316)(27,0.5670134074262853)(30,0.5789515526716229)(33,0.5794748247322362)
};
\addlegendentry{\_Portuguese}

\addplot[color=green,mark=*] coordinates {
(3,0.4611550111600081)(6,0.47548035018970225)(9,0.48859409730977515)(12,0.5208275804014134)(15,0.5630512319888366)(18,0.5659899544348895)(21,0.5776297677872227)(24,0.580549296498067)(27,0.5934572776404053)(30,0.601815613972029)(33,0.6069049627613334)
};
\addlegendentry{\_All\_together}

\addplot[color=green,mark=*] coordinates {
(3,0.4716273799224141)(6,0.4693246274734141)(9,0.48566245513250295)(12,0.5259545231290701)(15,0.556112922582932)(18,0.5590051362863415)(21,0.5729915767273298)(24,0.5773316750241163)(27,0.5818244532585946)(30,0.5934281910559618)(33,0.5974698996832035)
};
\addlegendentry{\_French}

\addplot[color=green,mark=*] coordinates {
(3,0.4748943605119476)(6,0.46418305947423705)(9,0.48874883886211923)(12,0.5181390745703097)(15,0.5581109113393434)(18,0.5666659350654986)(21,0.5716471375343246)(24,0.5799864170840714)(27,0.59127362520938)(30,0.6047667276898429)(33,0.60841407227092)
};
\addlegendentry{\_Hungarian}

