size	dial	Natural_Neg	NLU_Tran_All	Hungarian	huzh	huzhur
1	1	0.4105606610716883	0.4105606610716883	0.4105606610716883	0.4105606610716883	0.4105606610716883
2	2	0.45989651520440045	0.5044384470940756	0.5172609751987343	0.5140286149624378	0.5169508703964026
3	3	0.5314222363301164	0.5524808545738445	0.5778874738838373	0.581982570109298	0.5755899172895573
4	4	0.5568067659931045	0.5693543331787759	0.5798181686584648	0.5906057956798365	0.5815706501127964
5	5	0.47959620948870557	0.5299723503109487	0.5420589075887944	0.5625933478929872	0.5342335119909053
6	6	0.5016632702201328	0.5404641671566799	0.5373710141347099	0.5482302284636028	0.5436959759146063
7	7	0.5126403292313926	0.5856441303232498	0.5872646657969073	0.5986090434406373	0.5929173416979489
8	8	0.5167209273307067	0.6019006455745733	0.5997144072092075	0.6207187094000866	0.6104635235231244
9	9	0.5126492842784734	0.5969223534826968	0.6004689129247963	0.6301461845989481	0.6046209505385686
10	10	0.4943904094171826	0.5992993645230377	0.591179720421495	0.6165962665371831	0.6003110784288916
15	15	0.5346136826248922	0.6103569048211639	0.5982173157386494	0.6160904249790523	0.6095982957426604
20	20	0.5618035478913168	0.631103638207837	0.6235898525695338	0.6442215590347832	0.6404354687812349
25	25	0.609807824002971	0.6602721392966538	0.660954862145265	0.6758013224066681	0.6732665671128674
30	30	0.6256821566906485	0.6966739822574141	0.6906748599621156	0.7001839082069929	0.6953938295335678
35	35	0.6308490302773813	0.7043193625468784	0.6906698188557752	0.7015402303287841	0.7014567735989704
40	40	0.6501504145830632	0.7105088677017057	0.6952165654697612	0.7070404071799969	0.7122620058511776