size	dial	Natural_Neg	Google	Microsoft	Yandex	NLU_Tran_All	MY	GM
1	1	0.25	0.25	0.25	0.25	0.25	0.25	0.25
2	2	0.20498452599823502	0.25592132378429644	0.25937136394399735	0.2614052418389196	0.2608958457322731	0.26048954476201863	0.2602296116556942
3	3	0.25429810477907344	0.2724394970127676	0.27778430257316494	0.28015360956717034	0.2771756454296397	0.28251853653855086	0.27939857025059534
4	4	0.2771975334682773	0.28166031682867615	0.2789856220845158	0.2887204719126961	0.2834602805951178	0.2892796762404922	0.28665357457935176
5	5	0.2630112132768382	0.2814856714600678	0.28770002643690223	0.28998185674023924	0.2921616800637168	0.2872967194667422	0.29805940385746027
6	6	0.2599512437241069	0.2975970655493444	0.3017660604825897	0.29603177762304633	0.30744434983103497	0.2985845344169227	0.30625721413806917
7	7	0.23358091686488874	0.30114739413414876	0.2995419805189169	0.2906369229377957	0.307286413013976	0.3046765138570223	0.3082622619242008
8	8	0.24072492342644636	0.3037129161154125	0.3012075313651057	0.29197760506121684	0.3170088004927356	0.3077183096021493	0.30599300109014893
9	9	0.2420097296930115	0.30926920235181765	0.29155137845569346	0.28895948657912884	0.3110530639249586	0.3007720983188711	0.2994396609087712
10	10	0.22840768380817084	0.29833405265079216	0.29429138876096417	0.29902513385230345	0.31191685142546366	0.30322471227088366	0.289211473899414
15	15	0.24177811718324901	0.33124286584112594	0.3228895956487005	0.3185171771479174	0.35231745867274084	0.31680081337998695	0.3104568470275846
20	20	0.25986883681558903	0.349016507589163	0.33674572598570024	0.33315002478668515	0.36414791839521504	0.347297885479691	0.335808999765725
25	25	0.3003738082461776	0.364067895148131	0.3599517137345568	0.3566503521770917	0.3730213565818855	0.36221893494747104	0.35198089024237306
30	30	0.3022173257582509	0.37362152754176225	0.3779614999462356	0.37169658063643995	0.3887881555840834	0.36453533510676966	0.36333241091537416
35	35	0.32993899706888247	0.38976743084966614	0.41241092579788524	0.38990294598574615	0.40300934602866006	0.4040054812959564	0.3865797496881146
40	40	0.3476706362767669	0.4010115161838538	0.4068267878934524	0.4008408402996862	0.41122930885933345	0.41130109124633163	0.4109355655357537
45	45	0.37570393878555386	0.4254734129078533	0.4402895980858566	0.42287886618439563	0.4336069496910458	0.4234257448480502	0.430236039767202
50	50	0.3813736445757274	0.4327542024270394	0.4438932583898388	0.4301397297029569	0.43548243148319044	0.4337161017206702	0.43591506209136366
55	55	0.38771230153628616	0.434055065078093	0.4404338270596638	0.4363657228710164	0.4362038012935823	0.4318211018603666	0.44172600125918926
60	60	0.394667315959944	0.43927908550365835	0.44626549877846305	0.4406844607546339	0.4482383763172315	0.43813735034683876	0.4520736765349924
65	65	0.39934285173917666	0.45443994009157535	0.4720013835271111	0.450592731335772	0.4603976959991144	0.449168358331198	0.46603589845166493
70	70	0.38862422299412913	0.44962662010235926	0.4652372058460733	0.4428375067136745	0.44948147526168347	0.4427541116718216	0.45954599568614257