size	dial	Natural_Neg	_Hungarian	_Japanese	_Finish	_Chinese	_Russian	_All_together
20	20	0.17574268600809878	0.1820956200979946	0.18587751734775732	0.18809956277147322	0.18235916462533314	0.17531878933232828	0.19998723336757984
40	40	0.2501442044783292	0.27257776509092946	0.28990944733661494	0.25669276560301213	0.27415749266123235	0.279634783233049	0.32022127265524347
60	60	0.2866643903661933	0.30496186758393795	0.32728757530500474	0.29690510712460394	0.3214436167435067	0.32089414372039027	0.34809404097834207
80	80	0.36478027976837635	0.38635445189243034	0.4047571070368159	0.3451558044901669	0.3833509140193784	0.3783328146380368	0.4149115356850376
100	100	0.40393961493560904	0.4157150869624703	0.4646678748660569	0.37791589014600835	0.4126107467065518	0.40937338345017	0.4755473876317732
120	120	0.4114959174259739	0.4357183348363252	0.47683315509912283	0.3985849557965601	0.42827309260676943	0.43257501132677134	0.4900654164544854
140	140	0.4454784419733147	0.4868364498134631	0.5054153680908898	0.44967951425429575	0.48100169194310904	0.4841380957924595	0.5153490103667757
160	160	0.4184303780551185	0.4884789865115999	0.5027924571104274	0.4620432760643437	0.49359908005207515	0.4867159232958797	0.512330869143125
180	180	0.46005631249500584	0.5401884157852963	0.5506076216812266	0.5012444451850623	0.5313784601963851	0.5292666036564141	0.553132598295307
200	200	0.47755768757705147	0.5476118190922683	0.5475745742044666	0.5127462510866637	0.5458507625538654	0.5333521445572711	0.5574473664842131