\addplot[color=green,mark=*] coordinates {
(1,1)(2,2)(3,3)(4,4)(5,5)(6,6)(7,7)(8,8)(9,9)(10,10)(15,15)(20,20)(25,25)(30,30)(35,35)(40,40)(45,45)(50,50)(55,55)(60,60)(65,65)(70,70)
};
\addlegendentry{dial}

\addplot[color=green,mark=*] coordinates {
(1,0.369753098942048)(2,0.49310865694884026)(3,0.6617350753212647)(4,0.6553898464498717)(5,0.6141496557581039)(6,0.648146386436286)(7,0.6664424816527702)(8,0.6639491557438834)(9,0.7122769778306736)(10,0.7272073541679036)(15,0.7459639280769823)(20,0.739100679792654)(25,0.7371977402490185)(30,0.7696983560832692)(35,0.773496566632286)(40,0.7683602566307651)(45,0.7769651253377751)(50,0.7838364477942265)(55,0.785775171036094)(60,0.7964775876759376)(65,0.7986647901778212)(70,0.799353442353115)
};
\addlegendentry{Natural\_Neg}

\addplot[color=green,mark=*] coordinates {
(1,0.369753098942048)(2,0.4852174828574333)(3,0.6630425706595355)(4,0.6261836504621934)(5,0.6038360949987929)(6,0.6296405182285699)(7,0.6617246274222166)(8,0.6505895211991963)(9,0.7026793549209019)(10,0.712133740388993)(15,0.7161384445671398)(20,0.7252962183768367)(25,0.7368661094544603)(30,0.7635861729181896)(35,0.7652693006186326)(40,0.7601697217050882)(45,0.7661424139502155)(50,0.7712904402302857)(55,0.7757178438852256)(60,0.7900146395154032)(65,0.7892859181221141)(70,0.7904287975560295)
};
\addlegendentry{Google\_French}

\addplot[color=green,mark=*] coordinates {
(1,0.369753098942048)(2,0.49016646232261574)(3,0.6071167845238391)(4,0.6233554804692134)(5,0.5924066868638794)(6,0.622590048690468)(7,0.6473492118940019)(8,0.6387756265958849)(9,0.6791577781535552)(10,0.6951480788829016)(15,0.690671458523002)(20,0.6991889628488169)(25,0.7085544591179805)(30,0.7510821600744666)(35,0.7559408043963296)(40,0.7523781354295856)(45,0.7606698963915942)(50,0.7473467620469119)(55,0.7494360987851897)(60,0.770987600974275)(65,0.7739712731260984)(70,0.7831496872625544)
};
\addlegendentry{French}

\addplot[color=green,mark=*] coordinates {
(1,0.369753098942048)(2,0.47420655461365413)(3,0.6223200806375336)(4,0.6213088551211092)(5,0.5728161247386238)(6,0.6097922680726551)(7,0.6194281766795758)(8,0.6133954775992325)(9,0.6539822058262145)(10,0.6693619119364355)(15,0.6961326876148137)(20,0.6945211778067201)(25,0.7039292714050793)(30,0.7347274898089686)(35,0.7429662055868591)(40,0.7565177030210741)(45,0.7702745066942965)(50,0.7697481760377358)(55,0.7723635915270676)(60,0.7826141830663698)(65,0.7942648565865765)(70,0.7981326109545734)
};
\addlegendentry{NLU\_Tran\_All}

\addplot[color=green,mark=*] coordinates {
(1,0.369753098942048)(2,0.4665903773113492)(3,0.62019040049748)(4,0.6481297651267478)(5,0.6237986082302946)(6,0.6543167289130951)(7,0.675377609617244)(8,0.6528826957980758)(9,0.6655457090644415)(10,0.6849864529167292)(15,0.7056430570899599)(20,0.7117281874821692)(25,0.7250860684395185)(30,0.7444381285320144)(35,0.7505652086681537)(40,0.761902569174971)(45,0.7710387998894299)(50,0.7837531714131841)(55,0.784468846718138)(60,0.7875384876802378)(65,0.7926753191091129)(70,0.8019724882780178)
};
\addlegendentry{Hungarian}

\addplot[color=green,mark=*] coordinates {
(1,0.369753098942048)(2,0.49135296509552956)(3,0.6609976637994175)(4,0.6099551943264615)(5,0.6220867086291815)(6,0.6278293795021486)(7,0.6639941728359589)(8,0.6531273874096357)(9,0.6969815503169441)(10,0.706955265852806)(15,0.74917697554719)(20,0.7346124626145655)(25,0.7466740752249883)(30,0.7719499307599501)(35,0.7746784663881089)(40,0.7648384406193116)(45,0.768580182542248)(50,0.7727377531337805)(55,0.7754873055644168)(60,0.7904138782725247)(65,0.7961514476830251)(70,0.7961329058156055)
};
\addlegendentry{Google\_Hungarian}

