\addplot[color=green,mark=*] coordinates {
(10,10)(20,20)(30,30)(40,40)(50,50)(60,60)(70,70)(80,80)(90,90)(100,100)(110,110)(120,120)(130,130)(140,140)(150,150)(160,160)(170,170)(180,180)(190,190)(200,200)(210,210)(220,220)(230,230)(240,240)(250,250)(260,260)(270,270)(280,280)(290,290)
};
\addlegendentry{dial}

\addplot[color=green,mark=*] coordinates {
(10,0.13333333333333333)(20,0.14054054054054055)(30,0.14054054054054055)(40,0.22736842105263158)(50,0.22736842105263158)(60,0.22736842105263158)(70,0.22736842105263158)(80,0.21633393829401087)(90,0.21633393829401087)(100,0.29086809978469413)(110,0.43143435511856565)(120,0.40714864083285135)(130,0.3905252642094747)(140,0.466543363756986)(150,0.35745245466607695)(160,0.36927511476459907)(170,0.36927511476459907)(180,0.4934659820282413)(190,0.5379104264726857)(200,0.5379104264726857)(210,0.4876952184382525)(220,0.4075369075369075)(230,0.537878787878788)(240,0.4318181818181818)(250,0.4318181818181818)(260,0.4318181818181818)(270,0.4186046511627907)(280,0.4318181818181818)(290,0)
};
\addlegendentry{Natural\_Neg}

\addplot[color=green,mark=*] coordinates {
(10,0.14054054054054055)(20,0.14736842105263157)(30,0.14736842105263157)(40,0.2433684210526316)(50,0.2433684210526316)(60,0.2433684210526316)(70,0.22736842105263158)(80,0.22736842105263158)(90,0.26373205741626793)(100,0.45442156114925)(110,0.6218365061590145)(120,0.6218365061590145)(130,0.7718365061590146)(140,0.8496142839367924)(150,0.855711844912402)(160,0.855711844912402)(170,0.855711844912402)(180,0.855711844912402)(190,0.8950100905264373)(200,0.8950100905264373)(210,0.8950100905264373)(220,0.8854292798247132)(230,0.8842760768033212)(240,0.8583290088220031)(250,0.8583290088220031)(260,0.8583290088220031)(270,0.8583290088220031)(280,0.8583290088220031)(290,0.7804878048780488)
};
\addlegendentry{Portuguese}

\addplot[color=green,mark=*] coordinates {
(10,0.16)(20,0.17142857142857143)(30,0.17674418604651163)(40,0.42894300650261374)(50,0.44056737588652484)(60,0.46104804464305565)(70,0.46104804464305565)(80,0.44725494119477976)(90,0.4739007092198582)(100,0.7166903073286053)(110,0.7562567029925619)(120,0.7562567029925619)(130,0.9340344807703396)(140,0.9340344807703396)(150,0.9340344807703396)(160,0.9340344807703396)(170,0.9340344807703396)(180,0.9340344807703396)(190,0.9388653986447357)(200,0.9388653986447357)(210,0.9388653986447357)(220,0.9402484149725864)(230,0.9284613012642615)(240,0.9246068455134135)(250,0.9246068455134135)(260,0.8728470111448835)(270,0.8728470111448835)(280,0.8728470111448835)(290,0.8095238095238095)
};
\addlegendentry{All\_together}

\addplot[color=green,mark=*] coordinates {
(10,0.17674418604651163)(20,0.17674418604651163)(30,0.18666666666666668)(40,0.36927536231884056)(50,0.3739007092198582)(60,0.3739007092198582)(70,0.3739007092198582)(80,0.3739007092198582)(90,0.3929483282674772)(100,0.597498388136686)(110,0.7562567029925619)(120,0.7562567029925619)(130,0.9123542639681717)(140,0.9123542639681717)(150,0.9123542639681717)(160,0.9123542639681717)(170,0.9123542639681717)(180,0.9123542639681717)(190,0.9123542639681717)(200,0.9123542639681717)(210,0.9123542639681717)(220,0.9071094966268811)(230,0.8842760768033212)(240,0.8583290088220031)(250,0.8583290088220031)(260,0.8583290088220031)(270,0.8583290088220031)(280,0.8583290088220031)(290,0.7804878048780488)
};
\addlegendentry{Russian}

\addplot[color=green,mark=*] coordinates {
(10,0.13333333333333333)(20,0.14054054054054055)(30,0.14054054054054055)(40,0.39516395648329683)(50,0.39516395648329683)(60,0.4070142623334113)(70,0.4070142623334113)(80,0.42433027964942865)(90,0.419704932748411)(100,0.5656063948385872)(110,0.7131797799156387)(120,0.7131797799156387)(130,0.8692773408912485)(140,0.8692773408912485)(150,0.8692773408912485)(160,0.8692773408912485)(170,0.8692773408912485)(180,0.8692773408912485)(190,0.9123542639681717)(200,0.9123542639681717)(210,0.9123542639681717)(220,0.9071094966268811)(230,0.8842760768033212)(240,0.8583290088220031)(250,0.8583290088220031)(260,0.8583290088220031)(270,0.8583290088220031)(280,0.8583290088220031)(290,0.7804878048780488)
};
\addlegendentry{Hungarian}

\addplot[color=green,mark=*] coordinates {
(10,0.04516129032258064)(20,0.14054054054054055)(30,0.16)(40,0.3949206349206349)(50,0.3952443395401696)(60,0.39594202898550723)(70,0.36327716900357404)(80,0.36327716900357404)(90,0.39964080536721036)(100,0.5922046552481335)(110,0.7231771711043702)(120,0.7275705089066701)(130,0.8046808985170596)(140,0.8046808985170596)(150,0.7991059856250736)(160,0.7991059856250736)(170,0.7991059856250736)(180,0.8085622504004875)(190,0.8340006054315863)(200,0.8291521205831014)(210,0.8340006054315863)(220,0.8091674234561494)(230,0.7699468085106383)(240,0.6868351063829787)(250,0.6868351063829787)(260,0.6868351063829787)(270,0.6868351063829787)(280,0.6868351063829787)(290,0.3870967741935484)
};
\addlegendentry{Finish}

\addplot[color=green,mark=*] coordinates {
(10,0.13333333333333333)(20,0.14054054054054055)(30,0.14054054054054055)(40,0.3163170163170163)(50,0.3213675213675214)(60,0.3261984392419175)(70,0.3435897435897436)(80,0.3261984392419175)(90,0.3609810479375697)(100,0.5336058466493249)(110,0.6817539947974731)(120,0.6817539947974731)(130,0.8378515557730827)(140,0.8378515557730827)(150,0.8378515557730827)(160,0.8426824736474788)(170,0.8426824736474788)(180,0.8473078205484965)(190,0.8903847436254196)(200,0.8855538257510235)(210,0.8855538257510235)(220,0.873608948855446)(230,0.8842760768033212)(240,0.8583290088220031)(250,0.8583290088220031)(260,0.8583290088220031)(270,0.8583290088220031)(280,0.8583290088220031)(290,0.7804878048780488)
};
\addlegendentry{German}

\addplot[color=green,mark=*] coordinates {
(10,0.13043478260869565)(20,0.13636363636363635)(30,0.14634146341463414)(40,0.3241192411924119)(50,0.3241192411924119)(60,0.3604828775560483)(70,0.3554323725055432)(80,0.33880266075388027)(90,0.33880266075388027)(100,0.5012581621277273)(110,0.6520892151326934)(120,0.6520892151326934)(130,0.7523889154323937)(140,0.8332251523661915)(150,0.832043298338057)(160,0.856432141589053)(170,0.856432141589053)(180,0.856432141589053)(190,0.8836249765062172)(200,0.878794058631821)(210,0.878794058631821)(220,0.8712198460170492)(230,0.824569250101165)(240,0.7865497076023391)(250,0.7687687687687688)(260,0.7865497076023391)(270,0.7865497076023391)(280,0.7687687687687688)(290,0.6486486486486487)
};
\addlegendentry{Chinese}

\addplot[color=green,mark=*] coordinates {
(10,0.16585365853658535)(20,0.16)(30,0.18666666666666668)(40,0.36442687747035574)(50,0.3690522243713733)(60,0.3690522243713733)(70,0.3586626139817629)(80,0.35308770108977683)(90,0.36628166160081055)(100,0.7278014184397164)(110,0.7562567029925619)(120,0.7562567029925619)(130,0.9241120001501846)(140,0.9132214726402583)(150,0.8915412558380902)(160,0.8915412558380902)(170,0.8915412558380902)(180,0.8915412558380902)(190,0.9123542639681717)(200,0.9123542639681717)(210,0.9123542639681717)(220,0.9071094966268811)(230,0.8842760768033212)(240,0.8583290088220031)(250,0.8583290088220031)(260,0.8583290088220031)(270,0.8583290088220031)(280,0.8583290088220031)(290,0.7804878048780488)
};
\addlegendentry{French}

\addplot[color=green,mark=*] coordinates {
(10,0.18181818181818182)(20,0.18181818181818182)(30,0.18666666666666668)(40,0.416757852077001)(50,0.4035303388494878)(60,0.42257795789710684)(70,0.42257795789710684)(80,0.3892853246044735)(90,0.4256489609681099)(100,0.613308664816528)(110,0.7562567029925619)(120,0.7562567029925619)(130,0.9123542639681717)(140,0.9123542639681717)(150,0.9123542639681717)(160,0.9123542639681717)(170,0.9123542639681717)(180,0.9123542639681717)(190,0.9123542639681717)(200,0.9123542639681717)(210,0.9123542639681717)(220,0.9071094966268811)(230,0.8842760768033212)(240,0.8583290088220031)(250,0.8583290088220031)(260,0.8583290088220031)(270,0.8583290088220031)(280,0.8583290088220031)(290,0.7804878048780488)
};
\addlegendentry{Portuguese+Russian+Hungarian}

