\addplot[color=green,mark=*] coordinates {
(1,1)(2,2)(3,3)(4,4)(5,5)(6,6)(7,7)(8,8)(9,9)(10,10)(15,15)(20,20)(25,25)(30,30)(35,35)(40,40)
};
\addlegendentry{dial}

\addplot[color=green,mark=*] coordinates {
(1,0.09507664689150078)(2,0.16747392179508847)(3,0.2070511541049748)(4,0.23863636695122642)(5,0.2553738842001122)(6,0.3016369644777487)(7,0.3050927712103265)(8,0.32283840251658036)(9,0.3218742303752486)(10,0.3393880376758666)(15,0.420166683472345)(20,0.4283874744265873)(25,0.4490321343301811)(30,0.48666588664848665)(35,0.4965015974305234)(40,0.5176236733226041)
};
\addlegendentry{Natural\_Neg}

\addplot[color=green,mark=*] coordinates {
(1,0.09507664689150078)(2,0.1462635826555082)(3,0.2112148018413495)(4,0.254813877457209)(5,0.2577734450404217)(6,0.296275678941653)(7,0.3074456912824251)(8,0.301034094238379)(9,0.31578749001207784)(10,0.3431210538579443)(15,0.39892787015339415)(20,0.4150328123711356)(25,0.4594184120107564)(30,0.48760692862153776)(35,0.5177638672163815)(40,0.5412324113130446)
};
\addlegendentry{huzh}

\addplot[color=green,mark=*] coordinates {
(1,0.09507664689150078)(2,0.14753982642084354)(3,0.19447362680392621)(4,0.23155988008832865)(5,0.23825865057874557)(6,0.27410288744717065)(7,0.2835165903270406)(8,0.2849244142063968)(9,0.29656145310877213)(10,0.31330859456965304)(15,0.3794921285056328)(20,0.40694445817076386)(25,0.436659607599156)(30,0.4588871213776403)(35,0.5012560283143033)(40,0.5117415395363565)
};
\addlegendentry{NLU\_Tran\_All}

\addplot[color=green,mark=*] coordinates {
(1,0.09507664689150078)(2,0.14369295122073258)(3,0.20592173415837842)(4,0.2458975321107343)(5,0.25023936178716777)(6,0.29485438200911107)(7,0.3093593036903403)(8,0.3071819907258782)(9,0.3191499873452539)(10,0.33643241160014487)(15,0.39376298430068624)(20,0.413787658983681)(25,0.4711199538088923)(30,0.48238761316757034)(35,0.5192640702403397)(40,0.5433192844598634)
};
\addlegendentry{Hungarian}

\addplot[color=green,mark=*] coordinates {
(1,0.09507664689150078)(2,0.14631833883430514)(3,0.19787088303390088)(4,0.22982889722171068)(5,0.2447674437177149)(6,0.28566292608713784)(7,0.3005188059223828)(8,0.2957767562723955)(9,0.3116098034283258)(10,0.3205915157173363)(15,0.3770925088480254)(20,0.4062340014144204)(25,0.45016501348767124)(30,0.4643322265790538)(35,0.4913913040080075)(40,0.5161300123394473)
};
\addlegendentry{Chinese}

\addplot[color=green,mark=*] coordinates {
(1,0.09507664689150078)(2,0.14633323415009525)(3,0.2081707988601337)(4,0.23269829071144227)(5,0.24890936714924966)(6,0.2855179301766662)(7,0.2988530241584847)(8,0.305276835797594)(9,0.31366660282504066)(10,0.32521953809049775)(15,0.3752499597582185)(20,0.38300280590904556)(25,0.4231650149435783)(30,0.44352957088229256)(35,0.4783252646353021)(40,0.5037823524410918)
};
\addlegendentry{German}

