size	dial	Natural_Neg	NLU_Tran_All	French+German+Potuguese	Finish+Hungarian+Chinese	Russian+Spanish+Arabic	Hungarian	Finish	Portuguese	Arabic
25	25	0.21676683816235603	0.2301132765843239	0.2077735680187887	0.22906661718677732	0.23250358885998854	0.23404652547264898	0.2304555870745205	0.21477846176720444	0.22275986171919854
30	30	0.24179109764865525	0.2577051854681575	0.23751609817345337	0.2431579011095811	0.2593903996906583	0.25011749488748236	0.24140101076477807	0.23933607086680211	0.24803706242578638
35	35	0.27076719921799663	0.2891429891386648	0.26511831152714493	0.2690575648377763	0.295320113113342	0.27418514782646247	0.2613384561207366	0.2721319012250513	0.27825374730872504
40	40	0.27919555045059485	0.2938214666202788	0.26661586205631377	0.27411181756108	0.30029829150397125	0.274356246677975	0.26575383719418216	0.281528126109963	0.28351002572297646
45	45	0.2835875949321691	0.30632850741229795	0.2799955916105616	0.290792119964664	0.30966568759400376	0.2964616955265763	0.28274396019496095	0.29421435735806556	0.30598628621257584
50	50	0.29250973859176693	0.31031071774004504	0.2976000821340725	0.29833340204220804	0.31543007763779785	0.3018929720740898	0.29122446005659774	0.30705185631725557	0.30954237616721336
55	55	0.30228871369383126	0.32827862994172524	0.31271894427258157	0.3209640755812972	0.3326532290243824	0.3191686112395332	0.31342395106274196	0.32062934212674693	0.3110508134996244
60	60	0.30682386197848394	0.33485323231449876	0.3200489928543889	0.325876272134857	0.33887611114074384	0.3225854396947216	0.32417573181784987	0.3213091927250608	0.31477738839696034
65	65	0.336475189007617	0.3734372147828957	0.3638931842201857	0.36773365105781897	0.37217429048029826	0.3577368972640441	0.36294190460710235	0.3509830871412182	0.35599579436622186
70	70	0.3469670918005307	0.4017675053176891	0.39302186883974827	0.39324505932712633	0.4026865973649249	0.3920240387887437	0.3754184795206843	0.3599730874056938	0.37766563756570304
75	75	0.34619495909202636	0.40114299558997174	0.3882435506852708	0.4039813938072324	0.3978615349376366	0.41212406307754285	0.3732035810748918	0.35243275127180757	0.38150782220415513
80	80	0.3510950123948916	0.40331480484067744	0.3907057413716097	0.39964111532643454	0.39764569327552407	0.4143735346320551	0.3701217041547587	0.35345236843173666	0.3846943737212739
85	85	0.34595599973722774	0.40483255616082553	0.3866935316807004	0.40118368998222687	0.3983166790911929	0.41356928730762366	0.37147924632779955	0.3506199266416253	0.38651665894961906
90	90	0.3451618567685413	0.40206678944497465	0.38785604386799627	0.3986705206660487	0.39450795484006174	0.40048316629283837	0.3723073380062907	0.3573540105627443	0.38309785200745144
95	95	0.34852718489686413	0.411004913192153	0.3985063248871556	0.3937087827702743	0.3991301876309866	0.4080237073098508	0.3760080685241654	0.3617614295357703	0.3884731126845987
100	100	0.34796086118812347	0.4158414017373529	0.39629445953859666	0.4038130034085884	0.40273289366311993	0.4192873805516043	0.37681238663817856	0.36231737106109024	0.3868045591055223
105	105	0.355259329294669	0.42933707296770984	0.4064130297442645	0.41363433746963124	0.4162982830923439	0.4225419781372059	0.3817023919221679	0.37094270525391665	0.3994732253870347
110	110	0.35340994902604744	0.43646658968269414	0.40661865881406795	0.41609357374740197	0.4190485164719706	0.42012993917049934	0.38609369378341624	0.3744238122032872	0.40276710453052467
115	115	0.3588887033667788	0.43731447900002396	0.40449156196043623	0.41165558350038334	0.42007616760028743	0.4227581158515096	0.3861257154406552	0.3797196923147637	0.4051201124258645
120	120	0.3913607283292126	0.4672680789102743	0.43255620242050974	0.4451696516928102	0.45285668521713757	0.4483463569620266	0.42219155649427	0.40962752852242373	0.4358330923831614
125	125	0.39076368754273494	0.4694918761079888	0.44070814930676183	0.4523591807104492	0.45527107130001393	0.4519021019274628	0.4296641701598972	0.42036867942398876	0.43633154054915585
130	130	0.4224989199869875	0.47035762963467764	0.4485283824353178	0.46143940188742827	0.4594328946031981	0.456074567684556	0.42839148452201936	0.44358554074082324	0.44543606122993545
135	135	0.42381522781891706	0.47558676466050864	0.45038747867792567	0.4657165552537122	0.463587407161263	0.4650419168803225	0.43039723769098187	0.44420790899221674	0.44562241149424403
140	140	0.43461279630291527	0.5075099126257848	0.49059150402240553	0.4999434112824119	0.49593268140646585	0.48841584920849507	0.47462111163989446	0.47800994790078927	0.4777379489321206
145	145	0.4390183707504588	0.5071815494608582	0.49186918799194357	0.49789895417376373	0.49471688065226205	0.4867450107495356	0.4734030026310273	0.4795179498088493	0.4775370773835744
150	150	0.44664132017555663	0.5148480412229332	0.5047444285510723	0.5050351686265359	0.49998671438175324	0.49918973217393203	0.47912176066358914	0.4970037310217957	0.4916813220606692