\addplot[color=green,mark=*] coordinates {
(5,5)(10,10)(15,15)(20,20)(25,25)(30,30)(35,35)(40,40)(45,45)(50,50)(55,55)(60,60)(65,65)(70,70)
};
\addlegendentry{dial}

\addplot[color=green,mark=*] coordinates {
(5,0.060165089963143105)(10,0.08652606090220691)(15,0.1516805714939453)(20,0.1864227826780427)(25,0.18476945688736435)(30,0.25364142114101695)(35,0.3365462470187978)(40,0.37407746802710135)(45,0.3735587881510248)(50,0.391032650041252)(55,0.3730985677251483)(60,0.3875781395667766)(65,0.3989339908966686)(70,0.40695324387404225)
};
\addlegendentry{Natural\_Neg}

\addplot[color=green,mark=*] coordinates {
(5,0.07968007694953556)(10,0.15154652849884026)(15,0.21220075141594216)(20,0.23776329373665384)(25,0.21240430874659194)(30,0.25665614682456067)(35,0.3548544503525383)(40,0.3590337828784671)(45,0.3776158673541831)(50,0.38199278088796174)(55,0.40536827761598493)(60,0.4364652099660343)(65,0.44171989780964027)(70,0.43326166037269276)
};
\addlegendentry{NLU\_Tran\_All}

\addplot[color=green,mark=*] coordinates {
(5,0.08406385555029836)(10,0.17405190783376456)(15,0.2034893873341145)(20,0.26789637596659005)(25,0.25973548445522787)(30,0.2965320919655362)(35,0.3863519177758618)(40,0.4124865776019302)(45,0.43013504674912173)(50,0.45046659364799435)(55,0.44251629245490526)(60,0.4581965991879663)(65,0.46049925857606544)(70,0.4687913585234931)
};
\addlegendentry{Hungarian}

\addplot[color=green,mark=*] coordinates {
(5,0.06958768167138177)(10,0.10090176818417076)(15,0.16302613233429658)(20,0.18715488356330456)(25,0.15980083130533623)(30,0.18458915359811265)(35,0.27677820792985003)(40,0.3035583554621256)(45,0.33933282118723807)(50,0.3461304146726341)(55,0.3695536493303217)(60,0.39598121744942)(65,0.3990826853533026)(70,0.38679978714439567)
};
\addlegendentry{Finish}

\addplot[color=green,mark=*] coordinates {
(5,0.05332458649007656)(10,0.08051690389962322)(15,0.1499882129967654)(20,0.18848243793487915)(25,0.1917502959215833)(30,0.2611693277295112)(35,0.3700376256714081)(40,0.42787648848317916)(45,0.42949015033561944)(50,0.4388973235490104)(55,0.43299798918551125)(60,0.4420530247554032)(65,0.4521952412621307)(70,0.43485220682085934)
};
\addlegendentry{Portuguese}

\addplot[color=green,mark=*] coordinates {
(5,0.08333739485960712)(10,0.1523216940666831)(15,0.19513440764245277)(20,0.22915400217448684)(25,0.1956878747362106)(30,0.23960591247832422)(35,0.35006517297855405)(40,0.3853556537866834)(45,0.41964232406254515)(50,0.41907266578724495)(55,0.4128332777831719)(60,0.42374717840709425)(65,0.43939304301709337)(70,0.43739339904836727)
};
\addlegendentry{Arabic}

\addplot[color=green,mark=*] coordinates {
(5,0.0814539168746605)(10,0.12541436025963312)(15,0.19002959544897585)(20,0.2232580293682586)(25,0.20030391419191912)(30,0.27211736323163166)(35,0.36936595269608763)(40,0.3810689359224765)(45,0.38522824000890177)(50,0.389853428417968)(55,0.3721999394948119)(60,0.38540673435923833)(65,0.40975665128160665)(70,0.4124921643176623)
};
\addlegendentry{Russian}

\addplot[color=green,mark=*] coordinates {
(5,0.07523521565483869)(10,0.15581016578616685)(15,0.18951077717074546)(20,0.20888390468736318)(25,0.20357294261754494)(30,0.26511807258844355)(35,0.3359312151394652)(40,0.3672853815474963)(45,0.3758675922366041)(50,0.3855351051133253)(55,0.38415974549672804)(60,0.40031537267852135)(65,0.3997446197052172)(70,0.40581097783750913)
};
\addlegendentry{Chinese}

\addplot[color=green,mark=*] coordinates {
(5,0.05918261250589498)(10,0.08657038943133502)(15,0.1410789468619821)(20,0.17513534360896643)(25,0.17689967485026822)(30,0.216135551357331)(35,0.3251422784793293)(40,0.3464413770365818)(45,0.361378508005911)(50,0.38533695514940336)(55,0.38660154137779396)(60,0.4031050389034448)(65,0.41330367212584485)(70,0.4139583114887353)
};
\addlegendentry{French}

\addplot[color=green,mark=*] coordinates {
(5,0.07309595098699391)(10,0.1683180907377857)(15,0.19761198424369347)(20,0.1925530521717447)(25,0.20067711755216916)(30,0.24651076547738832)(35,0.35204897845867567)(40,0.38644484088068587)(45,0.406569201223457)(50,0.4119463770671758)(55,0.3988201689710456)(60,0.4188361692627587)(65,0.4383861776606427)(70,0.4484269184451848)
};
\addlegendentry{Hebrew}

