size	dial	Natural_Neg	Emb_100	NLU_Tran_All	Hungarian	Emb_100_Hungarian
6	6	0.6967591115639952	0.6170180570733581	0.6840946664973908	0.6356062971771642	0.6776625442305856
7	7	0.6851408249224541	0.662359739760235	0.6878586968045393	0.6365980547443091	0.7071876677998676
8	8	0.6757543731072143	0.6643325598025797	0.6796103553768142	0.6472974960034588	0.717745923393047
9	9	0.6919098505921386	0.7147910603078206	0.6899489089466229	0.6528753384953835	0.7209018533376638
10	10	0.692664236874943	0.7083843379662254	0.6994733623852103	0.6609139867676137	0.7207494276339359
15	15	0.6899304406309495	0.7288740804469905	0.6956914593107185	0.6744290192878416	0.7327840501358416
20	20	0.6970398231837465	0.7246584042855814	0.7308776306301876	0.704507804762293	0.7428062120227761
25	25	0.7049320590071205	0.7381538806191863	0.732582351279991	0.7077352886192152	0.7337477522709911
30	30	0.6982859967045602	0.7438347165298465	0.7234905858310812	0.706076302566119	0.7351699239752635
35	35	0.711001593830028	0.7520951617871933	0.732636985293692	0.7149657804029068	0.7413512484863585
40	40	0.7202482803099468	0.7549776577573784	0.7208341484918372	0.7137278224264494	0.7419736756833365
45	45	0.7247440192305604	0.7537114690665059	0.7297549441602433	0.7242582013246819	0.7378059336060612
50	50	0.7367464936195103	0.7654295831923057	0.7286443568040054	0.731712822542238	0.740846253012913
55	55	0.7225288916647188	0.768736901707513	0.7231922980802128	0.7174461629729804	0.7355215859266855
60	60	0.7234985642717231	0.7658595855751393	0.7336549983868099	0.7193999851978709	0.7387530214907196
65	65	0.7229918209763626	0.7626230673471845	0.7400006753472115	0.7228838111843608	0.7387865752396252
70	70	0.7292901596424817	0.7663485607024668	0.737885222063433	0.7233514961937098	0.7432527085292608