\addplot[color=green,mark=*] coordinates {
(5,5)(10,10)(15,15)(20,20)(25,25)(30,30)(35,35)(40,40)(45,45)(50,50)(55,55)(60,60)(65,65)(70,70)
};
\addlegendentry{dial}

\addplot[color=green,mark=*] coordinates {
(5,0)(10,0.03636363636363636)(15,0.013333333333333332)(20,0.014285714285714285)(25,0.014285714285714285)(30,0.015384615384615385)(35,0.015384615384615385)(40,0.015384615384615385)(45,0.015384615384615385)(50,0.015384615384615385)(55,0.015384615384615385)(60,0.015384615384615385)(65,0.011764705882352941)(70,0.03281733746130031)
};
\addlegendentry{Natural\_Neg}

\addplot[color=green,mark=*] coordinates {
(5,0)(10,0.02727272727272727)(15,0.02222222222222222)(20,0.021052631578947368)(25,0.030143540669856462)(30,0.022527472527472527)(35,0.026495726495726495)(40,0.03519137866963954)(45,0.03624023035787742)(50,0.03624023035787742)(55,0.024475524475524476)(60,0.015384615384615385)(65,0.02222222222222222)(70,0.04327485380116959)
};
\addlegendentry{NLU\_Tran\_All}

\addplot[color=green,mark=*] coordinates {
(5,0)(10,0.0125)(15,0)(20,0)(25,0)(30,0)(35,0)(40,0)(45,0)(50,0)(55,0)(60,0)(65,0.015384615384615385)(70,0.03538461538461539)
};
\addlegendentry{Hungarian}

\addplot[color=green,mark=*] coordinates {
(5,0)(10,0.013333333333333332)(15,0.00909090909090909)(20,0.01)(25,0.010526315789473684)(30,0.013333333333333332)(35,0.015384615384615385)(40,0.015384615384615385)(45,0)(50,0.014285714285714285)(55,0.014285714285714285)(60,0.014285714285714285)(65,0.011764705882352941)(70,0.04376470588235294)
};
\addlegendentry{Finish}

\addplot[color=green,mark=*] coordinates {
(5,0)(10,0.026666666666666665)(15,0.02857142857142857)(20,0.011764705882352941)(25,0.011764705882352941)(30,0.0125)(35,0.013333333333333332)(40,0.024444444444444442)(45,0.025396825396825397)(50,0.025396825396825397)(55,0.026495726495726495)(60,0.026495726495726495)(65,0.02287581699346405)(70,0.011764705882352941)
};
\addlegendentry{Portuguese}

\addplot[color=green,mark=*] coordinates {
(5,0)(10,0.02)(15,0.0125)(20,0)(25,0.005405405405405406)(30,0.0210989010989011)(35,0.010526315789473684)(40,0.010526315789473684)(45,0.025384615384615384)(50,0.026495726495726495)(55,0.01111111111111111)(60,0.01111111111111111)(65,0.02287581699346405)(70,0.034722222222222224)
};
\addlegendentry{Arabic}

\addplot[color=green,mark=*] coordinates {
(5,0)(10,0.026666666666666665)(15,0.025)(20,0.0125)(25,0.025098039215686273)(30,0.025098039215686273)(35,0.014285714285714285)(40,0.014285714285714285)(45,0.015384615384615385)(50,0.014285714285714285)(55,0.015384615384615385)(60,0.015384615384615385)(65,0.02222222222222222)(70,0.02222222222222222)
};
\addlegendentry{Russian}

\addplot[color=green,mark=*] coordinates {
(5,0)(10,0.013333333333333332)(15,0.0125)(20,0.0125)(25,0.016944444444444446)(30,0.020535714285714286)(35,0.009523809523809523)(40,0.022023809523809522)(45,0.03548136645962733)(50,0.03731203007518797)(55,0.03731203007518797)(60,0.02481203007518797)(65,0.01111111111111111)(70,0.04589371980676328)
};
\addlegendentry{Chinese}

\addplot[color=green,mark=*] coordinates {
(5,0)(10,0)(15,0)(20,0)(25,0)(30,0)(35,0)(40,0.011764705882352941)(45,0.011764705882352941)(50,0.011764705882352941)(55,0.011764705882352941)(60,0.0125)(65,0.010526315789473684)(70,0.039097744360902256)
};
\addlegendentry{French}

\addplot[color=green,mark=*] coordinates {
(5,0)(10,0)(15,0)(20,0)(25,0.01111111111111111)(30,0.011764705882352941)(35,0)(40,0.011764705882352941)(45,0.0125)(50,0.0125)(55,0.0125)(60,0)(65,0.011764705882352941)(70,0.03676470588235294)
};
\addlegendentry{Hebrew}

