\addplot[color=green,mark=*] coordinates {
(1,1)(2,2)(3,3)(4,4)(5,5)(6,6)(7,7)(8,8)(9,9)(10,10)(15,15)(20,20)(25,25)(30,30)(35,35)(40,40)(45,45)(50,50)(55,55)(60,60)(65,65)(70,70)
};
\addlegendentry{dial}

\addplot[color=green,mark=*] coordinates {
(1,0.3907730371355642)(2,0.37911472689064635)(3,0.5933313141087992)(4,0.5733730826810298)(5,0.47373828518555705)(6,0.49001390380299475)(7,0.44000327111364496)(8,0.43766324302300885)(9,0.3950347509230923)(10,0.36375787051555386)(15,0.40968144321092315)(20,0.4619981942705785)(25,0.5236227194287905)(30,0.5186064803655321)(35,0.5398053759003701)(40,0.5681514634495722)(45,0.5779769662700593)(50,0.593298107823113)(55,0.602723386455787)(60,0.6003124857974247)(65,0.6001001463594738)(70,0.6000647790473619)
};
\addlegendentry{Natural\_Neg}

\addplot[color=green,mark=*] coordinates {
(1,0.3907730371355642)(2,0.46367852309266466)(3,0.5594722939443121)(4,0.5540055643913748)(5,0.49342030353645094)(6,0.512531839839276)(7,0.5257281968719385)(8,0.5230821311656393)(9,0.4840319983032617)(10,0.470100501097502)(15,0.4779340048994388)(20,0.5378741200070067)(25,0.5920735116803509)(30,0.6010758672584338)(35,0.630596800659865)(40,0.6449384717387625)(45,0.659060043522)(50,0.6653580203020348)(55,0.6808462087801609)(60,0.6813131822477556)(65,0.6861705376022076)(70,0.6905414085480176)
};
\addlegendentry{NLU\_Tran\_All}

