size	dial	Natural_Neg	Hungarian	Russian	Hebrew	Arabic	Portuguese	All_together	German	_Japanese
10	10	0	0.009411764705882352	0.0011111111111111111	0.0058169934640522865	0.0058823529411764705	0.001176470588235294	0.012875816993464052	0.004705882352941176	0.009411764705882352
20	20	0	0.001176470588235294	0.0011111111111111111	0.0022875816993464053	0.001176470588235294	0.001176470588235294	0.008169934640522876	0	0.004957983193277311
30	30	0.005079365079365079	0.008412698412698413	0.006984126984126984	0.008954248366013072	0.008478057889822595	0.002857142857142857	0.013053221288515408	0.0036507936507936506	0.011148459383753502
40	40	0.0036507936507936506	0.009589169000933708	0.008095238095238095	0.009019607843137257	0.011811391223155927	0.003781512605042017	0.017628384687208218	0.005079365079365079	0.010961718020541552
50	50	0.005206349206349206	0.009589169000933708	0.008317460317460317	0.007908496732026144	0.011144724556489263	0.0064481792717086825	0.01896171802054155	0.006317460317460317	0.008578898225957048
60	60	0.0038730158730158728	0.009589169000933706	0.0060952380952380945	0.007908496732026144	0.014533613445378154	0.012281512605042016	0.02092203548085901	0.01215079365079365	0.007402427637721756
70	70	0.0053015873015873	0.009950280112044817	0.006317460317460317	0.014142623716153126	0.01356139122315593	0.011487861811391222	0.014503734827264239	0.0170515873015873	0.008839169000933707
80	80	0.0065515873015873005	0.010948179271708682	0.00985504201680672	0.011920401493930905	0.015914332399626516	0.012803221288515404	0.016930205415499534	0.020654528478057887	0.010089169000933706
90	90	0.007884920634920634	0.008743930905695611	0.007410597572362276	0.009698179271708683	0.015997665732959847	0.012803221288515404	0.015680205415499533	0.021830999066293183	0.007950280112044817
100	100	0.009134920634920633	0.008743930905695611	0.011160597572362277	0.010948179271708682	0.017108776844070958	0.01649766573295985	0.020467787114845936	0.020654528478057887	0.007950280112044817
110	110	0.007884920634920634	0.005049486461251167	0.009910597572362276	0.009771708683473388	0.01593230625583567	0.01774766573295985	0.019207983193277312	0.01922595704948646	0.005523809523809525
120	120	0.009134920634920633	0.005049486461251167	0.009910597572362276	0.008521708683473388	0.01593230625583567	0.015426237161531277	0.019207983193277312	0.01797595704948646	0.006773809523809522
130	130	0.010384920634920634	0.007549486461251167	0.011160597572362277	0.013521708683473388	0.01968230625583567	0.015426237161531277	0.02170798319327731	0.02172595704948646	0.010523809523809522
140	140	0.011634920634920633	0.008799486461251166	0.011160597572362277	0.012271708683473388	0.02093230625583567	0.015426237161531277	0.018235760971055087	0.024404528478057894	0.011773809523809521