\addplot[color=green,mark=*] coordinates {
(1,1)(2,2)(3,3)(4,4)(5,5)(6,6)(7,7)(8,8)(9,9)(10,10)(15,15)(20,20)(25,25)(30,30)(35,35)(40,40)
};
\addlegendentry{dial}

\addplot[color=green,mark=*] coordinates {
(1,0.15)(2,0.12598098208019765)(3,0.06727612384044772)(4,0.06704473366688195)(5,0.07480393173780746)(6,0.08277347790604803)(7,0.07303798554855934)(8,0.0645271604172524)(9,0.09527535010435595)(10,0.09656519598182667)(15,0.11262850432020308)(20,0.17626744731561766)(25,0.17133483971907087)(30,0.18042360947541244)(35,0.23052000490227248)(40,0.2543211961474177)
};
\addlegendentry{Natural\_Neg}

\addplot[color=green,mark=*] coordinates {
(1,0.15)(2,0.18027300597174561)(3,0.1761088973893709)(4,0.19228732245418084)(5,0.13519629784241632)(6,0.13829199811581125)(7,0.12955527023441454)(8,0.15199076631534172)(9,0.1502429754026417)(10,0.18007428514773385)(15,0.1393026553623899)(20,0.1411870732059636)(25,0.1147929541928304)(30,0.12891821646012785)(35,0.14811236673208114)(40,0.14631967332829862)
};
\addlegendentry{Emb\_25}

\addplot[color=green,mark=*] coordinates {
(1,0.15)(2,0.19704849880688585)(3,0.1582374522662537)(4,0.1742293423155019)(5,0.12205560862144371)(6,0.12438014041757221)(7,0.10677041312488769)(8,0.12902837375022852)(9,0.12164207283091932)(10,0.15946307180515867)(15,0.11402311401956036)(20,0.12544725246841013)(25,0.1028020453815264)(30,0.11898514996950185)(35,0.13472763648384373)(40,0.13457356486092426)
};
\addlegendentry{Emb\_50}

\addplot[color=green,mark=*] coordinates {
(1,0.15)(2,0.19618674938717834)(3,0.14595194973812423)(4,0.16211441252652775)(5,0.09944857931076613)(6,0.09521940451326305)(7,0.06959846634761188)(8,0.0901201495548086)(9,0.0814870819177343)(10,0.10025535391023)(15,0.07583721647349194)(20,0.10801249342154788)(25,0.08533506135012468)(30,0.10737249683320163)(35,0.12224338544921824)(40,0.12466680344999714)
};
\addlegendentry{Emb\_100}

\addplot[color=green,mark=*] coordinates {
(1,0.15)(2,0.1957066987950201)(3,0.1)(4,0.04979640912958402)(5,0.05)(6,0.03855502709446025)(7,0)(8,0)(9,0)(10,0)(15,0)(20,0.00263183660681066)(25,0.002183406113537118)(30,0.002183406113537118)(35,0.002183406113537118)(40,0.004320158250289255)
};
\addlegendentry{Emb\_300}

