\addplot[color=green,mark=*] coordinates {
(10,10)(20,20)(30,30)(40,40)(50,50)(60,60)(70,70)(80,80)(90,90)(100,100)(110,110)(120,120)(130,130)(140,140)(150,150)(160,160)(170,170)(180,180)(190,190)(200,200)(210,210)
};
\addlegendentry{dial}

\addplot[color=green,mark=*] coordinates {
(10,0.4955592711215921)(20,0.602854563867362)(30,0.668176850632782)(40,0.6841170037354763)(50,0.6892853976894852)(60,0.7042854188426217)(70,0.7145188051620297)(80,0.7175490109901226)(90,0.7260114685932135)(100,0.7442125052796327)(110,0.7545216598776125)(120,0.7467248937602093)(130,0.736313452397279)(140,0.7525658959611713)(150,0.7579172866500835)(160,0.7554556378722368)(170,0.7641694480242152)(180,0.7620061716085569)(190,0.7752020706249005)(200,0.7752903119359275)(210,0.7867427251194193)
};
\addlegendentry{Natural\_Neg}

\addplot[color=green,mark=*] coordinates {
(10,0.5587011697461358)(20,0.6368594090598407)(30,0.6953136795375788)(40,0.7008642665611042)(50,0.7125004565991299)(60,0.727504914386061)(70,0.7257776425649496)(80,0.7237687096699568)(90,0.726081876031019)(100,0.7324289261651822)(110,0.7508499412132094)(120,0.7464178802846405)(130,0.7511580677549677)(140,0.7516808724579604)(150,0.7603906109527298)(160,0.7604718911177752)(170,0.7767363826267483)(180,0.7760746930927532)(190,0.7770642048962355)(200,0.7759753916499006)(210,0.7812131216595344)
};
\addlegendentry{\_Hungarian}

\addplot[color=green,mark=*] coordinates {
(10,0.5302741583094823)(20,0.6155638866914125)(30,0.7063724601709469)(40,0.7360292858405215)(50,0.744811297475816)(60,0.751222540528026)(70,0.7452177536858814)(80,0.7536275722014552)(90,0.7617695960353459)(100,0.7707407039843599)(110,0.754606498579116)(120,0.7679448260175967)(130,0.7649005012828348)(140,0.7609219126525858)(150,0.7639439799506081)(160,0.7525546457885288)(170,0.7708895422936779)(180,0.7787988523747783)(190,0.7837545712292165)(200,0.7857715699082639)(210,0.7937976932078645)
};
\addlegendentry{\_Japanese}

\addplot[color=green,mark=*] coordinates {
(10,0.5126292008807763)(20,0.6283270837665264)(30,0.7038114410396311)(40,0.7081394470817888)(50,0.7194964378213845)(60,0.7346313410119654)(70,0.7334360137038936)(80,0.7374930053701432)(90,0.7501646242321534)(100,0.7418016771618898)(110,0.7398968928701459)(120,0.740745787999928)(130,0.7536980511091192)(140,0.7513322186439709)(150,0.7532739090993351)(160,0.7626326160451607)(170,0.7706751022635067)(180,0.7684790891529889)(190,0.771151846348436)(200,0.7729658385233832)(210,0.7809517059147311)
};
\addlegendentry{\_Finish}

\addplot[color=green,mark=*] coordinates {
(10,0.5027685349893238)(20,0.600459555000327)(30,0.6861729736738666)(40,0.6972874139802563)(50,0.7077507129911935)(60,0.7210607773787634)(70,0.7200893437055397)(80,0.7274199292842795)(90,0.740431202148917)(100,0.7490219201749817)(110,0.7466290907365181)(120,0.7413752072394292)(130,0.7508109727461714)(140,0.7517027992492409)(150,0.7506853748161563)(160,0.7555667945836373)(170,0.7713873877852683)(180,0.7726403291439599)(190,0.7720232522416193)(200,0.7788988455441326)(210,0.7872571476776812)
};
\addlegendentry{\_Chinese}

\addplot[color=green,mark=*] coordinates {
(10,0.5183860167885144)(20,0.6043178573742807)(30,0.6727324445518954)(40,0.6905552050038468)(50,0.7005056560561591)(60,0.7184469289486648)(70,0.7283095534817731)(80,0.7360778911451439)(90,0.7466103750506741)(100,0.7430135338865524)(110,0.7609217388486138)(120,0.74935191371064)(130,0.7565235522824538)(140,0.7603891872309454)(150,0.7670329385558553)(160,0.7589267238332399)(170,0.7667178856443847)(180,0.7670912484625814)(190,0.770426329897101)(200,0.7716536385777512)(210,0.7819356470443122)
};
\addlegendentry{\_Russian}

\addplot[color=green,mark=*] coordinates {
(10,0.5356431303260016)(20,0.6327861353927502)(30,0.7176886260036034)(40,0.7419146419793092)(50,0.7467393754345053)(60,0.7538300370955099)(70,0.7457577552078943)(80,0.7661275171131782)(90,0.7652398078767714)(100,0.7731216852384871)(110,0.7693344632798917)(120,0.7727759828066008)(130,0.7780341575029908)(140,0.778468517791681)(150,0.7769218645083693)(160,0.782097097843669)(170,0.7848754875508306)(180,0.7839132225857526)(190,0.7875833481694945)(200,0.7862778954968033)(210,0.7916482102177406)
};
\addlegendentry{\_All\_together}

