size	dial	Natural_Neg	NLU_Tran_All	French+German+Potuguese	Russian+Spanish+Arabic	Finish+Hungarian+Hebrew
5	5	0	0	0	0	0
10	10	0	0	0	0	0
15	15	0.06470588235294118	0.09302325581395349	0.09047619047619047	0.09302325581395349	0.07894736842105263
20	20	0.06857142857142857	0.09302325581395349	0.09302325581395349	0.09047619047619047	0.08205128205128205
25	25	0.06470588235294118	0.09047619047619047	0.08205128205128205	0.08780487804878048	0.07894736842105263
30	30	0.06857142857142857	0.08780487804878048	0.08205128205128205	0.09047619047619047	0.08205128205128205
35	35	0.07567567567567568	0.09545454545454546	0.09302325581395349	0.09047619047619047	0.09302325581395349
40	40	0.13721413721413722	0.16489479512735325	0.16987315010570825	0.16774891774891776	0.10149484536082473
45	45	0.13721413721413722	0.15280487804878048	0.17029598308668076	0.16489479512735325	0.10705128205128205
50	50	0.14048582995951417	0.15	0.16489479512735325	0.15876887340301976	0.1503439649781113
55	55	0.14048582995951417	0.15	0.152014652014652	0.14837092731829574	0.1503439649781113
60	60	0.14048582995951417	0.13994601889338731	0.14934333958724202	0.09047619047619047	0.1472400513478819
65	65	0.14048582995951417	0.15294840294840295	0.17980487804878048	0.18027210884353742	0.1503439649781113
70	70	0.15336597307221542	0.15009428032683847	0.17530487804878048	0.1704135737009544	0.1503439649781113