\addplot[color=green,mark=*] coordinates {
(1,1)(2,2)(3,3)(4,4)(5,5)(6,6)(7,7)(8,8)(9,9)(10,10)(15,15)(20,20)(25,25)(30,30)(35,35)(40,40)(45,45)(46,46)(47,47)(50,50)
};
\addlegendentry{dial}

\addplot[color=green,mark=*] coordinates {
(1,0.15)(2,0.15473900661100687)(3,0.20134734293480214)(4,0.23838504309573053)(5,0.3042360723369864)(6,0.2754811059413782)(7,0.2332717402374823)(8,0.22725091871688088)(9,0.26982285487195923)(10,0.26849642865169654)(15,0.2753412501075452)(20,0.2346123167695327)(25,0.28815049141819604)(30,0.29837722699551883)(35,0.31093471061319883)(40,0.35815930777063343)(45,0.40403636956766215)(46,0.47368421052631576)(47,0.5992966360856269)(50,0.39133307313813936)
};
\addlegendentry{Natural\_Neg}

\addplot[color=green,mark=*] coordinates {
(1,0.15)(2,0.14718525399560772)(3,0.13525817107487564)(4,0.16399231051010474)(5,0.19381865713158133)(6,0.24563636576153997)(7,0.25853549652853347)(8,0.24949241189844412)(9,0.2292678698688118)(10,0.23255151735756177)(15,0.26470128965546935)(20,0.2813901674619706)(25,0.3059426379849068)(30,0.2935034360545098)(35,0.30486455799817536)(40,0.32397795313459193)(45,0.34037373730015624)(46,0.3157894736842105)(47,0.4310703363914373)(50,0.3373565674142707)
};
\addlegendentry{Emb\_25}

\addplot[color=green,mark=*] coordinates {
(1,0.15)(2,0.14342022615927458)(3,0.1086991111369759)(4,0.1575104567009965)(5,0.18446520005671074)(6,0.22423606410397126)(7,0.22926487233624188)(8,0.22209918256856326)(9,0.19740459904366725)(10,0.20828076544657037)(15,0.22985780009575046)(20,0.25408263689913174)(25,0.2893972423220603)(30,0.29721479614127444)(35,0.3179991778650072)(40,0.3390979230007026)(45,0.3582689323111788)(46,0.37280701754385964)(47,0.44476044852191643)(50,0.34855124185200487)
};
\addlegendentry{Emb\_50}

\addplot[color=green,mark=*] coordinates {
(1,0.15)(2,0.12604043537211201)(3,0.08130111802380618)(4,0.14191498424021026)(5,0.1852160937627944)(6,0.18521518384826846)(7,0.2031648876768347)(8,0.1912164253252934)(9,0.1811473033565936)(10,0.18532299648777242)(15,0.19061101180281878)(20,0.21095498995571432)(25,0.2697036790485405)(30,0.265996842549436)(35,0.29329843575960407)(40,0.3301113775096306)(45,0.34173256352368986)(46,0.3815789473684211)(47,0.43852191641182464)(50,0.3339418523285715)
};
\addlegendentry{Emb\_100}

\addplot[color=green,mark=*] coordinates {
(1,0.15)(2,0.17204261353340083)(3,0.05)(4,0.11877932314364952)(5,0.1068888888888889)(6,0.13031674208144797)(7,0.1068888888888889)(8,0.10915133232780291)(9,0.11198976027540117)(10,0.15510087138651227)(15,0.11221198249762339)(20,0.047331435816927)(25,0.021795634068601532)(30,0.021795634068601532)(35,0.02225123621065807)(40,0.04443392213494546)(45,0.05965581037701564)(46,0)(47,0.1445769622833843)(50,0.04181259441152278)
};
\addlegendentry{Emb\_300}

