size	dial	Natural_Neg	NLU_Tran_All	French+German+Potuguese	Russian+Hebrew+Arabic	Finish+Hungarian+Chinese
5	5	0.42293648266917694	0.5847741856487997	0.47870156279429954	0.5053974974566521	0.5720132428878568
10	10	0.3661468935614908	0.540291800807273	0.3760833426059559	0.4757302409328915	0.5179242900453657
15	15	0.3606464238819167	0.5102038880980916	0.30778681716841133	0.4347392617282929	0.49189364780203687
20	20	0.3967660334390263	0.4999665477021692	0.3533092378447499	0.46066011562135467	0.48260611445891943
25	25	0.4028331145061073	0.4740605493334842	0.3370041891259081	0.4597855592326128	0.4265564543001174
30	30	0.46553319220618505	0.4855425816737255	0.4111261196379248	0.4844988727390297	0.4703181204755767
35	35	0.4440330355963398	0.4610215088767907	0.3821026892871334	0.48525235887851687	0.4447335390289263
40	40	0.4356058956066998	0.45024904164572205	0.3704565221560525	0.4781479817741398	0.44788137459055494
45	45	0.42540055696386114	0.4375697593220432	0.3462554625993895	0.46793819156434957	0.4435224002315806
50	50	0.40737867144197565	0.43052166645305484	0.344252629542452	0.46300941663557477	0.4437313866474636
55	55	0.4151999767259674	0.41938146613375	0.3356092883617973	0.466366059992218	0.44695025732902083
60	60	0.3972028525219467	0.41823665899563356	0.3336917600160652	0.4698376458775969	0.43932687129853243
65	65	0.37402103434012857	0.38298413374310825	0.30577930210360726	0.43365271969267083	0.41292956490122606
70	70	0.37647965728253946	0.40321443469394447	0.340389584027322	0.4532418950281148	0.4395321579963564