size	dial	Natural_Neg	Emb_25	Emb_50	Emb_100	Emb_300
1	1	0.042590151741200254	0.042590151741200254	0.042590151741200254	0.042590151741200254	0.042590151741200254
2	2	0.058009904384689184	0.07625589418873001	0.07640290275626814	0.0779207707054489	0.07304695287984228
3	3	0.10305418064010534	0.13487277821938637	0.12588767552064528	0.11110899068783138	0.014186633039092057
4	4	0.15716106123891407	0.1701738724037296	0.16462126144722292	0.16169375992778856	0.03015213563524078
5	5	0.16526290922125145	0.1828349024502383	0.18263326466158797	0.17277460220035384	0.040870245837325236
6	6	0.17340711254313965	0.24134583401670592	0.2316564196455242	0.17843726814474975	0.032311553539439555
7	7	0.16094860795117388	0.24387067910413548	0.2170905289861409	0.1841992887729765	0.040870245837325236
8	8	0.16072808609147454	0.23776650862634946	0.2179415857668708	0.18206813037496677	0.045199250166329565
9	9	0.16963085350643992	0.2228658945140563	0.19441370860037957	0.17112752297853084	0.053361657999478576
10	10	0.18109022552152573	0.2401864339090697	0.2174131558128586	0.1886708713339084	0.053143140609050364
15	15	0.23304460327358156	0.31010402200085857	0.31924005141423406	0.26722580296063636	0.05370276969187147
20	20	0.23513134085404594	0.31689985154103306	0.3221483554670673	0.29894792256778235	0.07106158849604095
25	25	0.29965247243445237	0.3811075187968064	0.38583793068457395	0.3821909111580164	0.03956810419827689
30	30	0.32354294639367887	0.3607320868223792	0.39527320717278086	0.37405893811639507	0.039542343600337024
35	35	0.3392180549321331	0.3807671019331597	0.41780237958709787	0.40817255350602333	0.04040369607529693
40	40	0.3867002794135309	0.4115991958431124	0.43641722228572044	0.45102781553303384	0.07598920747763854