size	dial	Natural_Neg	Hungarian	Russian	Hebrew	Arabic	Portuguese	All_together	German	_Japanese
10	10	0.3553841777487562	0.43157322852779273	0.41333893460178583	0.43856099393738973	0.4152885560774152	0.415565632183044	0.4613664121882725	0.3975925850664425	0.4092472454744541
20	20	0.4173879743171879	0.5032036350901925	0.4760400695453336	0.4798722109476937	0.4716694578262571	0.466118613786725	0.5168733680018319	0.4472188667674197	0.43788904970729947
30	30	0.4405884637713946	0.5330868386330594	0.49317717291905805	0.4884625487736816	0.48408564615318966	0.4717515171125801	0.5385164290441478	0.4723292693538873	0.4539383961440528
40	40	0.47013611551009526	0.5569348556070579	0.532415498509587	0.510200325920626	0.5185722331287904	0.5063651475359553	0.5689632235495418	0.5122841403851426	0.4991245694799952
50	50	0.5179453825091167	0.5642761400161351	0.5434640953479823	0.5341020233725654	0.548746573554538	0.5411617157226709	0.5792214666588815	0.5337912703019023	0.5340189770120005
60	60	0.5444844916930595	0.5883003442349214	0.5671750659301555	0.5630086110706278	0.5711299347710118	0.5641359824363328	0.5892518356475439	0.5575196334857067	0.5483773446872873
70	70	0.5459637268769959	0.589230341434983	0.5780646557519884	0.5735031034168625	0.5702089043822282	0.5782459508033404	0.5928011611188115	0.5701052663710384	0.5556082288186552
80	80	0.559447501569645	0.60328935190744	0.5946720834577709	0.5777257701912638	0.5883532202644769	0.5867281973765075	0.6128128751461561	0.5939334209144537	0.5761440077588015
90	90	0.5749445757826778	0.6255477793352814	0.6109326293514828	0.6022204454014768	0.6016505872628131	0.6053784166211552	0.6317232559991329	0.6145160277164619	0.5902569944484745
100	100	0.5991270958948943	0.6421607252983397	0.6190623940488015	0.6187475238916622	0.6243214777595938	0.6196817027943547	0.6519296406712598	0.6274094761871376	0.6125596625680382
110	110	0.6129537207299149	0.6500963711000601	0.6368656870806259	0.6185234349008262	0.6316714625696911	0.6280115367701262	0.6519856188385481	0.6442330896796329	0.616936333903471
120	120	0.6197030814690792	0.6561253852396154	0.6397517381704733	0.631788459140096	0.639834893655251	0.6344608337533624	0.6596065774407236	0.6512541693007841	0.6269392539436499
130	130	0.6246703356506453	0.6623774962634299	0.6491164191991659	0.6349732832778353	0.6422785463650225	0.6346547426470683	0.6649380682398531	0.6539449305498357	0.6355002177017498