\addplot[color=green,mark=*] coordinates {
(20,20)(40,40)(60,60)(80,80)(100,100)(120,120)(140,140)(160,160)(180,180)(200,200)
};
\addlegendentry{dial}

\addplot[color=green,mark=*] coordinates {
(20,null)(40,0.5125662875891152)(60,0.5413705008778473)(80,0.6126446752068632)(100,0.6409523969532256)(120,0.6677644637601782)(140,0.6695394240511239)(160,0.6710793151138232)(180,0.6802556307946699)(200,0.695991147729027)
};
\addlegendentry{Natural\_Neg}

\addplot[color=green,mark=*] coordinates {
(20,null)(40,0.5386921847629288)(60,0.596554511643864)(80,0.6614642278890911)(100,0.6469393663740672)(120,0.6386193139944539)(140,0.6444325113630027)(160,0.6484057681921527)(180,0.7072321242570624)(200,0.702794317122895)
};
\addlegendentry{Hungarian}

\addplot[color=green,mark=*] coordinates {
(20,null)(40,0.475060398099127)(60,0.5581128892452009)(80,0.6383164752769738)(100,0.6443522081637344)(120,0.6443235300742194)(140,0.6452349663431488)(160,0.6399216502113281)(180,0.647793329482097)(200,0.6566588172954032)
};
\addlegendentry{Portuguese}

\addplot[color=green,mark=*] coordinates {
(20,null)(40,0.4598929653288899)(60,0.4970902878791773)(80,0.561526790123835)(100,0.6427134162908831)(120,0.6396201160882682)(140,0.6704993205302131)(160,0.6652312202440994)(180,0.6777074624108904)(200,0.6960810146894122)
};
\addlegendentry{Russian}

\addplot[color=green,mark=*] coordinates {
(20,null)(40,0.5560304133556414)(60,0.593047532256436)(80,0.6733562500560807)(100,0.6745801420801424)(120,0.6770927707823673)(140,0.6893499451442041)(160,0.6925286878773178)(180,0.706884895552783)(200,0.7153365976097635)
};
\addlegendentry{All\_together}

