size	dial	Natural_Neg	Emb_25	Emb_50	Emb_100	Emb_300
1	1	null	null	null	null	null
2	2	0.4092726151547043	0.44564053765184203	0.42553774722720145	0.4172421669670593	0.417123717539876
3	3	0.44076217760016406	0.4583290173333909	0.45637755228048105	0.46500510688619884	null
4	4	0.46543600844489025	0.4494121432074265	0.4454349667746184	0.45155504805270874	null
5	5	0.4129536427381363	0.4405256754122845	0.44317832569467674	0.4313849158944187	null
6	6	0.43597740149421965	0.4537269517631598	0.45173466072448587	0.45083681302578293	null
7	7	0.4357825148384061	0.46024836047144146	0.4568274242962488	0.4602313556836424	null
8	8	0.4330069076445124	0.48470205923896303	0.47878473183028997	0.46723948399548065	null
9	9	0.42143695411902893	0.48565143598793553	0.47463392624513584	0.4614328945407761	null
10	10	0.4099484920607962	0.49383290191934587	0.4822032894210005	0.4614072217338542	null
15	15	0.4422580873375027	0.5063777330334258	0.5134064556616575	0.5084927623504492	null
20	20	0.45707319758279025	0.5184302663814376	0.5267233253199646	0.5291138667776457	null
25	25	0.5071863068404303	0.5584715808205154	0.5591964916948845	0.5710078232964957	null
30	30	0.5246561204500095	0.5719239494569806	0.5828651925192383	0.5970812666642058	null
35	35	0.5373717432243601	0.5907331655586938	0.5961025380011029	0.6148541419906832	null
40	40	0.5581231729810091	0.6026095557011475	0.6105582140199701	0.6263977809947427	null
45	45	0.5723163897966714	0.6058849989537405	0.6162005048093377	0.6309835976753655	null
46	46	0.5982038266302225	0.6085928261726449	0.6289556962025316	0.6495595557257756	0.5971810089020771
47	47	0.47297214608094984	0.573866187180434	0.5791203918373227	0.600654993672844	0.33571464735827106
50	50	0.5891033339896284	0.6023069180894962	0.618198797314268	0.634774984476125	0.5368848854418649