\addplot[color=green,mark=*] coordinates {
(1,1)(2,2)(3,3)(4,4)(5,5)(6,6)(7,7)(8,8)(9,9)(10,10)(15,15)(20,20)(25,25)(30,30)(35,35)(40,40)(45,45)(50,50)
};
\addlegendentry{dial}

\addplot[color=green,mark=*] coordinates {
(1,0.1)(2,0.026666666666666665)(3,0.02)(4,0.008333333333333333)(5,0.026666666666666665)(6,0.023333333333333334)(7,0.018333333333333333)(8,0.04)(9,0.04)(10,0.04)(15,0.061142697881828315)(20,0.137329988851728)(25,0.19975527829646544)(30,0.1950116885528757)(35,0.19702395165209535)(40,0.19847322701441417)(45,0.19676687780806495)(50,0.1938683270834273)
};
\addlegendentry{Natural\_Neg}

\addplot[color=green,mark=*] coordinates {
(1,0.1)(2,0.1)(3,0.18166666666666667)(4,0.09428571428571428)(5,0.09428571428571428)(6,0.09428571428571428)(7,0.08761904761904762)(8,0.09428571428571428)(9,0.09428571428571428)(10,0.09428571428571428)(15,0.1515711100493709)(20,0.1550103519668737)(25,0.19829333901382382)(30,0.1664415385559039)(35,0.17443670763802951)(40,0.16086527906660095)(45,0.17298915760352296)(50,0.16296845366977555)
};
\addlegendentry{Root\_Trans}

\addplot[color=green,mark=*] coordinates {
(1,0.1)(2,0.1)(3,0.11452380952380951)(4,0.04666666666666667)(5,0.07333333333333333)(6,0.06333333333333332)(7,0.056666666666666664)(8,0.06833333333333333)(9,0.05333333333333333)(10,0.05166666666666667)(15,0.13918060200668897)(20,0.18016722408026756)(25,0.2153834400707091)(30,0.21263154678658194)(35,0.21022115457774387)(40,0.20097207032865963)(45,0.20194104097154333)(50,0.2034771135945725)
};
\addlegendentry{NLU\_Tran\_All}

\addplot[color=green,mark=*] coordinates {
(1,0.1)(2,0.04)(3,0.10904761904761903)(4,0.08904761904761904)(5,0.09404761904761905)(6,0.09261904761904763)(7,0.08976190476190476)(8,0.11499999999999999)(9,0.11190476190476191)(10,0.11190476190476191)(15,0.15085523172479692)(20,0.1852524287306896)(25,0.2552166882044197)(30,0.23283868164973387)(35,0.27783188875561704)(40,0.2543760342652798)(45,0.21436919244809313)(50,0.22789942624776968)
};
\addlegendentry{Root\_Emb}

\addplot[color=green,mark=*] coordinates {
(1,0.1)(2,0.1)(3,0.185)(4,0.14857142857142858)(5,0.15023809523809523)(6,0.14523809523809525)(7,0.10523809523809524)(8,0.11833333333333333)(9,0.11047619047619048)(10,0.11047619047619048)(15,0.1799187768752986)(20,0.19696448479057177)(25,0.27202163969864623)(30,0.2502994842154839)(35,0.26001319736870976)(40,0.23746130481681718)(45,0.22651064919224853)(50,0.2195225223765355)
};
\addlegendentry{Root\_Trans\_Emb}

