size	dial	Natural_Neg	Portuguese	All_together	Russian	Hungarian
10	10	0.5201749067305819	0.49227082569169844	0.5272592862128729	0.5260541692763375	0.5628215312998337
20	20	0.6257718891909206	0.6178750878377632	0.6300636169969975	0.5903593839248299	0.6513647489869223
30	30	0.7040063375087801	0.6963414591878188	0.7164990757548125	0.706805636976749	0.7137719904436961
40	40	0.7221104508745432	0.7099841028796763	0.7158718687951	0.7145170081631808	0.7144515876942857
50	50	0.748458241915529	0.7287096181058644	0.7354967557405026	0.7383226570610751	0.7457076247168121
60	60	0.7409212366833414	0.7349310772701918	0.752365138658908	0.7409213761428172	0.757980564668953
70	70	0.7595479043515988	0.7467054372775455	0.7574206876435295	0.7510528125749184	0.7641586722154523
80	80	0.7632159122000457	0.7499647297187453	0.7630240908132843	0.754796702853991	0.7751258417926096
90	90	0.7710321061740417	0.7634707498839701	0.7731478481000921	0.7643908008538145	0.7780890807703406
100	100	0.7869376233003011	0.7759206404393455	0.7917269967293828	0.7800171998007206	0.7884450167923656
110	110	0.7889707893668707	0.7741382281557927	0.799083148309742	0.7802004448291847	0.8009983147020822
120	120	0.7791050102779211	0.780375872480927	0.811191969143937	0.7925233430212706	0.804561829943815
130	130	0.7874625803640227	0.7854529887661783	0.8123768692304787	0.7915607366711165	0.8083059000253284
140	140	0.7907524855383019	0.7833196791400194	0.8119799039165015	0.7926401721473381	0.8063210458840868
150	150	0.7890558324036989	0.7871426303464881	0.7994264686957641	0.7834436251339258	0.8021170704835354
160	160	0.8016304347826086	0.8038029386343993	0.8011695906432749	0.8027562446167097	0.8039895923677364