size	dial	Natural	NLU_Tran_Yandex_Google	NLU_Tran_Yandex_Microsoft	NLU_Tran_Microsoft_Yandex	NLU_Tran_Microsoft_Google	NLU_Tran_Google_Yandex	NLU_Tran_Google_Microsoft	NLU_Tran_All	Google	Yandex
1	1	0.37329118449967397	0.37329118449967397	0.37329118449967397	0.37329118449967397	0.37329118449967397	0.37329118449967397	0.37329118449967397	0.37329118449967397	0.37329118449967397	0.37329118449967397
2	2	0.533290181883545	0.5666305395427622	0.5842543395658432	0.5713008605115713	0.5875931936023963	0.5759360682832313	0.5789859634441662	0.6010991494883793	0.5641519786404884	0.5940277359894546
3	3	0.7263542100317588	0.7498593431862408	0.7680647946434059	0.7747193817805498	0.7858077341290126	0.7416573963997704	0.7702869628501131	0.7902538187386875	0.7483429141854551	0.762732385802839
4	4	0.7731707780726362	0.7564045614520551	0.7638405527634269	0.7796041923976748	0.7608640212473582	0.7732770958412858	0.7843306447969779	0.7882763894502255	0.7322650536375825	0.8146331681032786
5	5	0.6725711579590691	0.748403554091248	0.7398933957685585	0.7335986216294184	0.6931443196001463	0.7598095147124709	0.7557342398608584	0.7675491196568747	0.7146580138795664	0.7796360258852312
6	6	0.7079726362439844	0.7287023274137504	0.7118153524843408	0.7459286084932415	0.7279499960591883	0.7654161976975138	0.7295078477773052	0.7477066416619473	0.7213305838635926	0.7508915074951302
7	7	0.6564094899265587	0.7230363134047472	0.711074414527399	0.7349990082848575	0.7217027890322469	0.777749760104282	0.7257257949850178	0.7499026760135827	0.7374469124335084	0.7413854452428537
8	8	0.6638839614416502	0.7202784215962271	0.7122910181816142	0.7387398812888593	0.7126127955381205	0.7725188661271813	0.7304498899304355	0.7516957267715895	0.7240217699455263	0.7411156461820134
9	9	0.7312587053157225	0.7613382031346589	0.7610440955136317	0.7776667807582021	0.7543002006925599	0.8046534621937187	0.7729407227533163	0.7865625338367044	0.7734599040702296	0.7994557606189662
10	10	0.7384963639220586	0.7716363944987219	0.7677919218009347	0.7728071360273836	0.7621048744866062	0.8028214771042113	0.7800347957151994	0.7836181545624139	0.7757180926427822	0.7960629740546112
15	15	0.7588888409027005	0.7732931193780155	0.7677769505958993	0.7946342557855737	0.7802153925262976	0.8126807497325345	0.7913954871251451	0.8204786283507719	0.7889603454626231	0.7839014374912108
20	20	0.7996024258000836	0.7804104124094654	0.7809139147079901	0.7948748517746835	0.8067140136485452	0.8165074234369032	0.8006071042983669	0.8039904303305226	0.8044263843874331	0.8010281504205077
25	25	0.8119327211645635	0.8171524818984809	0.8072322850127678	0.8078981290470052	0.823272593695244	0.8310153658982344	0.8210987534354774	0.826282416601282	0.8189408429108817	0.8155161779897186
30	30	0.8407910362493162	0.8476013218186658	0.846106310344729	0.8501560557522648	0.8673689270489024	0.8619662547032144	0.8549707009062854	0.8668677699568199	0.8613554384306357	0.8628258927412885
35	35	0.8514511862052828	0.8572879094112743	0.84757583375992	0.8716017184479735	0.8728292924204105	0.8682291498926527	0.8639336674673223	0.8705003752109024	0.8620389331464253	0.8688537261218967
40	40	0.8595123006461789	0.8768112133493926	0.8745010459714602	0.8996726268247308	0.8896045979100556	0.8805746102443905	0.8803618323640261	0.8918083323518976	0.8717199722259548	0.8985284661644141
45	45	0.8875373364494982	0.8920767717434028	0.8939019991707639	0.9104543697045318	0.9025682899452896	0.9035692900901096	0.9029075500521998	0.9002447774980311	0.8951702447318048	0.9091572768192927
50	50	0.8899936533171235	0.8971117356155875	0.8897237853424851	0.9114466233117667	0.9077566884067189	0.9070107850544167	0.8941687940525875	0.8996823238090312	0.8998405949220677	0.9039254351021799