size	dial	Natural	NLU_Tran_Yandex_Google	NLU_Tran_Yandex_Microsoft	NLU_Tran_Microsoft_Yandex	NLU_Tran_Microsoft_Google	NLU_Tran_Google_Yandex	NLU_Tran_Google_Microsoft	NLU_Tran_All	Google	Yandex
1	1	0.5	0.5	0.5	0.5	0.5	0.5	0.5	0.5	0.5	0.5
2	2	0.6122251339986357	0.6462351235343466	0.6769669560604192	0.6533414128982107	0.6655614819081256	0.6633126520359918	0.6608676876921888	0.6911513535850302	0.6548765173350153	0.683619065648176
3	3	0.810059204103192	0.8337507602588674	0.8668552552188971	0.8663378561574733	0.8811510212353169	0.8353188689275439	0.8573259105181984	0.8872131640364203	0.8452841336250208	0.8484298387924207
4	4	0.8752526536310155	0.8448867988235091	0.8568940261714861	0.8676184108247138	0.8392512090917135	0.8460811546801624	0.8732678010700157	0.8641630900316063	0.8109862071511247	0.9000525697137076
5	5	0.7386645706635971	0.7884841454807502	0.782665880913655	0.7619598845919843	0.7343118470685928	0.7818927572773542	0.8051160907324946	0.7918416978496462	0.7462579477305507	0.8204250657624419
6	6	0.7589812761959231	0.7697805714793098	0.7676344605966084	0.7692675102848873	0.7684664005221812	0.7947905626930302	0.7753837553985159	0.7882473358239206	0.7638349211829313	0.8028017086154893
7	7	0.6860103966841089	0.7752828999657295	0.7719164729006561	0.7771547719359413	0.7687034937253618	0.8049495800471126	0.7768089481186266	0.8030528151588697	0.7926071163166127	0.790568004481848
8	8	0.709575462064697	0.7815827912117342	0.7763989120181053	0.7873325771370572	0.7774715992290981	0.826938732776949	0.7952268394621906	0.8091199100539086	0.8013696391848351	0.8030973508289435
9	9	0.7255348137587798	0.8034787648165045	0.8115508173815227	0.7921134095076993	0.7829034422085236	0.8310195366330119	0.8149244881426212	0.8232460443873186	0.8153312733091195	0.838943130280402
10	10	0.7400423016598016	0.8076618405907393	0.810674885540162	0.7870804526205277	0.78698714054025	0.8286684921783254	0.8248203096023907	0.8096802659938325	0.8154617175288574	0.8361103316140985
15	15	0.729117798487221	0.772929538579518	0.762341713864708	0.7713168645458485	0.7674005319060606	0.8113879540458212	0.7815288283235857	0.8157052266340937	0.7886202241295177	0.7849747588471433
20	20	0.7931170695127262	0.7949065401700138	0.7955382740312663	0.7937842055700568	0.8225552263156753	0.830037264035744	0.8073867497838009	0.8169581179742569	0.8271913495974681	0.8291412117597
25	25	0.8052890321498228	0.8429008522266901	0.8374926586007103	0.8096765558953243	0.8437930373453317	0.8444626222441208	0.8375787820253773	0.8500994015352831	0.8472736913977524	0.8507174375274105
30	30	0.827109133382176	0.8739549975446634	0.8710588297146271	0.8501854809393645	0.8834861829572409	0.8732226192557622	0.8672074404167287	0.8898804827949698	0.8871918708480419	0.8926366779528425
35	35	0.8357725464452754	0.8805736728147288	0.867058758733207	0.8739276150121867	0.8831195889950619	0.8737342160454367	0.8750481408003669	0.8926224357241255	0.8835462159058295	0.8945880513273003
40	40	0.8407285443627716	0.8884070522040138	0.8913193603505905	0.8944378848674328	0.8900397965473763	0.8782731910172334	0.8811076949352893	0.9028655485828198	0.8774219534342752	0.908042860781199
45	45	0.8638067572020656	0.8969075213225872	0.9016490043907206	0.9053562239092052	0.9074063869344176	0.8994579378810336	0.9027680990755416	0.9109242730596423	0.8984773781554022	0.9179997547289581
50	50	0.872630179357723	0.910048755819942	0.900013021970673	0.913494358599823	0.9194831364186935	0.9104912950036063	0.9002498977224673	0.9178674288983728	0.9096629049194253	0.916429740940966