size	dial	Natural	NLU_Tran_Yandex_Google	NLU_Tran_Yandex_Microsoft	NLU_Tran_Microsoft_Yandex	NLU_Tran_Microsoft_Google	NLU_Tran_Google_Yandex	NLU_Tran_Google_Microsoft	NLU_Tran_All	Google	Yandex
1	1	0.37442628948712964	0.37442628948712964	0.37442628948712964	0.37442628948712964	0.37442628948712964	0.37442628948712964	0.37442628948712964	0.37442628948712964	0.37442628948712964	0.37442628948712964
2	2	0.4412929951847495	0.47924085623630025	0.4905153641668668	0.48084129929642233	0.4913764639685363	0.4844581623087333	0.48417575256040524	0.5047770301202898	0.4759446278119815	0.4992418974967735
3	3	0.5531008954837178	0.5766748452686568	0.593539829640431	0.5941181854313363	0.6062884722074345	0.5745506507494127	0.5977934187085083	0.6085339612801716	0.5775012890381133	0.5929768946675257
4	4	0.6064591567409451	0.5917333302221583	0.5993682210882887	0.6122825420959905	0.5980575822110491	0.6046007410289274	0.6128836592247284	0.6220556608736187	0.5804819805181474	0.6306056843494159
5	5	0.539490623119417	0.5723232132555952	0.5669778131815449	0.5706345152332761	0.5534892694352032	0.570723219416857	0.585749078183652	0.5879259382793425	0.5529415735102851	0.5890854530071886
6	6	0.5473962431200783	0.5601578456279662	0.5538498446269366	0.5742354494299746	0.5696631873102931	0.5806860875893914	0.566299904184139	0.5834297645237114	0.5641315959763631	0.574821866750687
7	7	0.495397682093757	0.5643985475301027	0.5602713493819571	0.5789361272010292	0.5735286760423046	0.5908829625362585	0.5604206661481331	0.5950034360447682	0.5831372413819527	0.567987663110787
8	8	0.5046622716153342	0.5670288094868757	0.5618346272808799	0.580444806296988	0.5726608495328652	0.597580865310591	0.5721152396019403	0.5954728166552878	0.5825116941739645	0.5737892909691337
9	9	0.5270708893599484	0.5891962440117521	0.590756911989683	0.597657113380216	0.58805202660062	0.6104541853295983	0.5915314034085635	0.6159739716241271	0.6026386688076447	0.6065971644531927
10	10	0.5369321202297506	0.6015426577904113	0.5935838850167553	0.5971447780453752	0.5918087785395572	0.6159992755606104	0.599746760365121	0.60890373100693	0.6049835954859005	0.6096403500755423
15	15	0.542449358223086	0.5970413598496608	0.5763608407928706	0.6017635620815349	0.5937714648708721	0.6202137612427484	0.5898584054407279	0.6390943968833813	0.6048743477307279	0.5946997442099058
20	20	0.5828921477745488	0.6073303125000841	0.5956615966361878	0.6131834019043174	0.6195384017021005	0.6309307029049706	0.6047906974905631	0.633797484517118	0.6222372151659455	0.6186009518335778
25	25	0.5954150984172084	0.6342694614327233	0.6190771104342756	0.6258636561838774	0.6368644376848824	0.6363726988054651	0.6276316338777754	0.6561321506236795	0.6260610027565724	0.6395174413136228
30	30	0.6060920412610071	0.6567804007943452	0.6419261830900583	0.6548188405548097	0.6650807366503657	0.6520471711415659	0.6511766827499701	0.683965883790188	0.651028873852157	0.6643927322289456
35	35	0.623384986922894	0.6665609888546532	0.6420594361891259	0.683937263694081	0.6783103257450179	0.6635148620254757	0.6652210218667729	0.6879206550896513	0.6634212911773898	0.6705755240086952
40	40	0.6401742819891441	0.6804023174199937	0.676792877528908	0.70646862042741	0.6923784536242104	0.6793725916234756	0.6770081693345172	0.7057220860414322	0.6676234263001926	0.6945574193576121
45	45	0.6600409232070344	0.6976284491851031	0.6932128818595023	0.7169096871449596	0.7097046051718959	0.6958409887889115	0.696336744131009	0.7188055197439696	0.6888516091629516	0.7113346113863597
50	50	0.6660992523668393	0.7107095594159755	0.6948221686262441	0.7179839806734412	0.7166953963798468	0.7022232727003133	0.6964967391041876	0.7221804232932404	0.6967575032411503	0.7074034205992934