size	dial	Natural	NLU_Tran_Yandex_Google	NLU_Tran_Yandex_Microsoft	NLU_Tran_Microsoft_Yandex	NLU_Tran_Microsoft_Google	NLU_Tran_Google_Yandex	NLU_Tran_Google_Microsoft	NLU_Tran_All	Google	Yandex
1	1	0.1	0.1	0.1	0.1	0.1	0.1	0.1	0.1	0.1	0.1
2	2	0.1018957345971564	0.1838862559241706	0.17725118483412322	0.17725118483412322	0.17819905213270143	0.17677725118483414	0.176303317535545	0.16492890995260664	0.18436018957345973	0.16824644549763032
3	3	0.0828048255062473	0.11024989228780697	0.09816027574321413	0.10725118483412321	0.10819905213270142	0.11359543300301596	0.11630331753554501	0.08632343775490144	0.12481473502800518	0.09779190004308488
4	4	0.07484633757628742	0.10533729602657041	0.08123272944788613	0.12875892547152842	0.1397422436763531	0.13204391729376774	0.11791958605053898	0.12392423754407836	0.14618734392189509	0.08179015573300763
5	5	0.12280750262483112	0.1532729238736233	0.14328480358733892	0.19808040140046768	0.19992520799956498	0.16272237861986172	0.15845103591940202	0.1826939342349088	0.19249802353354556	0.13046494020404661
6	6	0.10714039340315351	0.14444122236377716	0.11656712713957855	0.18524273681506545	0.17397875929659296	0.1801749543406887	0.16369221591291855	0.17291810740021965	0.19630915180121528	0.11079916985042293
7	7	0.09092534192313094	0.11149026055283133	0.08740889125354802	0.14019942188988824	0.16219087121575626	0.17033610730138674	0.1254233998249628	0.14500104624657725	0.17479331561735528	0.0876696608269931
8	8	0.032408944446507985	0.09867031350958332	0.07590230826559954	0.11371169101756606	0.1346092295564447	0.13424166776034524	0.10756733481261842	0.1243841732980413	0.1416953456261814	0.07618874274726513
9	9	0.08308785929762519	0.13171261697345038	0.10977697728589964	0.14973552155595973	0.1729587441195515	0.17253822557146617	0.15211580882200199	0.17144931893695853	0.18717296288203064	0.12014215009617579
10	10	0.06560810426715516	0.1449884695526347	0.10996449219361715	0.14193998819009043	0.15557358719850914	0.17793568529611065	0.13921250758784715	0.15197849657296586	0.1814293599444317	0.12432572176228818
15	15	0.08722838135983449	0.16929228567412097	0.13317538584370386	0.15405514087338734	0.17890928430604922	0.18273419102736269	0.15894620685373437	0.18836719671346958	0.18778992935704028	0.14916131397417187
20	20	0.10701918492113931	0.15097986649601808	0.12704433448591196	0.1422379109699396	0.16295807110627233	0.18318697839598444	0.14659333958459	0.18534178526434314	0.15767943135809231	0.14312375260416862
25	25	0.09379338579459166	0.11272885683258735	0.11778697179422708	0.10594302179413365	0.11087759054395577	0.13167973711598785	0.11565927800828493	0.13842362935686311	0.1132739138496843	0.13252069592070978
30	30	0.09848689106678914	0.1280169671934602	0.1279454110257155	0.12896207897623446	0.13392795389533477	0.13547858580029298	0.1307067058495063	0.14114014923011758	0.13961182485632764	0.1395664016908454
35	35	0.15096813443643806	0.17828778263358971	0.1782726102776876	0.19694061506816624	0.1941440338681848	0.1846724826465504	0.19082389407171862	0.20153350345558058	0.17968234469932848	0.18634265853829635
40	40	0.17981201419471943	0.18384153361313516	0.2073499937240731	0.223311644916816	0.22489274905730877	0.211312655279837	0.20435486759476323	0.2062721939630035	0.19772376374379078	0.20718149398984248
45	45	0.18803012436832225	0.2053868227331271	0.21983763755502989	0.23193973850754174	0.24508663639239586	0.2216858813393921	0.2231691082916661	0.23416737306258897	0.21352060179637325	0.222611199770051
50	50	0.19731886763931253	0.23588195666992995	0.23811408024916428	0.24816462013913076	0.2576176922794522	0.23388565669762404	0.230212411810481	0.23868644181233406	0.2303379070730101	0.24128400521036036