size	dial	Natural	NLU_Tran_Yandex_Google	NLU_Tran_Yandex_Microsoft	NLU_Tran_Microsoft_Yandex	NLU_Tran_Microsoft_Google	NLU_Tran_Google_Yandex	NLU_Tran_Google_Microsoft	NLU_Tran_All	Google	Yandex
1	1	0.092438274735512	0.092438274735512	0.092438274735512	0.092438274735512	0.092438274735512	0.092438274735512	0.092438274735512	0.092438274735512	0.092438274735512	0.092438274735512
2	2	0.21259016576347495	0.19640276086273353	0.19373659001987828	0.19195384546635505	0.19650809465327093	0.1903268737038791	0.1921877015320139	0.20004842857043084	0.19207192722129268	0.19825576586703128
3	3	0.28901715475843426	0.2596828388564519	0.2731001502475953	0.27000679781696413	0.289011494820538	0.2478273450602458	0.27314457917207446	0.2656072914126545	0.26153772005246734	0.2577042122470297
4	4	0.3098578260187487	0.2754017031438076	0.28135361175490947	0.2786961674619606	0.28337021262076145	0.2800904254019608	0.28664677488114154	0.2881682281525881	0.28389302079397905	0.28663618990283435
5	5	0.31014818184446086	0.2808744832713931	0.2907677575280056	0.2943661373103847	0.2858253955858181	0.28126546793359986	0.2897879624642648	0.2912365240468909	0.28797331257835346	0.2950889360330025
6	6	0.34574296356878165	0.3062146064383275	0.30618743157343375	0.29926144266179616	0.3059640562607707	0.3039543747225667	0.3147829940374004	0.3041726489979354	0.31374391928699086	0.31252595431766955
7	7	0.36410720320439344	0.31688872603895846	0.3159536875545898	0.3039841344035665	0.32480161971417465	0.32939788980832685	0.3283294988897828	0.31565120998858126	0.3334714744980008	0.32875543528658785
8	8	0.35770782594481443	0.3208052669662833	0.32388539308862596	0.3056379328292045	0.3256180635910334	0.33648346280971136	0.328146842442826	0.31754404531331426	0.33501057011253305	0.3352090769443521
9	9	0.3784261886772041	0.3371847356277055	0.34293639851415125	0.3265777717763754	0.33870067163126377	0.3495343548751247	0.3410274456715766	0.33373865435352645	0.3464411047816767	0.35635326641785225
10	10	0.4125467216820689	0.368707982188195	0.369366856172732	0.34925090460495056	0.36903348075599957	0.37339467373281077	0.36592563911974646	0.36679379826380143	0.3790259874091735	0.3900946065671863
15	15	0.4805403140243868	0.41746141199638753	0.4211164962119366	0.4247830475365017	0.4428669392574047	0.454753664433758	0.4330291190503668	0.44144509494147616	0.44637279735049373	0.4550904098045798
20	20	0.4923400917906635	0.41802626204897886	0.4148809384697292	0.43761448214621995	0.4494157136689073	0.4406643580950762	0.43296018798940106	0.45754561100370444	0.4381476173197445	0.4583405842752718
25	25	0.5104329547107593	0.49393445743552356	0.48568073278214524	0.5157499989513088	0.5206287084435159	0.5106764771562564	0.5027623409300279	0.5096001108893436	0.5233584320324148	0.519127594794113
30	30	0.575610143981103	0.5214326545939658	0.546945981270438	0.5470046712677452	0.5377825894147976	0.5422872195555681	0.5524047743576851	0.5486300844527376	0.5676605388937437	0.5475867859900523
35	35	0.592567375277103	0.5854902021609384	0.5816451419009848	0.5927809084111675	0.589274655887424	0.5992733244153915	0.6110547070441108	0.6068279880018839	0.6230393100561333	0.6122274385834612
40	40	0.5867309001093693	0.5919996185959868	0.5967389494580503	0.6006021803447774	0.6066808752680914	0.5958285657770452	0.6132157405419042	0.6104213931329389	0.6287485092226438	0.6086753845370695
45	45	0.6307561766330813	0.6247542494778794	0.637034468290204	0.6251616030528091	0.6414381311055218	0.637442703328615	0.6612915309660762	0.6511178654151893	0.6513098588177046	0.6490199635914301
50	50	0.6147517337515701	0.6235424904969419	0.634142271273775	0.6186549286451619	0.6312425581574533	0.6387605469076221	0.6513119966805767	0.6399542689509825	0.6547939187610501	0.6463058128619571