size	dial	Natural	NLU_Tran_Yandex_Google	NLU_Tran_Yandex_Microsoft	NLU_Tran_Microsoft_Yandex	NLU_Tran_Microsoft_Google	NLU_Tran_Google_Yandex	NLU_Tran_Google_Microsoft	NLU_Tran_All	Google	Yandex
1	1	0.3720736281304689	0.3720736281304689	0.3720736281304689	0.3720736281304689	0.3720736281304689	0.3720736281304689	0.3720736281304689	0.3720736281304689	0.3720736281304689	0.3720736281304689
2	2	0.4534069249684043	0.4766766857424808	0.48861952299982586	0.4782150129120125	0.48875570030645693	0.48175352960855616	0.4814659533131015	0.5020050673008752	0.4732767921099045	0.49645046626293904
3	3	0.5705520842528022	0.5835224572403417	0.6015526904280791	0.6035538617783225	0.6153149516465338	0.5740908997519097	0.6027677398985934	0.6072657069264321	0.5865174126672835	0.5935011705202535
4	4	0.6121077283493084	0.5995189350754763	0.6061623552732989	0.6215456380573424	0.6066668134743247	0.6104695792756921	0.6233437224987876	0.6260120092922338	0.5862770009680851	0.6413195911866058
5	5	0.5555175871459948	0.5831310911700167	0.5795157732845031	0.5800490569656803	0.5626225205931752	0.5854247204701328	0.5951293275941546	0.5939899830328906	0.5658339048758434	0.6042572019667597
6	6	0.5711511523643467	0.5795811392727319	0.5718770939368192	0.5824584637062427	0.5788585658892444	0.5929010803468528	0.5891134873672672	0.5926113167481065	0.577527916908908	0.5968530822084742
7	7	0.5307400174938116	0.5834907579411716	0.5748852874481701	0.5846367107890962	0.5823729340029898	0.6050249775738665	0.5892078838579431	0.599043002505584	0.5950752434273744	0.5952620482316358
8	8	0.5402134666695074	0.5807687421308552	0.5770001153759905	0.5882480108402338	0.5797660982122096	0.6107978872892809	0.5947317449299732	0.5982515445999375	0.5897889918361369	0.5968405069439823
9	9	0.5726815518591906	0.6077136210430938	0.6114186730136957	0.6109857298561407	0.5972653948760743	0.6246312392842589	0.617605205470905	0.6239197493033479	0.6104181770169352	0.6327342610477724
10	10	0.5960676970662938	0.618885726017826	0.6181319733772354	0.6150961160116527	0.6103632570795716	0.6293289682931704	0.6289115073711271	0.6272332239479866	0.6193517676978394	0.6388903367452493
15	15	0.6151315739250853	0.6244498690676639	0.6140630512026253	0.6352053293394199	0.6287717226262716	0.6475173341357054	0.6316654726788136	0.6603999883855838	0.6369166382050047	0.6303313953535759
20	20	0.6457968713845479	0.6319466336525936	0.6309392396094298	0.6436103977212315	0.654073494258324	0.6587790696948577	0.6475998959561177	0.6614758477823812	0.6556612253803908	0.6519037325926236
25	25	0.6592880326994287	0.6623654049874765	0.6537204020852017	0.6611344529540693	0.674186048262407	0.676275524487332	0.6646646180271346	0.6779235526204042	0.6695839557432072	0.6692424251492295
30	30	0.6791316038109244	0.6852636871841515	0.6783251690131898	0.6917656543420009	0.7032503505509715	0.6951914472627736	0.6892957346958696	0.7099341500486087	0.6934169863658239	0.6937115754101878
35	35	0.6935404136125941	0.7000113304819796	0.6843524036545912	0.7199837154584395	0.718670692151859	0.7085704692994477	0.7067909201936509	0.7201837358573654	0.705917932258928	0.7096391433551915
40	40	0.7009727707567115	0.7184285157955456	0.7129915657012543	0.7421443664649472	0.7312654207257013	0.7182164269098694	0.7194575383072805	0.7402222178795713	0.7162845353998175	0.7290778549935081
45	45	0.7271210911836494	0.7404983308625868	0.7389996703151566	0.7565273484517279	0.7521785312761176	0.7452652417300414	0.7425303854679093	0.7555876865377251	0.7394576436579975	0.7518109683344983
50	50	0.7287210616145081	0.7464008588632804	0.7377802630843103	0.7561425141368876	0.7542794611062071	0.7487381996892966	0.7406866773308037	0.7542438621790515	0.7457949151099892	0.7475982951246126