size	dial	Natural	NLU_Tran_Yandex_Google	NLU_Tran_Yandex_Microsoft	NLU_Tran_Microsoft_Yandex	NLU_Tran_Microsoft_Google	NLU_Tran_Google_Yandex	NLU_Tran_Google_Microsoft	NLU_Tran_All	Google	Yandex
1	1	0.029411764705882353	0.029411764705882353	0.029411764705882353	0.029411764705882353	0.029411764705882353	0.029411764705882353	0.029411764705882353	0.029411764705882353	0.029411764705882353	0.029411764705882353
2	2	0.033132694938440496	0.06727272727272728	0.06883135358133581	0.06826754539718152	0.06823529411764706	0.06916636593287621	0.06951139110687862	0.0683875826290687	0.0662266561226352	0.07008973080757727
3	3	0.037820547090795686	0.06806929590017825	0.06772728118314575	0.07314149497701346	0.07392991239048811	0.07674090259685687	0.07723042808875998	0.06993403454316767	0.07493052310840168	0.07277673153379369
4	4	0.06323595835704973	0.079088229725858	0.0732689707870452	0.08330092411366563	0.0880938306615432	0.08809251110173408	0.08470972275138917	0.0817425485274053	0.09072484161871441	0.08006062137453467
5	5	0.06591957354189075	0.08570877640774115	0.07933681094192313	0.09089626809055493	0.09102432396199657	0.09245673533758222	0.09015876372817387	0.08380819360076411	0.09022941065194585	0.08379531253287328
6	6	0.08581289352547486	0.11786339215100125	0.11360874882168495	0.11090094217893778	0.11587042493358335	0.12939606189594616	0.1384331062614303	0.12937314400758015	0.1353267417031921	0.11897619950838081
7	7	0.08264159736734507	0.10437464055789505	0.10468581360826879	0.10331022331197448	0.1134870594370249	0.1276704345352791	0.12875124130051874	0.11936254262728707	0.1284148361797075	0.1075120116580796
8	8	0.05178838098774148	0.0920655690982248	0.09624361480478165	0.09095009464282242	0.09899318755632155	0.11787615778799514	0.11778599447428455	0.10751983148542246	0.10902074917723144	0.10135052800356355
9	9	0.06766688066855847	0.11282206507367754	0.11222898562134923	0.09761143367388256	0.10499622727195664	0.12454774461381171	0.12744602910612554	0.12644348030909644	0.11849882707303365	0.11241023978164022
10	10	0.07447496274953676	0.12375339451784358	0.11615845362428916	0.11049031906552528	0.1170546230019747	0.13352860344765632	0.12767958838333962	0.13098491265197446	0.1362783597466714	0.1318723708188886
15	15	0.11171425386269129	0.16078885974475932	0.14690011585003163	0.14350381010517702	0.1531977805305488	0.1619768900734157	0.16954087950077112	0.17898300487616509	0.16025545819396908	0.16497274346447077
20	20	0.13421352579504825	0.16297733588174707	0.15614452142119	0.17229330770084825	0.17899401861626107	0.17555665780764002	0.17685809024931684	0.21064355569367477	0.18154164234760484	0.17820416756611054
25	25	0.12747805672640253	0.1418866384837402	0.1482092478018781	0.15019081039386575	0.15496077156319743	0.16982624499239451	0.1541892507892444	0.1805422756992845	0.15343658042754243	0.1710797203448032
30	30	0.1471562769226136	0.16505833062359887	0.16861694104791927	0.18634267207785915	0.17703544519923342	0.18211919724768394	0.17343493697747522	0.19681222135122522	0.1769233308895976	0.17757081449940254
35	35	0.2093078283840867	0.24022288780252823	0.24275910512930485	0.2709923794762703	0.25684928126337814	0.24949267672370617	0.2539632583161918	0.2808692330742163	0.23619229352786345	0.2516993573067511
40	40	0.23338143888007373	0.24925601734568828	0.26869207190336425	0.2913204438380525	0.28553872427837595	0.2641404696236161	0.26142555325852335	0.2849551268254043	0.25972038087621646	0.2627014199823449
45	45	0.25755511226776007	0.285598292800524	0.30087506798614766	0.3089469501338357	0.3215850896568771	0.29727991021348105	0.29431020215941306	0.3187409948536299	0.2926656323024831	0.2913439977219039
50	50	0.2612897741738747	0.30856312232541794	0.31327479298050004	0.32394121381481145	0.32917377565705946	0.3075211705120721	0.29850665412925925	0.3186125875232221	0.3057757248716806	0.3078917471751491