size	dial	Natural	NLU_Tran_Yandex_Google	NLU_Tran_Yandex_Microsoft	NLU_Tran_Microsoft_Yandex	NLU_Tran_Microsoft_Google	NLU_Tran_Google_Yandex	NLU_Tran_Google_Microsoft	NLU_Tran_All	Google	Yandex
1	1	null	null	null	null	null	null	null	null	null	null
2	2	null	null	null	null	null	null	null	null	null	null
3	3	0.7688553562017825	0.7544029816540513	0.7474728721367624	0.7504733779823275	0.7582829684399627	0.7389410558329949	0.757164264146738	0.7559919632940121	0.7317024643958736	0.7596257146365344
4	4	0.7174366165518838	0.7147746161761503	0.7231185796861904	0.7348062951832397	0.7263389517013887	0.7294929598517061	0.7233500703327442	0.7464309642141178	0.7081556262583932	0.7538035701832958
5	5	0.7813745767563296	0.7572258275622972	0.7699080730354856	0.8138774081220204	0.7980113491584867	0.7807213353846147	0.7531262439963086	0.8095516636978033	0.7845527799696409	0.8046157412870396
6	6	0.7834045591447684	0.7562130356905591	0.7296320439587556	0.7765798620495448	0.7641196433600299	0.7792278706192924	0.7504440100493002	0.7661714287178388	0.7621078160485959	0.7675743131703106
7	7	0.783670110349472	0.7611035512385237	0.746476253992163	0.7656122198163546	0.7677806981493147	0.8018941623387439	0.7522578579971564	0.7692488740024215	0.775064341896265	0.7695312899594862
8	8	0.7494952974607074	0.7547073214208694	0.7494487554353345	0.7651731746329752	0.7470934773030675	0.779426069969833	0.7477214433652329	0.7685675712787398	0.7508494278674409	0.763430978281785
9	9	0.7899719948952834	0.7622509013163244	0.7577997417349102	0.8046709125036653	0.7737403932071911	0.8032693021642198	0.7680395874432671	0.784509293982721	0.7698549320683122	0.7909916109096697
10	10	0.79425720557383	0.7835560320704026	0.7803480508709448	0.805572902653654	0.7826526592345635	0.8042530507899182	0.7772411966774263	0.7948272492269777	0.7737901012409821	0.7929695039659361
15	15	0.8654573770325562	0.8243549454241121	0.8298352273981496	0.8709871169346075	0.8449692255766019	0.8589691428798947	0.842303621350226	0.857650926810426	0.8433592928770424	0.8409592979885707
20	20	0.8784012536282898	0.8290033700630245	0.8321957060958217	0.8545978667495595	0.8505204247006445	0.8678388644317799	0.8461294241047899	0.8503558039259002	0.8485066530432193	0.8456711975689026
25	25	0.8889994441220491	0.8414898245358019	0.8389577976189555	0.8594866035229884	0.8597675350411181	0.8700720268200166	0.8528860663740122	0.8533082945436444	0.8477117414519126	0.848952194698535
30	30	0.8893251572172929	0.8473822476949044	0.8490428927821343	0.8734448300444593	0.8737146765558425	0.8766178438603213	0.8627361611710459	0.863827177344523	0.8601434762574046	0.8585907566678085
35	35	0.898746624366997	0.8582301146607179	0.8542079581726357	0.890046172120164	0.8840996356215003	0.8866115809266871	0.8711557481354614	0.8668653064200111	0.8636305991658079	0.8658032005184415
40	40	0.9081717684006632	0.8770849287922691	0.8662025714509178	0.9164261731063622	0.9061208994370084	0.9005179303127443	0.8908638417676384	0.8906874571568068	0.8816190269436014	0.8930730578476821
45	45	0.9333525475433229	0.8969041374729935	0.8911553194386321	0.9254662427478093	0.9098547243176018	0.9174757234398626	0.9074597143986594	0.8976361719229773	0.9010802892628786	0.9038214041839382
50	50	0.9234227262079138	0.8885006857649314	0.8837639833396592	0.9135125698168283	0.8997229532841967	0.907779626030307	0.8930169279201927	0.8854791726460249	0.8940082411426067	0.8946387456482643