size	dial	Natural	NLU_Tran_Yandex_Google	NLU_Tran_Yandex_Microsoft	NLU_Tran_Microsoft_Yandex	NLU_Tran_Microsoft_Google	NLU_Tran_Google_Yandex	NLU_Tran_Google_Microsoft	NLU_Tran_All	Google	Yandex
1	1	0.25	0.25	0.25	0.25	0.25	0.25	0.25	0.25	0.25	0.25
2	2	0.2586951503907665	0.3085796724702997	0.30374530579780373	0.3062980872743731	0.314880733454308	0.3057519812523795	0.30652861917905316	0.31811889232364476	0.2991097259942487	0.31461526624943337
3	3	0.2971033677195981	0.31956448044981567	0.3249230161578537	0.3236024432847494	0.3350338614821286	0.3268802027311418	0.34107784051348233	0.34445931644211436	0.315541098664661	0.343883869444464
4	4	0.33599224034930486	0.3346811373461286	0.3380459523828775	0.35037039371810264	0.34797366419921183	0.35672401514994767	0.35069939244333714	0.37203968949322647	0.34029368577574387	0.3624203205067428
5	5	0.3279666056264857	0.34804414208573686	0.34359467469250815	0.363177785441652	0.3550404667965972	0.3497262413773737	0.3562153868202928	0.3720310303621892	0.34600332289279123	0.35307870557037085
6	6	0.32220383092138893	0.33839755575374125	0.33113074663790176	0.36016233862906954	0.3525632809523091	0.3534664910135611	0.3439814861669479	0.3639191063242925	0.3486512006480158	0.34011263084090765
7	7	0.2925025167360905	0.3397474281249655	0.3380494602067797	0.3615743406686642	0.35806823160844337	0.36132661295792523	0.33437035138453125	0.37053285600666275	0.3579140335927283	0.337642109392176
8	8	0.2962659328084801	0.34381247272828774	0.3385932751887842	0.3609927820316364	0.3542773796579659	0.3603232940140794	0.3413469939998176	0.3704414773555308	0.35298599372979866	0.34094612676019487
9	9	0.3195669957378318	0.362903980647091	0.35915461675473354	0.38329031256225626	0.37379272569388516	0.3772697446977341	0.357313022594926	0.39044520060365506	0.37403306381674317	0.3666106327485824
10	10	0.32527677832840113	0.3783819726607677	0.3633542822393085	0.38561543973562606	0.3764921821619548	0.386917377347362	0.3629796714148646	0.3886361843038947	0.3776456735453424	0.37243831167150476
15	15	0.3456206448534799	0.39738313308190687	0.3762609606937353	0.40550736041701496	0.39673609660245146	0.4160634933057139	0.3915294176296409	0.43681360323142043	0.4047268257874034	0.38955901685962635
20	20	0.3768170233171926	0.41444627479429963	0.3954408928412462	0.4258589375108809	0.4146003197157814	0.43349634025552647	0.4050471943941839	0.4420611660037608	0.41511774725748385	0.41022127069774017
25	25	0.392439439156525	0.42995307897903523	0.40859061876620534	0.4397091520772788	0.4297509327396908	0.436068693243031	0.4272676455091589	0.45748171573908036	0.41457558019087487	0.433137940558374
30	30	0.39426116546984324	0.4415922729396568	0.4204496418063499	0.45387481610052466	0.4467270058782444	0.43870520151370834	0.44515464640202457	0.4711257239721098	0.42361959414851313	0.4412168363996353
35	35	0.4139447443889865	0.45205092044853223	0.42421574445025084	0.4815923921917203	0.4684449264955778	0.4560144419294002	0.4589005783029966	0.47544388149278893	0.4449524290564485	0.4484211103587432
40	40	0.43481380485609905	0.46343073897041326	0.458715868714018	0.49743280085247166	0.48074107091946877	0.4743055255235896	0.4714479422700559	0.4927299512933754	0.4536956242588973	0.4740157091518246
45	45	0.44940159827829884	0.48532467865364187	0.47779386916845157	0.5074180985804105	0.49514898303479377	0.48454737408777565	0.4866329691753643	0.5086775004231093	0.4728309832897102	0.4934282615280224
50	50	0.45238215680830507	0.4951874209250258	0.4794514997366587	0.5018403858808322	0.49484775756345484	0.48486375117432895	0.48670397128377496	0.5076683373874933	0.4760434884682813	0.4868212241058164