size	dial	Natural	NLU_Tran_Yandex_Google	NLU_Tran_Yandex_Microsoft	NLU_Tran_Microsoft_Yandex	NLU_Tran_Microsoft_Google	NLU_Tran_Google_Yandex	NLU_Tran_Google_Microsoft	NLU_Tran_All	Google	Yandex
1	1	0.369753098942048	0.369753098942048	0.369753098942048	0.369753098942048	0.369753098942048	0.369753098942048	0.369753098942048	0.369753098942048	0.369753098942048	0.369753098942048
2	2	0.5049427727441667	0.47414809521406587	0.4870932149143636	0.4756239737078783	0.48617055394075026	0.4790853978343817	0.47879271273687224	0.49927025635321165	0.470645142863842	0.49369663291606763
3	3	0.6657110964224916	0.6226156046963585	0.6453667131855728	0.639801830150216	0.6518830664204676	0.5745537514455981	0.6198230713188457	0.6062976074889227	0.6249084977483904	0.5959209733628316
4	4	0.6190800188394772	0.6106257978763936	0.6157856224203477	0.6355949177854077	0.6191774607682508	0.6177269740006744	0.6386043319586223	0.6311129631009021	0.5936474409598496	0.6553643873547597
5	5	0.5838846705231703	0.5964089748388571	0.5955743615350426	0.5914623662308649	0.5734476655120768	0.604070692112795	0.6064134657983347	0.6009096754110893	0.5824409344786751	0.6237285612539847
6	6	0.6163733589856027	0.603585587641505	0.595869132485268	0.5917339371400168	0.5897130184203894	0.6069561345970144	0.6204063871454275	0.6031598518276347	0.5937308208765627	0.6246785558226731
7	7	0.6227330546535654	0.6065513671599585	0.5947021426951243	0.5912765461635806	0.5923942881958423	0.6216688371808802	0.6307372738907719	0.604634774742981	0.6095247499596569	0.6300203970893329
8	8	0.6060714769992764	0.5967712557321512	0.597234343918811	0.5976980598596932	0.5875012485906923	0.6266292272527111	0.6237871759894806	0.6025205290209582	0.5982257440263523	0.6259485239959448
9	9	0.6524862017368663	0.6297044249130452	0.6384212501825955	0.628149471902063	0.6074980519348419	0.6409463091693579	0.6511420665428048	0.6342650640611479	0.6193499166525164	0.6654686562019906
10	10	0.6892934727194235	0.6395120176113493	0.6492013151035545	0.6375315405313686	0.631228473785209	0.6445433137310458	0.6643580091337794	0.6513209782320679	0.6352751838043316	0.6747880987969468
15	15	0.7290557510333405	0.6599740038847781	0.6639389455518779	0.679387544862255	0.6778859885668371	0.6831633934567497	0.6839727851493237	0.6873154038785203	0.6780618683353388	0.6784229981247764
20	20	0.7341129166752431	0.6647123842352017	0.6757194145933842	0.6839457440042718	0.7034826144439947	0.6933840220779907	0.699958339116365	0.695679760477218	0.698636298502423	0.6938373372502235
25	25	0.7442806894679681	0.6956281288618793	0.6960614809774922	0.704521475224541	0.7195059064624355	0.7247226545418834	0.7078839310915075	0.7031300184141727	0.72334117102983	0.7051684791844727
30	30	0.7754623178376175	0.7180071417042497	0.721459686873334	0.7351726837293204	0.7480592910274622	0.7456927411592761	0.7330647356627719	0.7392714230173822	0.7440350075011853	0.7272278011205536
35	35	0.7856013784816607	0.7381837782635408	0.7346644430322866	0.7619209545643464	0.7653730701702577	0.7613265776967972	0.7546070907841594	0.7560881235006073	0.7562809513467214	0.7543887612535121
40	40	0.7777917605167876	0.7617861557979346	0.7547986397022403	0.7830577520242119	0.7765955422549199	0.7634472610556824	0.7686844932869217	0.7788084497553668	0.774561225055145	0.7697844902054044
45	45	0.8126954248259493	0.7900323218692276	0.793542765574251	0.8013959158246425	0.8017702925632684	0.8040724955779828	0.7977270558598479	0.7967295057949896	0.7993604675147913	0.7992110903154735
50	50	0.8074258835705892	0.7872150065108408	0.7886372326979495	0.7989723795551054	0.7972910081608509	0.8034854551916382	0.7923287623754095	0.7898519494935339	0.8045827588686885	0.7950750908711279