size	dial	Natural	NLU_Tran_Yandex_Google	NLU_Tran_Yandex_Microsoft	NLU_Tran_Microsoft_Yandex	NLU_Tran_Microsoft_Google	NLU_Tran_Google_Yandex	NLU_Tran_Google_Microsoft	NLU_Tran_All	Google	Yandex
1	1	0.3	0.3	0.3	0.3	0.3	0.3	0.3	0.3	0.3	0.3
2	2	0.3056597329672742	0.3075306437560147	0.2740964156300058	0.29626641803182496	0.3157623997764051	0.2829180217886919	0.288943471488479	0.3163953057569421	0.25720219706851977	0.30659555385192705
3	3	0.2838827746022866	0.30782869782401684	0.29991462890739884	0.3010588273854965	0.3162615630366864	0.26860650899400756	0.3328249911430429	0.31120542588189776	0.25706552600561816	0.3459804056090168
4	4	0.38720330352325016	0.3785004545344349	0.40405705391213775	0.39510423857616817	0.4029012040287806	0.41877098862586043	0.3849435159861273	0.4617380970638882	0.3956678586966226	0.4228385565802556
5	5	0.4320610158841814	0.41208616565524087	0.4117613476023723	0.45600418910748963	0.4542581454515644	0.41762316294561186	0.42796108729594157	0.4602551560308685	0.4135906536404022	0.41809148298166166
6	6	0.41102698741981225	0.4093684291718781	0.4053213988154198	0.45280577408299205	0.4428079639904622	0.40723378035385843	0.4051833066896907	0.44784431540636305	0.4044607296079167	0.40851631156438495
7	7	0.38140766167045564	0.4488832186479678	0.4578724766729144	0.49727650218216074	0.4763785614926556	0.4400207644832019	0.403582390927869	0.49074422928787076	0.4342557024369452	0.435664105593196
8	8	0.4080793247227157	0.448330119525167	0.4604052138047653	0.4912601933052555	0.46336202317965436	0.4334461088523566	0.4225938017244616	0.4882618260701734	0.4305456567748448	0.43283174679790404
9	9	0.43464530989492245	0.46975787413174236	0.4719573390181786	0.5446456525186993	0.49930871644746533	0.45885454991979147	0.4222117934150809	0.5154187724236764	0.45529468574248905	0.4556905839510854
10	10	0.46045670738664785	0.51421091383303	0.4927777512234551	0.5684413181318858	0.5250746675757265	0.496065331915012	0.4478858684692205	0.5428859746487804	0.47535828337474706	0.4809838599762994
15	15	0.5067885734799075	0.5857165051754378	0.5341477018179226	0.6352081608865052	0.576325763062802	0.5586323855632729	0.5077719552966504	0.6521730709605044	0.5506911295961661	0.5442449221534224
20	20	0.47296795923624274	0.5599031518199737	0.517029346348364	0.6029933436484542	0.5238801776507653	0.5324166369850265	0.5028753548750116	0.5980852290038676	0.5301542771936616	0.5098129835330008
25	25	0.5062804021923385	0.5756963357531338	0.5055257584861536	0.6497543543583452	0.5970853556384395	0.5564869869057743	0.5465131587005665	0.6517907891814996	0.5133497774495751	0.5581287356260123
30	30	0.48379110147156446	0.5816775604765814	0.5053511702578775	0.65256188410494	0.5936097586114408	0.5437232585416212	0.5558051146658635	0.6688728323927384	0.49259867068243574	0.546356584785378
35	35	0.5045858889205176	0.5663479345271631	0.4675236606154063	0.6727622672430413	0.6109494153875639	0.559862732089506	0.553190031206077	0.6231156414520416	0.538025291933535	0.5312237765860773
40	40	0.5601485407386084	0.6206651395613526	0.5594325494182993	0.7108089344006571	0.6443049379536705	0.6151979746025402	0.5898536193940511	0.6903314166459171	0.5701221647768887	0.6039629304204049
45	45	0.5843652271633032	0.6654950020294772	0.6020823836070239	0.7200528990291206	0.6619157912325246	0.624443887946334	0.6048016218606692	0.7053899318106673	0.598401081716174	0.648331440128216
50	50	0.5767467244281086	0.6611715764558724	0.599433860471773	0.681327749857319	0.6471124736471981	0.6101207931954022	0.6063444625040548	0.695438036335527	0.5860651717982494	0.6132523451308376