size	dial	Natural	NLU_Tran_Yandex_Google	NLU_Tran_Yandex_Microsoft	NLU_Tran_Microsoft_Yandex	NLU_Tran_Microsoft_Google	NLU_Tran_Google_Yandex	NLU_Tran_Google_Microsoft	NLU_Tran_All	Google	Yandex
1	1	0.33012246941297996	0.33012246941297996	0.33012246941297996	0.33012246941297996	0.33012246941297996	0.33012246941297996	0.33012246941297996	0.33012246941297996	0.33012246941297996	0.33012246941297996
2	2	0.4067918211814476	0.42636529920505917	0.43732741723881147	0.4271800273345889	0.43675044775081584	0.4302064420681365	0.43007161112308323	0.44885996807449163	0.4217348640459419	0.4431543387195429
3	3	0.5082537084162941	0.5214370867363798	0.5373891040602649	0.5373993802108902	0.5495234076462213	0.5131763054749396	0.538456907345321	0.5434068209135722	0.5210106662860451	0.5327916113390974
4	4	0.5492288334772432	0.5327161744167567	0.5398512043032856	0.5517397197637147	0.5389797461452421	0.5455654673030519	0.555605528023648	0.560848239745785	0.5219439465945048	0.5718884171981096
5	5	0.49210230872841293	0.5168327519549634	0.5134455593012347	0.5127308619243323	0.497262960574343	0.5145785421394308	0.5307798428906676	0.5279749145268889	0.4994781230363827	0.5335352183184612
6	6	0.5009571804991414	0.5024607024544185	0.4979383004071316	0.5117119075443595	0.5051185487744358	0.5140490333237435	0.51287757160502	0.5193383856712097	0.5022164922991189	0.518103337783456
7	7	0.4640680852525664	0.506736431517914	0.5030178125094221	0.5086272408463584	0.5092738595764134	0.5222630632749202	0.5104707818066803	0.5236853757829871	0.5191296501056567	0.5155923970481098
8	8	0.4672524500249005	0.5048405235664788	0.5035638473090064	0.5102872331179141	0.5079477515038644	0.5300572401588266	0.5178314618752025	0.5201320657727571	0.5167791536827602	0.5181078529540973
9	9	0.49217110645186957	0.5299981059300434	0.535896214861648	0.529127616088714	0.517168041505746	0.5403658327507006	0.5383700498551016	0.5433729884258071	0.5295203721901796	0.5508593918680954
10	10	0.5049963139033014	0.5364558036290552	0.535944596474784	0.525202942686633	0.5211637846232898	0.54077777017222	0.5396164321342843	0.5400603903098485	0.5334842086119308	0.5508528642467885
15	15	0.522229892799911	0.5405504961961034	0.5258268237928163	0.5437746151769203	0.5416463174721922	0.5675542471494139	0.5402243758204267	0.5693379016533353	0.5533934852909324	0.54508407293834
20	20	0.542184858226652	0.5411421142478492	0.5430993125843718	0.5529819504428521	0.5665049610939593	0.5754577908996367	0.5549370230632162	0.5667024283752984	0.5692345226755385	0.5632254831370768
25	25	0.559747365283452	0.5730438353540064	0.5648199136865896	0.5708044012499494	0.5845643569977722	0.5855760916855659	0.5721134970379617	0.5910126886925756	0.5797744998167831	0.5821123791984006
30	30	0.5709262334935084	0.5933272335400663	0.5862704304456063	0.5961434089686415	0.6058741298570756	0.5996994175536505	0.5926380017349665	0.6198528488820351	0.5963118154297613	0.6001578837700661
35	35	0.5854069560990509	0.6044435525246528	0.5854368500224557	0.6218091627010396	0.6187296310676337	0.609633262112868	0.6072614484645278	0.6222841966357879	0.6078713564131509	0.6127606838829452
40	40	0.5948680133152784	0.617401437692949	0.6126345254838187	0.6424222441271956	0.6290450097157368	0.6170319294095875	0.6190574457072945	0.638799876189234	0.613335387297731	0.6226140664816733
45	45	0.620080894486369	0.6405551472014238	0.634722763132219	0.6566596268947851	0.6499314930258504	0.6413780380254532	0.6346012519042548	0.6543962534663925	0.6368049085201439	0.6522854103265574
50	50	0.6211933810075152	0.6477911003239455	0.6355479571282628	0.656698164816928	0.654440232599191	0.6441555012715372	0.637985980707428	0.6561526281746776	0.6431854941548351	0.6468749759591211