size	dial	Natural	NLU_Tran_Yandex_Google	NLU_Tran_Yandex_Microsoft	NLU_Tran_Microsoft_Yandex	NLU_Tran_Microsoft_Google	NLU_Tran_Google_Yandex	NLU_Tran_Google_Microsoft	NLU_Tran_All	Google	Yandex
1	1	0.12434193009930146	0.12434193009930146	0.12434193009930146	0.12434193009930146	0.12434193009930146	0.12434193009930146	0.12434193009930146	0.12434193009930146	0.12434193009930146	0.12434193009930146
2	2	0.18045872658664924	0.20378551531875955	0.20686793063343617	0.20198493934514133	0.20994281129167228	0.20381018209935534	0.20131934980470828	0.21457128006411094	0.1988161016701538	0.21258912767798824
3	3	0.24852677223372538	0.2619664053065915	0.2718201239724679	0.26911652666057345	0.2821156908397947	0.25596476210371694	0.27586817545129055	0.2724005683018637	0.26458014236695315	0.2694594123022122
4	4	0.2770837152610113	0.2825729108957179	0.28611353157491737	0.2893973645442524	0.2897961265162404	0.300355629390637	0.29855387958926144	0.3074649018097549	0.28525862258036605	0.3083949599450065
5	5	0.25805422778751064	0.2790441692221628	0.2792889267700256	0.2818130446499359	0.27254444629496577	0.2831791683568316	0.2908196059886589	0.2894445647857655	0.2731603693988488	0.28878028632997504
6	6	0.2702994191644813	0.28508691848968426	0.283407672895086	0.2907586284076887	0.28815067095186003	0.2973368475440665	0.3004299106982814	0.3005079352192267	0.2899417188692525	0.2924996837852793
7	7	0.25959139506854934	0.28805200573630974	0.2876037412837686	0.29300136195287385	0.29737583981673715	0.3091569809950715	0.3029597271006847	0.3064144965440775	0.30301369179985843	0.29782021230233385
8	8	0.26121199392864863	0.2841203278919641	0.28456902923533717	0.28987122344981187	0.2938839398564531	0.30831863751706384	0.3007200320947853	0.3013488570605524	0.29549161777288535	0.2954786821783871
9	9	0.2953446397400506	0.31302111181505954	0.3160920543902096	0.3156726448816483	0.31687530854333756	0.3283073036486194	0.32479173496831	0.3298559311224597	0.3225697331779556	0.3274772486146535
10	10	0.3172880375871082	0.3345830017930219	0.3341683636814591	0.32898299860881397	0.33565555693730775	0.34277558805127406	0.34010397870131215	0.3429878460056798	0.3415444685519426	0.3441476458419513
15	15	0.352215291937529	0.3704220764560656	0.362311996259497	0.37489644838216296	0.3731145682489866	0.3901359535303915	0.3780171177220645	0.40502383375418366	0.38292634216075544	0.37467997852867113
20	20	0.36980972294435144	0.37856064754856944	0.36938782845274176	0.3904777492075918	0.38923556498298817	0.39605754431168555	0.38020012205440945	0.4045125612310395	0.38885979620390715	0.3822895408858501
25	25	0.3886214922553658	0.3973250500289172	0.3887238642404188	0.4105036304416931	0.4071617485738147	0.41160644873131436	0.39867141753146756	0.42197131953273537	0.40139423794884205	0.4056308520901049
30	30	0.4124503455058243	0.4235432628014394	0.41829062657504695	0.43835343783070907	0.4395405798567267	0.4305315211902284	0.4363896948284728	0.4523154027586684	0.4248172635829812	0.4297062951189313
35	35	0.4361505045115425	0.44853064506043855	0.4358151867343931	0.47505981010369086	0.4728811004642187	0.45801646519792916	0.46647973058807857	0.47552336636191306	0.4517955327104192	0.45617014630191577
40	40	0.45025551043078477	0.4634056298413026	0.466018471358203	0.4928406786639522	0.4840716189827199	0.470547251353997	0.4768856411744437	0.4905768695783953	0.4651700899159465	0.47563876602301497
45	45	0.47190048851417854	0.4933122673197433	0.4950171292430635	0.5108890885404171	0.5078151554364132	0.49685935719772684	0.4993142596929799	0.5146153547516744	0.48901596742401354	0.5057735947129962
50	50	0.47483428197899624	0.5035359552466233	0.4982414974540511	0.5102907617276011	0.5071191599105191	0.5007505040892826	0.502766295434476	0.513289342627103	0.4962867793915362	0.502646742186273