\addplot[color=green,mark=*] coordinates {
(10,10)(20,20)(30,30)(40,40)(50,50)(60,60)(70,70)(80,80)(90,90)(100,100)(110,110)(120,120)(130,130)(140,140)(150,150)(160,160)(170,170)(180,180)(190,190)(200,200)(210,210)
};
\addlegendentry{dial}

\addplot[color=green,mark=*] coordinates {
(10,null)(20,null)(30,null)(40,null)(50,null)(60,null)(70,0.5619047619047619)(80,0.5751748937561294)(90,0.599223190602501)(100,0.6209157509157509)(110,0.709491515349639)(120,0.673064713064713)(130,0.6973669467787115)(140,0.7178795518207283)(150,0.6841897233201581)(160,0.6514923557630172)(170,0.6541860465116279)(180,0.690789070733825)(190,0.6913114854392691)(200,0.6630236765239077)(210,0.6671934666288554)
};
\addlegendentry{Natural\_Neg}

\addplot[color=green,mark=*] coordinates {
(10,null)(20,null)(30,0.8242483660130719)(40,null)(50,null)(60,0.6263169235305458)(70,0.6306515947872418)(80,0.6564974156278505)(90,0.6665509281340023)(100,null)(110,null)(120,null)(130,null)(140,null)(150,null)(160,null)(170,null)(180,null)(190,null)(200,null)(210,null)
};
\addlegendentry{All\_together}

\addplot[color=green,mark=*] coordinates {
(10,null)(20,null)(30,null)(40,0.591256038647343)(50,0.5934417344173442)(60,0.6371719457013575)(70,0.6015605082612756)(80,0.6786122090469917)(90,0.6852881758764111)(100,0.6723569023569024)(110,0.6827484592091473)(120,0.6454074074074074)(130,0.6387301587301587)(140,0.6334993901866967)(150,0.6636441336441337)(160,0.6555937755937756)(170,0.685011655011655)(180,0.6690110614023658)(190,0.6701777355854558)(200,0.6625037707390649)(210,0.6713666469932454)
};
\addlegendentry{Hungarian}

\addplot[color=green,mark=*] coordinates {
(10,null)(20,null)(30,null)(40,null)(50,null)(60,null)(70,0.5428401895871776)(80,0.5837847737847739)(90,0.5887804878048781)(100,0.5893048128342245)(110,0.6358970319595644)(120,0.6027309592934917)(130,0.6177615395357331)(140,0.6445099345099344)(150,0.6775900900900901)(160,0.6848382173382174)(170,0.6989231698534024)(180,0.7021868935662038)(190,0.7181340572644921)(200,0.713098777229212)(210,0.7117494824016564)
};
\addlegendentry{Portuguese}

\addplot[color=green,mark=*] coordinates {
(10,null)(20,null)(30,null)(40,null)(50,null)(60,0.6280379041248606)(70,0.5227514240145819)(80,0.6595221987315011)(90,0.6860971786833856)(100,0.6674253768593391)(110,0.6989251399007497)(120,0.6839285714285713)(130,0.6880249874216499)(140,0.7048309633675488)(150,0.7177409571230795)(160,0.7157545025354082)(170,0.692241597138905)(180,0.687480941442791)(190,0.6830804144335685)(200,0.679119286510591)(210,0.6919420214845673)
};
\addlegendentry{Russian}

\addplot[color=green,mark=*] coordinates {
(10,null)(20,null)(30,null)(40,0.6424888371190061)(50,null)(60,0.6474603174603175)(70,0.6703333333333333)(80,0.6638994626063591)(90,0.6733395281189398)(100,0.7300703361168477)(110,0.7260469765117442)(120,0.7206349206349205)(130,0.6611542443064182)(140,0.6984903381642511)(150,0.6888512057982201)(160,0.6886628451537972)(170,0.6879586937229114)(180,0.7033726479814841)(190,0.7202907011394364)(200,0.711398013750955)(210,0.7029789590254707)
};
\addlegendentry{Arabic}

