size	dial	Natural_Neg	All_together	Hungarian	French	Portuguese	Russian	Arabic	German
10	10	0.06707317073170732	0.08902439024390243	0.08902439024390243	0.08902439024390243	0.08902439024390243	0.02195121951219512	0.08902439024390243	0.08902439024390243
20	20	0	0	0	0	0	0	0	0
30	30	0.02	0	0	0	0	0	0	0
40	40	0.02	0	0	0	0	0	0	0
50	50	0.02	0	0	0	0	0	0	0
60	60	0.02	0	0	0	0	0	0	0
70	70	0.041428571428571426	0	0	0	0	0	0	0
80	80	0.02142857142857143	0	0	0	0	0	0	0
90	90	0.041428571428571426	0	0	0	0	0	0	0
100	100	0.041428571428571426	0	0	0	0	0	0	0
110	110	0.0609688013136289	0	0	0	0	0	0	0
120	120	0.02	0	0	0	0	0	0	0
130	130	0.039540229885057475	0	0	0	0	0	0	0
140	140	0.039540229885057475	0	0	0	0	0	0	0
150	150	0.039540229885057475	0	0	0	0	0	0	0
160	160	0.039540229885057475	0	0	0	0	0	0	0
170	170	0.02	0	0	0	0	0	0	0
180	180	0.02	0	0	0	0	0	0	0
190	190	0.02	0	0	0	0	0	0	0
200	200	0.02	0	0	0	0	0	0	0
210	210	0.02	0	0	0	0	0	0	0
220	220	0.02	0	0	0	0	0	0	0
230	230	0.02	0	0	0	0	0	0	0
240	240	0.02	0	0	0	0	0	0	0
250	250	0.02	0	0	0	0	0	0	0
260	260	0.02	0	0	0	0	0	0	0
270	270	0.02	0	0	0	0	0	0	0
280	280	0.02	0	0	0	0	0	0	0
290	290	0.02	0	0	0	0	0	0	0
300	300	0.02	0	0	0	0	0	0	0
310	310	0.02	0	0	0	0	0	0	0
320	320	0.02	0	0	0	0	0	0	0
330	330	0.02	0	0	0	0	0	0	0
340	340	0.02	0	0	0	0	0	0	0
350	350	0	0	0	0	0	0	0	0