\addplot[color=green,mark=*] coordinates {
(30,30)(40,40)(50,50)(60,60)(70,70)(80,80)(90,90)(100,100)(110,110)(120,120)(130,130)(140,140)(150,150)
};
\addlegendentry{dial}

\addplot[color=green,mark=*] coordinates {
(30,0.026666666666666665)(40,0.026666666666666665)(50,0.026666666666666665)(60,0.0882051282051282)(70,0.0882051282051282)(80,0.10153846153846154)(90,0.026666666666666665)(100,0.026666666666666665)(110,0.05523809523809524)(120,0.05523809523809524)(130,0.04095238095238095)(140,0.04095238095238095)(150,0.055384615384615386)
};
\addlegendentry{Natural\_Neg}

\addplot[color=green,mark=*] coordinates {
(30,0.05333333333333333)(40,0.05333333333333333)(50,0.06666666666666667)(60,0.13025641025641027)(70,0.11487179487179486)(80,0.14153846153846153)(90,0.08)(100,0.08)(110,0.08)(120,0.08)(130,0.06666666666666668)(140,0.06666666666666668)(150,0.06666666666666668)
};
\addlegendentry{All\_together}

\addplot[color=green,mark=*] coordinates {
(30,0.06666666666666667)(40,0.08205128205128205)(50,0.06666666666666667)(60,0.158974358974359)(70,0.14358974358974358)(80,0.17025641025641025)(90,0.09538461538461537)(100,0.08)(110,0.08)(120,0.08)(130,0.08)(140,0.08)(150,0.09333333333333334)
};
\addlegendentry{Hungarian}

\addplot[color=green,mark=*] coordinates {
(30,0.04)(40,0.04)(50,0.04)(60,0.14974358974358976)(70,0.14974358974358976)(80,0.1764102564102564)(90,0.04)(100,0.04)(110,0.06857142857142857)(120,0.06857142857142857)(130,0.0819047619047619)(140,0.0819047619047619)(150,0.11062271062271063)
};
\addlegendentry{Portuguese}

\addplot[color=green,mark=*] coordinates {
(30,0.04)(40,0.04)(50,0.04)(60,0.16307692307692306)(70,0.16307692307692306)(80,0.18974358974358974)(90,0.05333333333333333)(100,0.05333333333333333)(110,0.09523809523809523)(120,0.08095238095238096)(130,0.10761904761904761)(140,0.10761904761904761)(150,0.10666666666666666)
};
\addlegendentry{Russian}

