size	dial	Natural_Neg	All_together	Hungarian	French	Portuguese	Russian	Arabic	German
20	20	0	0	0	0	0	0	0	0
40	40	0	0	0	0	0	0	0	0
60	60	0	0	0	0.015384615384615385	0.015384615384615385	0.015384615384615385	0	0.015384615384615385
80	80	0	0	0	0.015384615384615385	0.015384615384615385	0.015384615384615385	0	0.015384615384615385
100	100	0	0.03538461538461539	0	0.015384615384615385	0.03538461538461539	0	0.02	0.03538461538461539
120	120	0	0.02	0	0.015384615384615385	0.03538461538461539	0	0.02	0.03538461538461539
140	140	0	0.02	0	0.015384615384615385	0.015384615384615385	0	0	0.015384615384615385
160	160	0	0.03538461538461539	0	0.015384615384615385	0.015384615384615385	0.015384615384615385	0.015384615384615385	0.015384615384615385
180	180	0	0.02	0	0.015384615384615385	0.015384615384615385	0	0	0.015384615384615385
200	200	0	0	0	0	0.015384615384615385	0	0	0
220	220	0	0	0	0	0.015384615384615385	0	0	0