size	dial	Natural_Neg	All_together	Hungarian	Portuguese	Russian	Arabic
10	10	0.18609122646706217	0.20123992067117463	0.18839268579053886	0.19020816958925366	0.18575487730467238	0.18692085830356692
20	20	0.23480012228947408	0.26379543603778194	0.2525293467128669	0.2450267969470869	0.24495667298764806	0.237337922580629
30	30	0.25300033066576194	0.2953197898710916	0.27022876986573785	0.271419726483218	0.2730559392987112	0.2621869356855636
40	40	0.2919242710949182	0.3259669568054343	0.3166563595913391	0.3132250937603097	0.3030188720058976	0.3018746927819491
50	50	0.31595169492045605	0.34651345679626216	0.33619011825419853	0.339915976370288	0.3301274667846351	0.32820021582873515
60	60	0.33599248706964613	0.3630474038913921	0.3569001665693133	0.3610183221733355	0.3499197602463861	0.34800718864302005
70	70	0.3561689719168248	0.38868541164464604	0.3748584782262013	0.3854285062987372	0.3785514335752321	0.3765561726082826
80	80	0.3722021769198394	0.405218550953641	0.3899172747699698	0.3999322576376098	0.3958681620404963	0.3898066195530307
90	90	0.37217720899180246	0.4114918545077411	0.39234308267589524	0.40390043163935047	0.4053543639464986	0.4024785761296902
100	100	0.37144117768008766	0.4141686454356754	0.3953794102674639	0.4186455187398602	0.4082616852366522	0.40547337476676953
110	110	0.38312325178729034	0.4288809468669096	0.4126076456863717	0.42951684255647093	0.41984699396913455	0.4177337081650595
120	120	0.3700960540051711	0.4165866744908202	0.40632888683613916	0.4188859221686048	0.41748074227302895	0.41385586076603104
130	130	0.3740247019026078	0.43172232660068427	0.4234897073802471	0.43545519667169685	0.425472604401003	0.4291674502698619
140	140	0.38026939970571755	0.44656605968776814	0.43888982119606423	0.4516174960480429	0.445014013738619	0.44252088760691943
150	150	0.3840813787155033	0.4601833343467946	0.4593117269753953	0.47594618841110287	0.4678477589744305	0.4590061481903681
160	160	0.3866737025575447	0.46645094768974416	0.46187143558779076	0.4731212876527266	0.4653416498826342	0.4534104553591298
170	170	0.39308166487253127	0.47688678381286687	0.4710806578951067	0.4825516597151993	0.47594223539910263	0.4621727488525482
180	180	0.3914211493664931	0.47426141176328285	0.471659003381894	0.48281035710744674	0.4733060187416391	0.46204607526733843
190	190	0.37346425704961217	0.4746639167203067	0.4700371454579934	0.4741425700786455	0.4680652595846716	0.451259711133301
200	200	0.3637560731421771	0.4856548430650891	0.4807850998015885	0.4862321789218142	0.4705656597864188	0.4556279119003673
210	210	0.3661364756868545	0.4878246766572599	0.48446209027325915	0.49017311562984733	0.47839097403367487	0.4579336942436395
220	220	0.37604565201400525	0.4994477610631419	0.48890155060205104	0.499471684058033	0.48839319150820576	0.470496178112956
230	230	0.3813451595172429	0.5056511411470155	0.4947550177471415	0.5030700845206644	0.49589164786461215	0.4858550983666685
240	240	0.38100281618958276	0.5044570123043446	0.49414065279444175	0.5021463443138687	0.49320735514269404	0.4860788434742741