size	dial	Natural_Neg	All_together	Hungarian	French	Portuguese	Russian	Arabic	German
20	20	0	0	0	0	0	0	0	0
40	40	0	0	0	0	0	0	0.02857142857142857	0
60	60	0	0	0	0	0	0	0	0
80	80	0	0	0	0.01818181818181818	0.01818181818181818	0.01818181818181818	0.01818181818181818	0.01818181818181818
100	100	0	0	0	0.01818181818181818	0.01818181818181818	0.01818181818181818	0.01818181818181818	0.01818181818181818
120	120	0	0	0	0.01818181818181818	0.01818181818181818	0.01818181818181818	0.03636363636363636	0.01818181818181818
140	140	0	0	0	0	0	0	0	0.01818181818181818
160	160	0	0	0	0	0	0	0	0.01818181818181818
180	180	0	0.05714285714285714	0.02857142857142857	0.05714285714285714	0.05714285714285714	0.02857142857142857	0.02857142857142857	0.05714285714285714
200	200	0	0.05714285714285714	0	0.02857142857142857	0.05714285714285714	0	0	0.02857142857142857
220	220	0	0.05714285714285714	0	0.02857142857142857	0.02857142857142857	0	0	0.02857142857142857