size	dial	Natural_Neg	All_together	Hungarian	French	Portuguese	Russian	Arabic	German
10	10	0.046511627906976744	0.06923076923076923	0.049411764705882356	0.047058823529411764	0.047058823529411764	0.046511627906976744	0.053125	0.05
20	20	0.16838580469438436	0.22566306381790255	0.1448271748890944	0.16963425952969735	0.1967292032976431	0.1710593923210746	0.16463282742612048	0.14449536539762103
30	30	0.21373989988757275	0.3063647780819447	0.2052237022103823	0.24079730218697196	0.2523516280151856	0.24537972332901728	0.2383612582833372	0.21915406165204251
40	40	0.20410224890804657	0.3023610988637687	0.20868301784633564	0.23174632418975852	0.2421429745864161	0.2365099498920536	0.22871408675154656	0.21218905461222817
50	50	0.21297255721030614	0.35593731843410004	0.2610594474517177	0.28740877799789916	0.2717095455494269	0.24930517398781343	0.26060956966809157	0.27615139627299634
60	60	0.3166975103165788	0.5531677089905331	0.406539583259962	0.4157973760840556	0.4032007861754507	0.406638453787078	0.4221140402416089	0.3505299077287182
70	70	0.285115295152513	0.543724095006478	0.4130661596456677	0.43129126587274424	0.41128697677415416	0.4171707209972976	0.4307936313610308	0.36837520239502475
80	80	0.2672466581276857	0.5429397996449767	0.44400640835404215	0.44792207006750784	0.4231693853075743	0.41459086380559773	0.46239203652540073	0.3471574350319653
90	90	0.26973999496770834	0.55286083525965	0.41876753594691635	0.4339123649318071	0.4089411458158665	0.4274003193237226	0.40155712247636455	0.3573888937077859
100	100	0.3107180468271567	0.6188903355558327	0.47479299659480273	0.5211259443188387	0.4852809863580342	0.4954599175330565	0.4715128298074184	0.49556811294835423
110	110	0.33820754671256636	0.6583061018838183	0.5102332059018979	0.575921764676487	0.5571346254601793	0.5637343058077153	0.5115412519354074	0.5640556734573344
120	120	0.365865220172009	0.6921908952610991	0.5710331314202928	0.626938842862251	0.5982715785220061	0.581624223223468	0.5449259803112058	0.6049026323623086