size	dial	Natural_Neg	All_together	Hungarian	French	Portuguese	Russian	Arabic
30	30	0.4165532685801593	0.4204249919798483	0.42790877494226864	0.41650315572982566	0.404044139336383	0.3809375098163653	0.4249539514442594
40	40	0.4323391933916322	0.4933811112947099	0.4173343845726974	0.5027101324895885	0.497025064212672	0.4642076966347208	0.5079324048194296
50	50	0.5670330615362074	0.5877453110120593	0.5285489884365715	0.569284794195695	0.5869439707246283	0.5754573040016034	0.5802805058784406
60	60	0.6084150834081017	0.6347167238894913	0.5892490957920108	0.6153351023341271	0.6326833176853729	0.6201676823070278	0.6234865274888108
70	70	0.5996199375696083	0.6378422756259505	0.6394867109680448	0.6381682057376484	0.636803513638465	0.638364220957871	0.6365351145109328
80	80	0.6076466207372697	0.6715416520247665	0.6613056102863271	0.6853869629633631	0.6347029425221677	0.6610554423143983	0.6723283247680631
90	90	0.5646491869268446	0.7556560284482627	0.6732145428034227	0.7649798845646074	0.6546237929720512	0.6637614899840097	0.6843079976343291
100	100	0.6901236236447544	0.7528421994271441	0.6741993390926616	0.7716014795222955	0.7446620335504418	0.7481673928090408	0.7611415747076891
110	110	0.6837639340223561	0.7539101023209773	0.7713771126285819	0.7675106001863111	0.7474910497989893	0.7419563595734083	0.7366499766567322
120	120	0.6676196980241056	0.7689229778951528	0.7665311701090316	0.7656257540302749	0.7510664878835295	0.7539504659865731	0.7652174910951434
130	130	0.661771571912347	0.7929963694735603	0.7641248372556053	0.7867051538063571	0.769230932188379	0.7774618354522924	0.7587613440651082
140	140	0.6563293950415987	0.7928492774159832	0.7661780867160018	0.7887910958391193	0.7686849690393993	0.7771043277914139	0.7568565821603463
150	150	0.6846285180791575	0.7914367928634698	0.7747072938465314	0.7991528314254441	0.7821514122716062	0.7788902514514595	0.7646970432001862
160	160	0.6890322043405599	0.7916184074659564	0.7710756625020692	0.8054546539392898	0.7584165445164796	0.7776395347453325	0.7722278350683902
170	170	0.6991860504944061	0.7942482802225284	0.7702306604552666	0.8062467728542249	0.7610387411812294	0.7736272334523977	0.7731367194128572
180	180	0.6899449560184123	0.7970667240902628	0.7711867185541819	0.8148319439920959	0.7710177044895843	0.7729449082279272	0.7751731404190692
190	190	0.6742601058162513	0.8133044020749288	0.7741039252874355	0.8125944992455125	0.7876457816377171	0.7603826228236595	0.773998716622784
200	200	0.6751851919762367	0.8081128257996228	0.7875261577727238	0.8043161343166322	0.780962517559862	0.776563999833062	0.7860961162191458
210	210	0.6569945061335253	0.8084211618055643	0.7729787676914259	0.805822559840067	0.7824719069880958	0.7736670232016212	0.7897286518032851
220	220	0.6802034645805877	0.8092557011689736	0.7682606738013575	0.7842057741668673	0.7868865521212715	0.7723824512649176	0.7877721023144996
230	230	0.6637279900409223	0.8093367109787735	0.7671466654294568	0.8064958841498129	0.7859001723521747	0.7727340494597568	0.7916601376445126
240	240	0.6487934206518429	0.8052302203985022	0.7667433165375799	0.8053499078676563	0.7872235923777924	0.7746542191064287	0.7837246788167866
250	250	0.6686036113140592	0.8220717628098722	0.7748313777725542	0.8263179735244514	0.7876377721211265	0.7822719272424628	0.8057214470320334