\addplot[color=green,mark=*] coordinates {
(20,20)(40,40)(60,60)(80,80)(100,100)(120,120)(140,140)(160,160)(180,180)(200,200)(220,220)
};
\addlegendentry{dial}

\addplot[color=green,mark=*] coordinates {
(20,0.016025641025641024)(40,0.008333333333333333)(60,0.016666666666666666)(80,0.008333333333333333)(100,0)(120,0.008695652173913044)(140,0)(160,0)(180,0)(200,0.008695652173913044)(220,0)
};
\addlegendentry{Natural\_Neg}

\addplot[color=green,mark=*] coordinates {
(20,0.03945868945868945)(40,0.11538461538461538)(60,0.08205128205128205)(80,0.05705128205128205)(100,0.023717948717948717)(120,0.03241360089186176)(140,0.03241360089186176)(160,0.017028985507246373)(180,0.017028985507246373)(200,0.017028985507246373)(220,0.017028985507246373)
};
\addlegendentry{All\_together}

\addplot[color=green,mark=*] coordinates {
(20,0.023717948717948717)(40,0.09166666666666666)(60,0.04166666666666667)(80,0.016666666666666666)(100,0.008333333333333333)(120,0.008695652173913044)(140,0.008695652173913044)(160,0.008695652173913044)(180,0.007407407407407407)(200,0.01610305958132045)(220,0.007407407407407407)
};
\addlegendentry{Hungarian}

\addplot[color=green,mark=*] coordinates {
(20,0.016025641025641024)(40,0.075)(60,0.04166666666666667)(80,0.03333333333333333)(100,0.03333333333333333)(120,0.03369565217391304)(140,0.017028985507246373)(160,0.017028985507246373)(180,0.008333333333333333)(200,0.008695652173913044)(220,0)
};
\addlegendentry{French}

\addplot[color=green,mark=*] coordinates {
(20,0.016025641025641024)(40,0.04166666666666667)(60,0.05)(80,0.05)(100,0.04166666666666667)(120,0.017028985507246373)(140,0.008695652173913044)(160,0.008695652173913044)(180,0.008695652173913044)(200,0.008695652173913044)(220,0.008695652173913044)
};
\addlegendentry{Portuguese}

\addplot[color=green,mark=*] coordinates {
(20,0.023433048433048432)(40,0.025)(60,0.03333333333333333)(80,0.016666666666666666)(100,0.008333333333333333)(120,0.017028985507246373)(140,0)(160,0.008695652173913044)(180,0)(200,0.008695652173913044)(220,0)
};
\addlegendentry{Russian}

\addplot[color=green,mark=*] coordinates {
(20,0.016025641025641024)(40,0.016666666666666666)(60,0.025)(80,0.025)(100,0.008333333333333333)(120,0)(140,0)(160,0)(180,0)(200,0.008695652173913044)(220,0)
};
\addlegendentry{Arabic}

\addplot[color=green,mark=*] coordinates {
(20,0.008333333333333333)(40,0.016666666666666666)(60,0.016666666666666666)(80,0.016666666666666666)(100,0.016666666666666666)(120,0.017028985507246373)(140,0.008695652173913044)(160,0.008695652173913044)(180,0.008695652173913044)(200,0.008695652173913044)(220,0)
};
\addlegendentry{German}

