\addplot[color=green,mark=*] coordinates {
(20,20)(40,40)(60,60)(80,80)(100,100)(120,120)(140,140)(160,160)(180,180)(200,200)
};
\addlegendentry{dial}

\addplot[color=green,mark=*] coordinates {
(20,0.04)(40,0.08550724637681159)(60,0.064)(80,0.08139130434782609)(100,0.10289855072463769)(120,0.08695652173913043)(140,0.05375494071146245)(160,0.05548654244306418)(180,0.08333333333333333)(200,0.08333333333333333)
};
\addlegendentry{Natural\_Neg}

\addplot[color=green,mark=*] coordinates {
(20,0.07692307692307693)(40,0.18828176431863067)(60,0.15364281108961958)(80,0.233279920236442)(100,0.2991229060794278)(120,0.2788608657794368)(140,0.29475315818026815)(160,0.28771292829521067)(180,0.3098216239473846)(200,0.2989639813070594)
};
\addlegendentry{All\_together}

\addplot[color=green,mark=*] coordinates {
(20,0.064)(40,0.12541935483870967)(60,0.1368888888888889)(80,0.15683269476372924)(100,0.18874074074074074)(120,0.22492307692307692)(140,0.24857549857549857)(160,0.21533333333333332)(180,0.21691408480285007)(200,0.2023185703185703)
};
\addlegendentry{Hungarian}

\addplot[color=green,mark=*] coordinates {
(20,0.05)(40,0.11904761904761904)(60,0.13655913978494622)(80,0.21758680776913594)(100,0.2745341614906832)(120,0.2414526070298184)(140,0.23098792484099834)(160,0.22091536649257787)(180,0.2350414746543779)(200,0.20583022774327123)
};
\addlegendentry{French}

\addplot[color=green,mark=*] coordinates {
(20,0.08253968253968254)(40,0.12577777777777777)(60,0.09595959595959595)(80,0.16697314425224663)(100,0.22908140636050872)(120,0.19006052529290912)(140,0.22557201252853423)(160,0.2280335509900727)(180,0.2735952380952381)(200,0.19474329501915708)
};
\addlegendentry{Portuguese}

\addplot[color=green,mark=*] coordinates {
(20,0.03636363636363636)(40,0.18729227761485828)(60,0.16096969696969698)(80,0.16436100131752304)(100,0.17921396444634827)(120,0.16539130434782606)(140,0.1976615526180744)(160,0.19950770646422822)(180,0.22361508989095197)(200,0.15977777777777777)
};
\addlegendentry{Russian}

\addplot[color=green,mark=*] coordinates {
(20,0.041379310344827586)(40,0.1562770562770563)(60,0.1280701754385965)(80,0.18611717307369482)(100,0.19779902069338845)(120,0.16043277900220396)(140,0.18100420757363256)(160,0.18585269242211738)(180,0.1900295566502463)(200,0.1823267973856209)
};
\addlegendentry{Arabic}

\addplot[color=green,mark=*] coordinates {
(20,0.05454545454545454)(40,0.12365591397849462)(60,0.12476190476190477)(80,0.18729227761485828)(100,0.21340996168582374)(120,0.24433691756272405)(140,0.263968253968254)(160,0.27706155524388343)(180,0.2767319636884854)(200,0.2526360595925813)
};
\addlegendentry{German}

