\addplot[color=green,mark=*] coordinates {
(10,10)(20,20)(30,30)(40,40)(50,50)(60,60)(70,70)(80,80)(90,90)
};
\addlegendentry{dial}

\addplot[color=green,mark=*] coordinates {
(10,0.4350162392183242)(20,0.44352198634476103)(30,0.530119924489091)(40,0.6161414298654351)(50,0.6953688769008557)(60,0.7819668150451856)(70,0.6951536282319988)(80,0.6091986641348982)(90,0.6953688769008557)
};
\addlegendentry{Natural\_Neg}

\addplot[color=green,mark=*] coordinates {
(10,0.46080841638981174)(20,0.4579664307892055)(30,0.530119924489091)(40,0.7061414298654352)(50,0.7057137044870626)(60,0.7923116426313925)(70,0.7923116426313925)(80,0.6091986641348982)(90,0.7838746240272925)
};
\addlegendentry{All\_together}

\addplot[color=green,mark=*] coordinates {
(10,0.44946068366276865)(20,0.44352198634476103)(30,0.530119924489091)(40,0.6161414298654351)(50,0.7057137044870626)(60,0.7923116426313925)(70,0.7923116426313925)(80,0.6091986641348982)(90,0.6953688769008557)
};
\addlegendentry{Hungarian}

\addplot[color=green,mark=*] coordinates {
(10,0.4350162392183242)(20,0.44352198634476103)(30,0.530119924489091)(40,0.7061414298654352)(50,0.7057137044870626)(60,0.7923116426313925)(70,0.7923116426313925)(80,0.6091986641348982)(90,0.6953688769008557)
};
\addlegendentry{Portuguese}

\addplot[color=green,mark=*] coordinates {
(10,0.4741417497231451)(20,0.45907754190031663)(30,0.530119924489091)(40,0.6161414298654351)(50,0.7057137044870626)(60,0.7923116426313925)(70,0.7923116426313925)(80,0.6091986641348982)(90,0.6953688769008557)
};
\addlegendentry{Russian}

\addplot[color=green,mark=*] coordinates {
(10,0.4619988925802879)(20,0.44463309745587215)(30,0.530119924489091)(40,0.6161414298654351)(50,0.7057137044870626)(60,0.5327303049079184)(70,0.5327303049079184)(80,0.6091986641348982)(90,0.6953688769008557)
};
\addlegendentry{Arabic}

