size	dial	Natural_Neg	All_together	Hungarian	French	Portuguese	Russian	Arabic
30	30	0.041666666666666664	0.06483516483516483	0.07585714285714286	0.06354679802955665	0.06354679802955665	0.06	0.05471264367816092
40	40	0.0677536231884058	0.08981063122923587	0.10119047619047619	0.08928571428571427	0.09185714285714286	0.08928571428571427	0.08945623342175066
50	50	0.08514492753623189	0.12660714285714286	0.09239130434782608	0.10924844720496893	0.12485714285714286	0.11024844720496896	0.11133540372670807
60	60	0.06739130434782609	0.1554126984126984	0.11739130434782608	0.10914492753623188	0.14985714285714286	0.11847826086956523	0.11014492753623188
70	70	0.051086956521739134	0.1756567430570429	0.12092665788317962	0.12800207039337477	0.16930158730158731	0.12092665788317962	0.13129877369007806
80	80	0.051086956521739134	0.1771345755693582	0.12092665788317962	0.12958937198067635	0.16930158730158731	0.12135955831608007	0.13129877369007806
90	90	0.051086956521739134	0.20272187715665976	0.14492665788317965	0.15529877369007808	0.1933015873015873	0.14806896002548178	0.15629877369007805
100	100	0.07508695652173913	0.23320959595959595	0.20401587301587304	0.21527783971262232	0.2290935013262599	0.18204802604802606	0.21350006193484453
110	110	0.05952380952380952	0.24929301075268814	0.2188833678398896	0.21356843800322062	0.24365394088669948	0.1858941798941799	0.17581444320574752
120	120	0.05952380952380952	0.24929301075268814	0.18532900432900434	0.21356843800322062	0.24365394088669948	0.17193954033084466	0.12077740616871054