\addplot[color=green,mark=*] coordinates {
(20,20)(30,30)(40,40)(50,50)(60,60)(70,70)(80,80)(90,90)(100,100)
};
\addlegendentry{dial}

\addplot[color=green,mark=*] coordinates {
(20,0.1680165611878776)(30,0.1930041117058055)(40,0.2163611638698672)(50,0.23857500028734208)(60,0.24985025917020912)(70,0.24697115852332177)(80,0.24510321123137802)(90,0.2455475988397688)(100,0.2507690018227389)
};
\addlegendentry{Natural\_Neg}

\addplot[color=green,mark=*] coordinates {
(20,0.215071083367381)(30,0.22249692883398442)(40,0.24427741309432016)(50,0.26244476056070176)(60,0.2631162733975712)(70,0.2667552195169431)(80,0.2637391094036701)(90,0.2721405170128649)(100,0.27449380105869214)
};
\addlegendentry{All\_together}

\addplot[color=green,mark=*] coordinates {
(20,0.15779115648795072)(30,0.19540880444565883)(40,0.2137167866718132)(50,0.23967781107221392)(60,0.2577035315891648)(70,0.2509555789092766)(80,0.24972562169011492)(90,0.2669744039302171)(100,0.2658670871860883)
};
\addlegendentry{Hungarian}

\addplot[color=green,mark=*] coordinates {
(20,0.18647167889950345)(30,0.20457816838994997)(40,0.23380799859746526)(50,0.2402326388994204)(60,0.2619307413753167)(70,0.2536113761161924)(80,0.2648416335357934)(90,0.2638550458473198)(100,0.2706762146696063)
};
\addlegendentry{French}

\addplot[color=green,mark=*] coordinates {
(20,0.18932933267420032)(30,0.20162106915631303)(40,0.21099621910195335)(50,0.23674419229741725)(60,0.24593865584467695)(70,0.24958674120709717)(80,0.26140898357564607)(90,0.26855343857904346)(100,0.2659930028468947)
};
\addlegendentry{Portuguese}

\addplot[color=green,mark=*] coordinates {
(20,0.18968663359992824)(30,0.21089001030583915)(40,0.2474690153781403)(50,0.2632920294463445)(60,0.27020160262506077)(70,0.2650850102950751)(80,0.27141664105441843)(90,0.26722533923330244)(100,0.26578545347623506)
};
\addlegendentry{Russian}

\addplot[color=green,mark=*] coordinates {
(20,0.19970951532800893)(30,0.21712662479381817)(40,0.23318407255015097)(50,0.25971119345211)(60,0.257179351568461)(70,0.2556592042552669)(80,0.2757127088290806)(90,0.27422830903354367)(100,0.27403063986523474)
};
\addlegendentry{Chinese}

