size	dial	Natural_Neg	All_together	Hungarian	French	Portuguese	Russian	Arabic
20	20	null	null	null	null	null	null	null
30	30	0.6767890143650511	0.6103765959872322	0.6085264013177449	0.6653956372744624	0.6999572753873511	0.6948531783973845	0.6902361359570662
40	40	0.7723783866200868	0.7468770259312896	0.6714448591958615	0.7338055202113096	0.7826107541549603	0.7632092110633487	0.7586693830752449
50	50	0.8119197482297403	0.7488246371995126	0.733287538222976	0.7292945177959054	0.7597929443991258	0.6902567254697073	0.7403797354124929
60	60	null	0.7788486385545209	0.7263371548056818	0.7458170050314189	0.7813877909530084	0.7124768042415102	0.7213721061547148
70	70	null	0.7637418355837953	0.7296760794411581	0.7244546419043498	0.7275675118532261	0.7052066993464052	0.7094314574314574
80	80	0.6508684344722081	0.7494543421353598	0.692808376242591	0.721200820598411	0.6774966654966654	0.7041689360929556	0.7036638875844217
90	90	0.7289460039810671	0.7409395802724419	0.6777744605330812	0.7227187772350658	0.68316741155623	0.6993641518263658	0.6693545193927006
100	100	0.7944802850796002	0.7318102163829582	0.7372836470758928	0.7307036319071478	0.6946842569004157	0.6986919666091481	0.7033071218514257
110	110	0.8610158870814608	0.772816151016889	0.7751469366518696	0.7819953375361177	0.7381053095319946	0.7654618271318745	0.7453371086451763
120	120	0.8702013619841804	0.772816151016889	0.8304432163587185	0.799990198744807	0.797039941902687	0.8142421561926205	0.7900581456030953
130	130	0.8742382526297666	0.76339560292239	0.8247521818253526	0.7978968153792788	0.798578167374661	0.8206123194075001	0.7968246681612754
140	140	0.8803638551095645	0.7693695788649668	0.8252206456812295	0.7966814910136459	0.7997202929364517	0.8327061395354078	0.8010921952248008
150	150	0.8852330901503833	0.7697587864487664	0.8297885689190035	0.7968668745492183	0.7792768796060154	0.8206822932720439	0.7902729147428367