\addplot[color=green,mark=*] coordinates {
(10,10)(20,20)(30,30)(40,40)(50,50)(60,60)(70,70)(80,80)(90,90)(100,100)(110,110)(120,120)(130,130)(140,140)(150,150)(160,160)(170,170)(180,180)(190,190)(200,200)(210,210)(220,220)(230,230)(240,240)
};
\addlegendentry{dial}

\addplot[color=green,mark=*] coordinates {
(10,0.2685874523662389)(20,0.34073139442739153)(30,0.4093629797485751)(40,0.4828115796336375)(50,0.48994700397051966)(60,0.5022626169424008)(70,0.5220817656458852)(80,0.5330753465957339)(90,0.5513524359442854)(100,0.5689274958706195)(110,0.579262500056987)(120,0.5966720497939669)(130,0.6093868002708305)(140,0.6183700691340285)(150,0.6203110540431707)(160,0.6285223699332397)(170,0.629316737544684)(180,0.6308848363919913)(190,0.6283789781652753)(200,0.6300934215946505)(210,0.6272271876190333)(220,0.6294461453609996)(230,0.6276888259562204)(240,0.6316140681869736)
};
\addlegendentry{Natural\_Neg}

\addplot[color=green,mark=*] coordinates {
(10,0.24544918601541849)(20,0.31340788173689493)(30,0.3994733563196443)(40,0.45186240549716994)(50,0.45815235261683523)(60,0.4689443406478664)(70,0.4831284875868972)(80,0.5175474423778492)(90,0.5344584754446879)(100,0.5584377263633739)(110,0.5712196530913557)(120,0.5848704443857121)(130,0.5940405844667589)(140,0.5941373163161952)(150,0.5999058836392133)(160,0.604561283947979)(170,0.5998170793085651)(180,0.6046091066123778)(190,0.6032971335796623)(200,0.6130240591342815)(210,0.6126529980837703)(220,0.6164357439108085)(230,0.6184552667482016)(240,0.6130117902940471)
};
\addlegendentry{All\_together}

\addplot[color=green,mark=*] coordinates {
(10,0.2960683444488027)(20,0.3161923927140683)(30,0.40416231570587763)(40,0.4974999025989992)(50,0.488993347632057)(60,0.503828288986842)(70,0.5045998074789156)(80,0.5333545695109471)(90,0.5483259257811541)(100,0.567591534473946)(110,0.5739358315019748)(120,0.591891099409379)(130,0.6072339155618577)(140,0.6092148322449586)(150,0.6169758210046256)(160,0.6204550680672163)(170,0.6236861565700141)(180,0.6292590341272397)(190,0.6250220571004932)(200,0.6322393974709627)(210,0.6314159232798758)(220,0.6320031779818568)(230,0.6270778326314359)(240,0.6294570364334203)
};
\addlegendentry{Hungarian}

\addplot[color=green,mark=*] coordinates {
(10,0.2860724639746868)(20,0.3473661267424089)(30,0.4386220854326939)(40,0.5196531563575603)(50,0.520677075028837)(60,0.5260582168288772)(70,0.5380839923772692)(80,0.5577258030162444)(90,0.5776286335653189)(100,0.5999578417133168)(110,0.6099100520094505)(120,0.6208944040836231)(130,0.6343419330563864)(140,0.6352457848792996)(150,0.6403572104656672)(160,0.6350706179060237)(170,0.6379492400027561)(180,0.6404938030764507)(190,0.6360235884014622)(200,0.6385717294366149)(210,0.6378149352344631)(220,0.6347776978645907)(230,0.6343315525771183)(240,0.6353948287026446)
};
\addlegendentry{Portuguese}

\addplot[color=green,mark=*] coordinates {
(10,0.2571632201151842)(20,0.29365575670915034)(30,0.3803703711882898)(40,0.45683635881747336)(50,0.4650804308132949)(60,0.4722325848280069)(70,0.49497946842975366)(80,0.513546803861344)(90,0.5468897993200651)(100,0.569696190617059)(110,0.5743512527256499)(120,0.588553780585823)(130,0.5965092956113358)(140,0.6017218140988645)(150,0.6083764591171356)(160,0.6057758038863292)(170,0.611836420670534)(180,0.618203916461279)(190,0.6174513744078534)(200,0.6201474590215621)(210,0.6198849583204824)(220,0.6231715180309789)(230,0.6242630233682774)(240,0.6261113860208044)
};
\addlegendentry{Russian}

\addplot[color=green,mark=*] coordinates {
(10,0.2713098541381766)(20,0.3174205048324077)(30,0.3940866580819091)(40,0.4535598203471933)(50,0.4550400637136118)(60,0.46232368160861537)(70,0.47777853822885935)(80,0.48688104654974784)(90,0.5213070094775677)(100,0.5384335798424348)(110,0.5475006950969443)(120,0.5598214497564116)(130,0.5707310969001796)(140,0.5826330292771658)(150,0.5932201529975607)(160,0.5925801432663587)(170,0.5912930363581804)(180,0.5924157641719064)(190,0.591365975788815)(200,0.595746275612585)(210,0.5992025525779126)(220,0.6051328624994832)(230,0.5999160440740743)(240,0.6004560721307355)
};
\addlegendentry{Arabic}

