\addplot[color=green,mark=*] coordinates {
(10,10)(20,20)(30,30)(40,40)(50,50)(60,60)(70,70)(80,80)(90,90)
};
\addlegendentry{dial}

\addplot[color=green,mark=*] coordinates {
(10,0.10277035929209843)(20,0.11943702595876511)(30,0.27044017308701057)(40,0.34172109109997306)(50,0.34715945153833355)(60,0.38216262437407045)(70,0.447814809366348)(80,0.3852777424144268)(90,0.3332642865224049)
};
\addlegendentry{Natural\_Neg}

\addplot[color=green,mark=*] coordinates {
(10,0.09903799839443403)(20,0.16355383590426895)(30,0.32237739431816087)(40,0.40600426324375904)(50,0.40379110105580696)(60,0.45741757170704533)(70,0.547496956961541)(80,0.5552244434786808)(90,0.5504628356393061)
};
\addlegendentry{All\_together}

\addplot[color=green,mark=*] coordinates {
(10,0.11364221364221364)(20,0.1771678908874031)(30,0.3147302368393037)(40,0.3860644976662641)(50,0.39006971436024523)(60,0.4023412114734256)(70,0.49468929878574136)(80,0.5110296389741174)(90,0.5011881587408643)
};
\addlegendentry{Hungarian}

\addplot[color=green,mark=*] coordinates {
(10,0.12339677401350672)(20,0.16084213248015067)(30,0.29060467446975147)(40,0.3527818863465329)(50,0.3538872204400155)(60,0.41401601522333387)(70,0.4984782340125825)(80,0.503851686850824)(90,0.5041066080064329)
};
\addlegendentry{Portuguese}

\addplot[color=green,mark=*] coordinates {
(10,0.10929485862098258)(20,0.16256912323979855)(30,0.294557541786598)(40,0.36318585416583765)(50,0.36276117649516393)(60,0.3825883574092995)(70,0.4908270530180158)(80,0.5040212195058582)(90,0.49467032121168053)
};
\addlegendentry{Russian}

\addplot[color=green,mark=*] coordinates {
(10,0.06916336822095422)(20,0.1193231373241744)(30,0.26328294762881227)(40,0.33828386110237013)(50,0.3344968936838238)(60,0.37302923045779685)(70,0.4597377517395113)(80,0.4797969046204341)(90,0.4806514664201293)
};
\addlegendentry{Arabic}

