size	dial	Natural_Neg	All_together	Hungarian	French	Portuguese	Russian	Chinese
30	30	0.037606837606837605	0.02222222222222222	0.02222222222222222	0.02222222222222222	0	0	0
40	40	0.037606837606837605	0.02222222222222222	0.02222222222222222	0.02222222222222222	0	0	0
50	50	0.037606837606837605	0.02222222222222222	0.02222222222222222	0.02222222222222222	0	0	0
60	60	0.037606837606837605	0.02222222222222222	0.02222222222222222	0.02222222222222222	0.02222222222222222	0	0
70	70	0.037606837606837605	0.02222222222222222	0.02222222222222222	0.02222222222222222	0.02222222222222222	0	0
80	80	0.037606837606837605	0	0.02222222222222222	0.02222222222222222	0.02222222222222222	0	0
90	90	0.037606837606837605	0	0.02222222222222222	0.02222222222222222	0.02222222222222222	0	0
100	100	0.02222222222222222	0	0.02222222222222222	0.02222222222222222	0.02222222222222222	0	0
110	110	0.02222222222222222	0	0.02222222222222222	0	0.02222222222222222	0	0
120	120	0.02222222222222222	0	0.02222222222222222	0	0.02222222222222222	0	0
130	130	0.02222222222222222	0	0	0	0	0	0
140	140	0.02222222222222222	0	0	0	0	0	0
150	150	0	0	0	0	0	0	0
160	160	0	0.025	0	0	0	0	0
170	170	0	0	0	0	0	0	0
180	180	0	0	0	0	0	0	0
190	190	0	0	0	0	0	0	0
200	200	0	0	0	0	0	0	0
210	210	0	0	0	0	0	0	0
220	220	0	0	0	0	0	0	0
230	230	0	0	0	0	0	0	0
240	240	0	0	0	0	0	0	0
250	250	0	0	0	0	0	0	0