\addplot[color=green,mark=*] coordinates {
(20,20)(40,40)(60,60)(80,80)(100,100)(120,120)(140,140)(160,160)(180,180)(200,200)(220,220)(240,240)
};
\addlegendentry{dial}

\addplot[color=green,mark=*] coordinates {
(20,null)(40,null)(60,0.7780830280830281)(80,0.780064935064935)(100,0.799366575453532)(120,0.7857147067491896)(140,0.7887301587301586)(160,0.7797192443279399)(180,0.7755189255189255)(200,0.776017316017316)(220,0.7736363636363637)(240,0.7640583554376659)
};
\addlegendentry{Natural\_Neg}

\addplot[color=green,mark=*] coordinates {
(20,null)(40,null)(60,0.7471009253903992)(80,0.7352743218961239)(100,0.7069582299421009)(120,0.7060976819877749)(140,0.7082802179778664)(160,0.6997684814874064)(180,0.7097713981924507)(200,0.7035985289161333)(220,0.7198079813704172)(240,0.7135451093205705)
};
\addlegendentry{All\_together}

\addplot[color=green,mark=*] coordinates {
(20,null)(40,null)(60,0.6849040691545435)(80,0.7878477173774122)(100,0.7892553475935828)(120,0.751213282247765)(140,0.7532953072336012)(160,0.7323659914565248)(180,0.7312045000316522)(200,0.7776856763925729)(220,0.7792669340463458)(240,0.7861013789005675)
};
\addlegendentry{Hungarian}

\addplot[color=green,mark=*] coordinates {
(20,null)(40,null)(60,0.7733640755379886)(80,0.7530260047281323)(100,0.7460696542850082)(120,0.7282765433921409)(140,0.7174353274490575)(160,0.7114289369456868)(180,0.7093386243386244)(200,0.7117919827384245)(220,0.7195868945868946)(240,0.7673460702081392)
};
\addlegendentry{French}

\addplot[color=green,mark=*] coordinates {
(20,null)(40,null)(60,0.7217241379310345)(80,0.7545390835579515)(100,0.758162590098074)(120,0.7617313843078461)(140,0.735475768321513)(160,0.7385773716156312)(180,0.719990934629546)(200,0.739913844325609)(220,0.7344019508713495)(240,0.7656607376607377)
};
\addlegendentry{Portuguese}

\addplot[color=green,mark=*] coordinates {
(20,null)(40,null)(60,0.783992673992674)(80,0.7797300396080884)(100,0.7807059796623363)(120,0.7403846033972261)(140,0.7382386992852108)(160,0.7362449860113932)(180,0.7274611617696725)(200,0.743220242970243)(220,0.7443002762184798)(240,0.7713505747126437)
};
\addlegendentry{Russian}

\addplot[color=green,mark=*] coordinates {
(20,null)(40,null)(60,0.80408733923677)(80,0.8085805647122732)(100,0.816399018232819)(120,0.77952082494777)(140,0.7877988094508745)(160,0.788405490799424)(180,0.7635156530461409)(200,0.7663690476190477)(220,0.7713427991886409)(240,0.7822058823529412)
};
\addlegendentry{Arabic}

\addplot[color=green,mark=*] coordinates {
(20,null)(40,null)(60,0.7973586986490213)(80,0.7832513588167156)(100,0.7978069626850115)(120,0.7444212951443951)(140,0.7421764705882353)(160,0.7466450216450216)(180,0.7536259293074214)(200,0.7462937062937064)(220,0.7618403987611304)(240,0.7567479909096898)
};
\addlegendentry{German}

