\addplot[color=green,mark=*] coordinates {
(20,20)(40,40)(60,60)(80,80)(100,100)(120,120)(140,140)(160,160)(180,180)(200,200)
};
\addlegendentry{dial}

\addplot[color=green,mark=*] coordinates {
(20,0)(40,0)(60,0)(80,0)(100,0.05333333333333333)(120,0.02857142857142857)(140,0)(160,0)(180,0)(200,0)
};
\addlegendentry{Natural\_Neg}

\addplot[color=green,mark=*] coordinates {
(20,0.014814814814814814)(40,0.013793103448275862)(60,0.05281385281385281)(80,0.03602941176470588)(100,0.12361111111111112)(120,0.12490421455938698)(140,0.1222222222222222)(160,0.13851294903926484)(180,0.13196754563894525)(200,0.13449800973020787)
};
\addlegendentry{All\_together}

\addplot[color=green,mark=*] coordinates {
(20,0.01818181818181818)(40,0.04327485380116959)(60,0.023529411764705882)(80,0.023529411764705882)(100,0.11388888888888889)(120,0.11555555555555555)(140,0.11241830065359477)(160,0.10994152046783626)(180,0.09411764705882353)(200,0.09558823529411765)
};
\addlegendentry{Hungarian}

\addplot[color=green,mark=*] coordinates {
(20,0.023529411764705882)(40,0.04722222222222222)(60,0.025)(80,0.026666666666666665)(100,0.09725490196078432)(120,0.09725490196078432)(140,0.09725490196078432)(160,0.05333333333333333)(180,0.07666666666666666)(200,0.05333333333333333)
};
\addlegendentry{French}

\addplot[color=green,mark=*] coordinates {
(20,0)(40,0.023529411764705882)(60,0.023529411764705882)(80,0.023529411764705882)(100,0.05166666666666666)(120,0.05333333333333333)(140,0.05019607843137255)(160,0.02)(180,0.02)(200,0.02)
};
\addlegendentry{Portuguese}

\addplot[color=green,mark=*] coordinates {
(20,0.017391304347826087)(40,0.04038461538461539)(60,0.0375)(80,0.04045977011494253)(100,0.06903119868637111)(120,0.06952380952380952)(140,0.08834422657952071)(160,0.09105263157894736)(180,0.09281045751633987)(200,0.05)
};
\addlegendentry{Russian}

\addplot[color=green,mark=*] coordinates {
(20,0.017391304347826087)(40,0.015384615384615385)(60,0.014814814814814814)(80,0.01818181818181818)(100,0.11725490196078432)(120,0.09605263157894736)(140,0.11781045751633987)(160,0.09164086687306502)(180,0.07058823529411765)(200,0.07058823529411765)
};
\addlegendentry{Arabic}

\addplot[color=green,mark=*] coordinates {
(20,0.02)(40,0.04666666666666667)(60,0.04857142857142857)(80,0.04857142857142857)(100,0.1183075335397317)(120,0.07666666666666666)(140,0.075)(160,0.07563025210084033)(180,0.07563025210084033)(200,0.02857142857142857)
};
\addlegendentry{German}

