size	dial	Natural_Neg	All_together	Hungarian	French	Portuguese	Russian	Chinese
30	30	0.29325053279577457	0.34892604420787326	0.30774341378589404	0.2916545157521174	0.3051056489287355	0.3204780283024779	0.3124313334952435
40	40	0.33973134912916136	0.39313222595815034	0.35378895140427835	0.34377551464295764	0.3621455926734315	0.3682134815534931	0.3674305298831402
50	50	0.3369344935836226	0.41227861799036053	0.3701804697533106	0.35114148277630564	0.36878994505157253	0.3752966146277218	0.376498184448855
60	60	0.35537951472513984	0.43658841611710103	0.40083384967801255	0.3896605414940552	0.3935916112856798	0.39717794530611195	0.39848276630022095
70	70	0.39360247601846515	0.47385874593231686	0.4503790069112233	0.4146514075059124	0.425179255801457	0.43971889689174704	0.4161157481225378
80	80	0.39843343524885594	0.5208564333465077	0.48677569397286363	0.42588692139004536	0.4418533913822033	0.4415153691990515	0.4504475369634253
90	90	0.42112216483796666	0.5277526811929659	0.513569219758475	0.4634467533995859	0.4649317598046562	0.467482550366668	0.4979086106165374
100	100	0.41428475816549043	0.5425969559908272	0.5119595279808672	0.4673257276756878	0.4751779307119583	0.4735691759968511	0.5103079768485101
110	110	0.41193771948442104	0.5399215968500067	0.5211301797640403	0.47821813549011105	0.47719530650969705	0.48047709528739596	0.5131865106844521
120	120	0.41318664615876594	0.5556749875492146	0.5193286497583777	0.49419419382340346	0.4876547347474679	0.49111494127446226	0.5175736443960918
130	130	0.3935610514887383	0.5578470019634426	0.5163674955059225	0.48273970144558875	0.4808491851461619	0.4853920837010738	0.5154287740624153
140	140	0.39005091434649863	0.5914314879144194	0.5057525503919029	0.5027410494703576	0.49722768155036823	0.4838187073578343	0.5124657085429262
150	150	0.40961454372871414	0.5859676003547544	0.530890176461114	0.5308531201395299	0.5175296518968278	0.5115518862918702	0.5120625261046045
160	160	0.4064099100047849	0.5842951952949899	0.5345633469798039	0.5360342876836166	0.5257337697743394	0.5229837765038582	0.50446728007142
170	170	0.42923477882622807	0.5908649976999161	0.5492507564998342	0.5430219851218925	0.5445267672816251	0.5282819556989459	0.5266347899714642
180	180	0.4559297874326228	0.5914776161618794	0.5685855688976118	0.5415764323431715	0.5670627693852126	0.5445560549315915	0.5263015680693071
190	190	0.4676848647371165	0.5959574084082322	0.5559402433648678	0.5545216058556877	0.5720523005187264	0.5207783925824696	0.532417347304212
200	200	0.487816798044447	0.6137068811103822	0.5851594915297024	0.5673447230497926	0.5847856840350072	0.547974695389992	0.5484851245506649
210	210	0.4866879531893663	0.6057109817965313	0.5820219728503662	0.5650798026408413	0.5854037180379134	0.5476400532703256	0.5460777051892036
220	220	0.4903281449055319	0.6098227353888792	0.57421992474035	0.555752447540585	0.5909028890631443	0.5485808546088085	0.535818611502498
230	230	0.49310290341514573	0.6095547325267752	0.567846578596589	0.5539131586795334	0.5948241841361332	0.5440925642740456	0.5403268317554898
240	240	0.4963006920848908	0.6109074022774527	0.5688427900941563	0.5547020246205235	0.5859398985378131	0.5438778573127383	0.5374928221284403
250	250	0.5021188164639481	0.6135684938349663	0.5725709230831401	0.5637155816003806	0.5818048763888309	0.5605230337736637	0.5409102497878241