\addplot[color=green,mark=*] coordinates {
(30,30)(40,40)(50,50)(60,60)(70,70)(80,80)(90,90)(100,100)(110,110)(120,120)
};
\addlegendentry{dial}

\addplot[color=green,mark=*] coordinates {
(30,0.6311990608903653)(40,0.6390703184158724)(50,0.6595570749598834)(60,0.6609092076177265)(70,0.6706860078593357)(80,0.6813387512961151)(90,0.6853215998144033)(100,0.6815122071219892)(110,0.6773418796227001)(120,0.6762116926836195)
};
\addlegendentry{Natural\_Neg}

\addplot[color=green,mark=*] coordinates {
(30,0.625898370214275)(40,0.6451643621832768)(50,0.669212338619908)(60,0.6748907768212858)(70,0.679989844767091)(80,0.6826841142101338)(90,0.6840413979663762)(100,0.6854765429364316)(110,0.6877709196941598)(120,0.6882608570205788)
};
\addlegendentry{All\_together}

\addplot[color=green,mark=*] coordinates {
(30,0.6378904691723217)(40,0.6523683721346225)(50,0.6693207505081901)(60,0.6652314969522828)(70,0.6712439630702562)(80,0.6819054146032336)(90,0.6858851203032235)(100,0.6821875967754679)(110,0.6842920968246284)(120,0.6843743784729682)
};
\addlegendentry{Hungarian}

\addplot[color=green,mark=*] coordinates {
(30,0.6169051578538465)(40,0.6312780223759014)(50,0.6540960512852019)(60,0.6624494628252556)(70,0.6740346760601745)(80,0.6815714508677775)(90,0.6785721624020785)(100,0.6848566808464782)(110,0.6828424873924789)(120,0.685278253570738)
};
\addlegendentry{French}

\addplot[color=green,mark=*] coordinates {
(30,0.6135442418635789)(40,0.6230864946330171)(50,0.6483037599206085)(60,0.6530490788482834)(70,0.6681122767935486)(80,0.6793225497184603)(90,0.6820399616900666)(100,0.6742434822240148)(110,0.6800585018419861)(120,0.6794742202801181)
};
\addlegendentry{Portuguese}

\addplot[color=green,mark=*] coordinates {
(30,0.6208352711258062)(40,0.6386458138689015)(50,0.6652823209107747)(60,0.6696008899898371)(70,0.6705486193183217)(80,0.6783572279246368)(90,0.6797208966419686)(100,0.681597116708758)(110,0.685058412547933)(120,0.6828577005535011)
};
\addlegendentry{Russian}

\addplot[color=green,mark=*] coordinates {
(30,0.635015381898919)(40,0.6451749978404504)(50,0.6570242731291135)(60,0.6649730393237412)(70,0.6686088464082746)(80,0.6765482041814133)(90,0.6763200223839831)(100,0.6730788118705733)(110,0.6730933150247753)(120,0.6767871906936065)
};
\addlegendentry{Arabic}

