size	dial	Natural_Neg	All_together	Hungarian	French	Portuguese	Russian	Arabic
20	20	0.44636248287268054	0.48783757809926004	0.4781788538891192	0.45894973137786954	0.4675460810312731	0.44599806969733163	0.45747307650825403
30	30	0.46358967769532533	0.4864308245816574	0.48880594241790476	0.4681768043940141	0.4736815305323062	0.47412626232126476	0.4566956196531208
40	40	0.48535059975911965	0.5219232226946187	0.5035420054270195	0.49229346342223	0.5012977745302347	0.4980065583829939	0.47390052863758614
50	50	0.47967930570375705	0.5001778447890399	0.4992771836195889	0.4865200135817366	0.4816037686149815	0.4905998030042996	0.4712744878812324
60	60	0.5017098556415822	0.5070779853093119	0.5160236390264777	0.507862077957527	0.5027033559960482	0.5172063735538961	0.49285316791766787
70	70	0.5081702761801754	0.5255780262144649	0.5240828164331321	0.516681722026384	0.5121431992359919	0.529126748480385	0.5041498153210348
80	80	0.5097343378987682	0.5367747347216428	0.5250406636192304	0.5218872080021547	0.5167573654305485	0.5282206306597138	0.5126938747823929
90	90	0.5247880089116788	0.5486666992228935	0.534736883330217	0.5413782870489317	0.5292250019940158	0.5417154719313986	0.5226770798546732
100	100	0.5256161444303746	0.5564959898608965	0.5391906432404461	0.5476228965820773	0.5389230282716622	0.5601481479208444	0.5330517299285238
110	110	0.5269713626502617	0.5577636019136756	0.5340213818195624	0.5431494815400792	0.5394506611820968	0.555490778434426	0.5250885130591205
120	120	0.5242134423623228	0.5605998037361639	0.5408490086326008	0.5464641712425498	0.5491158467438471	0.5610471127982366	0.5314161963962643
130	130	0.5336424939880482	0.5626999150258853	0.5474468868028093	0.5538957891863794	0.5579913115018719	0.5570998971840416	0.5381150706132894
140	140	0.535067737477771	0.5698732491818841	0.5522083732548576	0.5558719403497181	0.557787252951206	0.5588038840431958	0.5494891341251008
150	150	0.531940804878656	0.5727777441339963	0.5571537251203782	0.5577189752927324	0.5607623044307335	0.5580900338428105	0.5488284563520331
160	160	0.5378684529875251	0.5751367271421233	0.5585358265413054	0.5628391383431735	0.5598698186561245	0.5627957700584811	0.5518978068614719
170	170	0.5435805807417904	0.5751335427595823	0.5697602497503724	0.5672951670198059	0.5703919876180257	0.5694899451795183	0.5606575899989905