size	dial	Natural_Neg	All_together	Hungarian	French	Portuguese	Russian	Arabic	German
20	20	0	0	0	0	0	0	0	0
40	40	0	0	0.008888888888888889	0	0	0	0	0
60	60	0	0	0	0	0	0	0	0
80	80	0	0	0	0	0	0	0	0
100	100	0	0	0	0	0	0	0	0
120	120	0	0.08888888888888888	0.13333333333333333	0.04444444444444444	0.04444444444444444	0.05	0.05	0.06666666666666667
140	140	0	0.1	0.13333333333333333	0.05714285714285714	0.08	0.1	0.13333333333333333	0.13333333333333333
160	160	0	0.11428571428571428	0.13333333333333333	0.13333333333333333	0.13333333333333333	0.13333333333333333	0	0.13333333333333333
180	180	0	0.1	0.13333333333333333	0	0.13333333333333333	0.2333333333333333	0.08	0.21333333333333332
200	200	0	0.1	0.13333333333333333	0	0	0.2333333333333333	0.08	0.21333333333333332
220	220	0	0.1	0	0	0.1	0.1	0.1	0.08
240	240	0	0.06666666666666667	0	0	0	0.1	0.13333333333333333	0.08