\addplot[color=green,mark=*] coordinates {
(20,20)(40,40)(60,60)(80,80)(100,100)(120,120)(140,140)(160,160)(180,180)(200,200)(220,220)
};
\addlegendentry{dial}

\addplot[color=green,mark=*] coordinates {
(20,0)(40,0)(60,0)(80,0)(100,0.03870967741935484)(120,0.03870967741935484)(140,0.03870967741935484)(160,0.03870967741935484)(180,0.04)(200,0.04)(220,0.04285714285714286)
};
\addlegendentry{Natural\_Neg}

\addplot[color=green,mark=*] coordinates {
(20,0)(40,0)(60,0.014814814814814814)(80,0.027586206896551724)(100,0.041379310344827586)(120,0.017391304347826087)(140,0.03739130434782609)(160,0.07322654462242563)(180,0.07256778309409888)(200,0.09018181818181818)(220,0.1437794486215539)
};
\addlegendentry{All\_together}

\addplot[color=green,mark=*] coordinates {
(20,0)(40,0)(60,0.026666666666666665)(80,0.02857142857142857)(100,0.032)(120,0.017391304347826087)(140,0.017391304347826087)(160,0.017391304347826087)(180,0.017391304347826087)(200,0.03923444976076555)(220,0.06905263157894737)
};
\addlegendentry{Hungarian}

\addplot[color=green,mark=*] coordinates {
(20,0)(40,0)(60,0)(80,0)(100,0.0375)(120,0.03870967741935484)(140,0.08365384615384616)(160,0.09083333333333334)(180,0.0808080808080808)(200,0.07408293460925039)(220,0.10780587833219413)
};
\addlegendentry{French}

\addplot[color=green,mark=*] coordinates {
(20,0)(40,0)(60,0.016)(80,0.016)(100,0.05)(120,0.017391304347826087)(140,0.06739130434782609)(160,0.07532467532467532)(180,0.07972027972027973)(200,0.03418181818181818)(220,0.09955263157894736)
};
\addlegendentry{Portuguese}

\addplot[color=green,mark=*] coordinates {
(20,0)(40,0)(60,0)(80,0)(100,0.06857142857142857)(120,0.03333333333333333)(140,0.038443935926773455)(160,0.021052631578947368)(180,0.021052631578947368)(200,0)(220,0.08771929824561403)
};
\addlegendentry{Russian}

\addplot[color=green,mark=*] coordinates {
(20,0)(40,0)(60,0)(80,0)(100,0.06999999999999999)(120,0)(140,0)(160,0)(180,0)(200,0)(220,0.10310391363022942)
};
\addlegendentry{Arabic}

\addplot[color=green,mark=*] coordinates {
(20,0)(40,0)(60,0)(80,0)(100,0)(120,0)(140,0.046153846153846156)(160,0.05517241379310345)(180,0.059259259259259255)(200,0.02)(220,0.05104761904761905)
};
\addlegendentry{German}

