\addplot[color=green,mark=*] coordinates {
(10,10)(20,20)(30,30)(40,40)(50,50)(60,60)(70,70)(80,80)(90,90)(100,100)(110,110)(120,120)(130,130)(140,140)(150,150)
};
\addlegendentry{dial}

\addplot[color=green,mark=*] coordinates {
(10,0.26161617470698106)(20,0.35456581212535876)(30,0.4195890380951769)(40,0.45338003757824746)(50,0.5084877099198831)(60,0.5395502845173954)(70,0.5508118621467946)(80,0.5664623066793177)(90,0.5913428130479834)(100,0.6141074239717914)(110,0.6126149062332951)(120,0.6239562513256095)(130,0.6077958340257545)(140,0.6122745035719603)(150,0.6251221610908433)
};
\addlegendentry{Natural\_Neg}

\addplot[color=green,mark=*] coordinates {
(10,0.2624868416924949)(20,0.3559275494514308)(30,0.43368202935837524)(40,0.5033023762019566)(50,0.5736534993806439)(60,0.6130891050358482)(70,0.6118966093897418)(80,0.6174308801303858)(90,0.6456448630750925)(100,0.6573103155351847)(110,0.6585134947113124)(120,0.6632864601206762)(130,0.6717544178278846)(140,0.6768664744206906)(150,0.6774979512683652)
};
\addlegendentry{All\_together}

\addplot[color=green,mark=*] coordinates {
(10,0.21286911299746542)(20,0.3187495981751882)(30,0.42256060674554174)(40,0.47500794479867603)(50,0.5595406662203561)(60,0.604537191027032)(70,0.6102672799650783)(80,0.6155546817428325)(90,0.632385825712648)(100,0.6530951231822922)(110,0.6534240743749611)(120,0.6660158546931654)(130,0.6638848750641283)(140,0.6639711061925427)(150,0.6675213043105428)
};
\addlegendentry{Hungarian}

\addplot[color=green,mark=*] coordinates {
(10,0.23608912354584238)(20,0.3204466817814546)(30,0.4057064942786274)(40,0.45150145318869583)(50,0.5288523591495329)(60,0.5655944874955715)(70,0.5725355623561603)(80,0.5898780220885775)(90,0.614774152885085)(100,0.627533462396604)(110,0.6349763017393412)(120,0.6454148808879182)(130,0.6571643554042639)(140,0.6588218685880504)(150,0.6659349856471766)
};
\addlegendentry{Portuguese}

\addplot[color=green,mark=*] coordinates {
(10,0.23504204715087978)(20,0.34255679739469136)(30,0.41204225677395473)(40,0.46453583521971104)(50,0.531321769194819)(60,0.5682623347242808)(70,0.5786789797566497)(80,0.5860478692918248)(90,0.6029303552386628)(100,0.626884557366282)(110,0.6378300499067474)(120,0.6515635643191786)(130,0.6560431515269243)(140,0.659453814213758)(150,0.6642548647691501)
};
\addlegendentry{Russian}

\addplot[color=green,mark=*] coordinates {
(10,0.2507549171983)(20,0.3690978364049953)(30,0.4289222458446066)(40,0.4871296315487993)(50,0.547069477611068)(60,0.5773051586152915)(70,0.5745236099797)(80,0.5916241516792401)(90,0.6031228496190468)(100,0.6230776277683986)(110,0.6266496555117544)(120,0.6449893568463843)(130,0.6553123623279303)(140,0.6570253760085866)(150,0.6609997333833519)
};
\addlegendentry{Arabic}

