\addplot[color=green,mark=*] coordinates {
(20,20)(30,30)(40,40)(50,50)(60,60)(70,70)(80,80)(90,90)(100,100)(110,110)(120,120)(130,130)(140,140)(150,150)(160,160)(170,170)
};
\addlegendentry{dial}

\addplot[color=green,mark=*] coordinates {
(20,0.3107902260341285)(30,0.3575366735887025)(40,0.3413331050619186)(50,0.4210014932496363)(60,0.43901242160562254)(70,0.4222318495120536)(80,0.4188743354645325)(90,0.4072079878295467)(100,0.423042325929717)(110,0.43266662882050005)(120,0.41373026425479553)(130,0.41273192965753314)(140,0.42052985443567314)(150,0.4326847283877305)(160,0.44481818221702396)(170,0.4375544603184437)
};
\addlegendentry{Natural\_Neg}

\addplot[color=green,mark=*] coordinates {
(20,0.43824203365556746)(30,0.4350779643800239)(40,0.45350307292779746)(50,0.4287422443392434)(60,0.4635849533437472)(70,0.4502502091988624)(80,0.4337221258273889)(90,0.41991566379557765)(100,0.44058735022746653)(110,0.4415240882838454)(120,0.41418279841758654)(130,0.43431534317191955)(140,0.4385265534389225)(150,0.4606437939024808)(160,0.4619373517759754)(170,0.4519987325976703)
};
\addlegendentry{All\_together}

\addplot[color=green,mark=*] coordinates {
(20,0.3801459293394777)(30,0.381977078687547)(40,0.4324555296633562)(50,0.462355403348554)(60,0.4622977694060573)(70,0.4689167304801611)(80,0.4593390942523771)(90,0.42399179032421525)(100,0.451244370349727)(110,0.42829760898387137)(120,0.4567021073811288)(130,0.45495102657625014)(140,0.4475516427927798)(150,0.447502638289124)(160,0.44758438427537506)(170,0.46133087187485494)
};
\addlegendentry{Hungarian}

\addplot[color=green,mark=*] coordinates {
(20,0.29601835559900075)(30,0.37914886965716194)(40,0.3849331751167183)(50,0.42573535075808744)(60,0.43016458432659627)(70,0.4177662096555553)(80,0.408353347671487)(90,0.4067650113896045)(100,0.4212081106864397)(110,0.42682361008435876)(120,0.4282986922440787)(130,0.4332642256261515)(140,0.42983271089875996)(150,0.43004361781233164)(160,0.4414168366658925)(170,0.43363931486187735)
};
\addlegendentry{French}

\addplot[color=green,mark=*] coordinates {
(20,0.2688687015503876)(30,0.33019279435912297)(40,0.3327090442743169)(50,0.3740495126057062)(60,0.4285014328562716)(70,0.38792737318599385)(80,0.39707620281190426)(90,0.38502917717203433)(100,0.3892542050770566)(110,0.3941213858150939)(120,0.40337710542475264)(130,0.4183811309959573)(140,0.4240768214848819)(150,0.4376594279365028)(160,0.44344250817812886)(170,0.4437313363891554)
};
\addlegendentry{Portuguese}

\addplot[color=green,mark=*] coordinates {
(20,0.31365477799820923)(30,0.3296933755643912)(40,0.3456844035524179)(50,0.4036869859667672)(60,0.4205397115937413)(70,0.3997003839526304)(80,0.4033932495347246)(90,0.3771515540315794)(100,0.39704472117981693)(110,0.39058909472477754)(120,0.4030576561199328)(130,0.41586855126842004)(140,0.4157413868354154)(150,0.42392876006892183)(160,0.43356931529727316)(170,0.44268141788090604)
};
\addlegendentry{Russian}

\addplot[color=green,mark=*] coordinates {
(20,0.3006522509748316)(30,0.3068271250693325)(40,0.3132033680181416)(50,0.41854970196168023)(60,0.4414646780698095)(70,0.45289204417399154)(80,0.456753413709729)(90,0.43077492115442534)(100,0.44067686832545283)(110,0.44091736644096413)(120,0.4333082930141753)(130,0.42414107607250806)(140,0.4190887332655066)(150,0.4272205764218781)(160,0.44665690992553786)(170,0.4372072971256734)
};
\addlegendentry{Arabic}

