\addplot[color=green,mark=*] coordinates {
(10,10)(20,20)(30,30)(40,40)(50,50)(60,60)(70,70)(80,80)(90,90)(100,100)(110,110)(120,120)(130,130)(140,140)(150,150)(160,160)(170,170)(180,180)(190,190)(200,200)(210,210)(220,220)(230,230)(240,240)(250,250)(260,260)(270,270)(280,280)(290,290)(300,300)(310,310)(320,320)(330,330)(340,340)(350,350)(360,360)(370,370)
};
\addlegendentry{dial}

\addplot[color=green,mark=*] coordinates {
(10,0.2039976133651551)(20,0.2039976133651551)(30,0.2039976133651551)(40,0.2039976133651551)(50,0.2039976133651551)(60,0.20325178997613363)(70,0.2036396181384248)(80,0.24000596658711215)(90,0.24137828162291167)(100,0.2403048002881974)(110,0.24029788935242685)(120,0.24022161673409942)(130,0.2402514496696603)(140,0.2402514496696603)(150,0.24025129166379705)(160,0.23525474955215714)(170,0.23501608606767027)(180,0.24392836376912513)(190,0.24816464061876714)(200,0.24885079813666694)(210,0.2496040494573315)(220,0.2502603740396704)(230,0.2501852937926167)(240,0.24998780286883485)(250,0.24997936854817837)(260,0.24996955987478228)(270,0.24996940819803376)(280,0.24982030310338127)(290,0.24976144548129325)(300,0.24883584330163017)(310,0.24844832746145395)(320,0.24806049929916277)(330,0.24770406866223232)(340,0.24716286279815458)(350,0.2462419415039289)(360,0.24606424146379746)(370,0.2458838908864366)
};
\addlegendentry{Natural\_Neg}

\addplot[color=green,mark=*] coordinates {
(10,0.2039976133651551)(20,0.2039976133651551)(30,0.2039976133651551)(40,0.2039976133651551)(50,0.2039976133651551)(60,0.20322195704057275)(70,0.2042064439140811)(80,0.2424522673031026)(90,0.2423926014319809)(100,0.24214786078478828)(110,0.24202364716769761)(120,0.24185716386340755)(130,0.24159227513949735)(140,0.2414362009596187)(150,0.24043744513922274)(160,0.2351693204621285)(170,0.23490237070404793)(180,0.241895493345374)(190,0.24570564759698973)(200,0.24694753039187917)(210,0.24720786554019997)(220,0.24824738331619384)(230,0.24872990379721335)(240,0.24948994599128346)(250,0.2497741098514083)(260,0.2499992884213343)(270,0.25009221089173356)(280,0.25012879731484733)(290,0.25022997392770147)(300,0.24913477174879498)(310,0.2488609176627353)(320,0.2486241494788622)(330,0.24847917946074535)(340,0.24847257370308107)(350,0.2484130797120033)(360,0.2486505900449189)(370,0.24858740620841493)
};
\addlegendentry{All\_together}

\addplot[color=green,mark=*] coordinates {
(10,0.2039976133651551)(20,0.2039976133651551)(30,0.2039976133651551)(40,0.2039976133651551)(50,0.2039976133651551)(60,0.20259546539379475)(70,0.20396778042959424)(80,0.2379773269689737)(90,0.241736276849642)(100,0.24071212487706473)(110,0.2406369245596494)(120,0.240438172568138)(130,0.24124366182828122)(140,0.24124366182828122)(150,0.2413024151450036)(160,0.23623078795980676)(170,0.23604048387851564)(180,0.24034861319115342)(190,0.24911949624604604)(200,0.24995481844175002)(210,0.2507901406374541)(220,0.2509691382508193)(230,0.2509856811540603)(240,0.2506058946351378)(250,0.25066361707769824)(260,0.25042003717236566)(270,0.25041898930875)(280,0.2504336785319557)(290,0.2503431622985952)(300,0.25022876579387965)(310,0.24998347557499065)(320,0.24986397497202498)(330,0.24889614936975352)(340,0.24881028310427125)(350,0.24879106265612955)(360,0.24862749700503284)(370,0.24871052822605297)
};
\addlegendentry{Hungarian}

\addplot[color=green,mark=*] coordinates {
(10,0.2039976133651551)(20,0.2039976133651551)(30,0.2039976133651551)(40,0.2039976133651551)(50,0.2039976133651551)(60,0.20319212410501192)(70,0.2037887828162291)(80,0.24045346062052508)(90,0.24212410501193316)(100,0.2413830941189845)(110,0.24149582221003327)(120,0.24131766426643483)(130,0.24131766426643483)(140,0.24131766426643483)(150,0.24060873875212785)(160,0.23550947130042)(170,0.23533047368705487)(180,0.24449957249807888)(190,0.24899579855386667)(200,0.24930267512337717)(210,0.2503468278680072)(220,0.25052582548137237)(230,0.25054576723290745)(240,0.25040998685627736)(250,0.25040010734793217)(260,0.2503515035651353)(270,0.2501732410322781)(280,0.24986462874444815)(290,0.24990147537757465)(300,0.249760556989069)(310,0.24868642013209197)(320,0.24841701762621254)(330,0.24778587100501243)(340,0.2476678861573353)(350,0.24761107594890341)(360,0.24760991645812974)(370,0.2477414172856988)
};
\addlegendentry{French}

\addplot[color=green,mark=*] coordinates {
(10,0.2039976133651551)(20,0.2039976133651551)(30,0.2039976133651551)(40,0.2039976133651551)(50,0.2039976133651551)(60,0.20319212410501192)(70,0.20417661097852027)(80,0.24158711217183773)(90,0.24128878281622912)(100,0.24062366624084572)(110,0.24090764357031139)(120,0.24028034141810783)(130,0.2411168771278071)(140,0.2411168771278071)(150,0.24100551761620076)(160,0.2360829896998459)(170,0.2357878415013744)(180,0.246852554380099)(190,0.25120816297198445)(200,0.2507308360030107)(210,0.25055183838964556)(220,0.25055183838964556)(230,0.2505587068059402)(240,0.2502173589854545)(250,0.2502098099129722)(260,0.2498702023169606)(270,0.249871840433818)(280,0.24985181481458207)(290,0.2499084779979341)(300,0.24976345720893453)(310,0.248451480142695)(320,0.2480636519804038)(330,0.24776163861188544)(340,0.24767297565189456)(350,0.24764257430359476)(360,0.24759487102722916)(370,0.24736651765630951)
};
\addlegendentry{Portuguese}

\addplot[color=green,mark=*] coordinates {
(10,0.2039976133651551)(20,0.2039976133651551)(30,0.2039976133651551)(40,0.2039976133651551)(50,0.2039976133651551)(60,0.20325178997613363)(70,0.20408711217183767)(80,0.24176610978520285)(90,0.241736276849642)(100,0.24005259426097242)(110,0.23988793192902355)(120,0.24118988756049214)(130,0.24124955343161392)(140,0.24083189233376187)(150,0.24065416696062475)(160,0.23549311714145849)(170,0.2337916755586272)(180,0.24496582077539383)(190,0.24833712784853068)(200,0.248903953624187)(210,0.2493514476575999)(220,0.249798756336253)(230,0.24997116855743412)(240,0.25013771553996417)(250,0.24979075497391431)(260,0.24959721123149392)(270,0.2495682035960219)(280,0.24955587273077082)(290,0.24966395010966305)(300,0.24952280120690404)(310,0.24870994603339253)(320,0.24841373421072865)(330,0.24777975348350706)(340,0.24760794470871583)(350,0.24767486351615225)(360,0.24751532251371397)(370,0.24750837696470937)
};
\addlegendentry{Russian}

\addplot[color=green,mark=*] coordinates {
(10,0.2039976133651551)(20,0.2039976133651551)(30,0.2039976133651551)(40,0.2039976133651551)(50,0.2039976133651551)(60,0.20325178997613363)(70,0.20396778042959424)(80,0.2418854415274463)(90,0.24167661097852028)(100,0.24080228195288744)(110,0.2406645791624201)(120,0.24138846804422492)(130,0.24138846804422492)(140,0.24138846804422492)(150,0.2410107438141403)(160,0.24026665114027698)(170,0.23451855259925583)(180,0.24213797901562567)(190,0.24688141576980233)(200,0.24762830641232786)(210,0.24768940617374674)(220,0.24899052775632474)(230,0.2496691829841872)(240,0.24975284754481764)(250,0.24961240551605526)(260,0.24953694193773374)(270,0.24959520942540503)(280,0.2496357433151654)(290,0.2497481692759722)(300,0.24970095453635016)(310,0.24940771071952095)(320,0.24913921429947328)(330,0.24780417024232793)(340,0.24732313390353328)(350,0.2472859376653303)(360,0.24716244129381404)(370,0.24715383839168265)
};
\addlegendentry{Arabic}

\addplot[color=green,mark=*] coordinates {
(10,0.2039976133651551)(20,0.2039976133651551)(30,0.2039976133651551)(40,0.2039976133651551)(50,0.2039976133651551)(60,0.20325178997613363)(70,0.2042064439140811)(80,0.24116945107398569)(90,0.2417661097852028)(100,0.24085699326408855)(110,0.24073591035520905)(120,0.2406216564987052)(130,0.24062165649870523)(140,0.24062165649870523)(150,0.24065245673118082)(160,0.2356452251466728)(170,0.23549131198411127)(180,0.24379363433308993)(190,0.24864138070679304)(200,0.24925368973722115)(210,0.24958759614767598)(220,0.25033341953669747)(230,0.2504422501928633)(240,0.25037966918516663)(250,0.2503257487144781)(260,0.25031435746535957)(270,0.2502840288865755)(280,0.25028697035477454)(290,0.2504112368024407)(300,0.25006526069679136)(310,0.24913579776348277)(320,0.24880763547231327)(330,0.2485977789086995)(340,0.24848544875073894)(350,0.24843064506515952)(360,0.24821435366539685)(370,0.24813333461015116)
};
\addlegendentry{German}

