size	dial	Natural_Neg	All_together	Hungarian	Portuguese	Russian	Arabic
10	10	0	0	0	0	0	0
20	20	0.12314507198228128	0.1378811369509044	0.12365891472868218	0.1300207039337474	0.11972789115646258	0.11972789115646258
30	30	0.12681704260651627	0.14232558139534884	0.13475801382778127	0.13523809523809524	0.12132505175983437	0.1225108225108225
40	40	0.13972026841296792	0.15733407035969518	0.14856214053513378	0.14814132104454686	0.134228277566286	0.1434354386916057
50	50	0.17036354326676909	0.1803450862715679	0.1723716643446576	0.1664746543778802	0.17036354326676909	0.17592648162040508
60	60	0.18182553157086265	0.1803450862715679	0.1723716643446576	0.17177768468091048	0.17036354326676909	0.17592648162040508
70	70	0.2706423562412342	0.26893770856507226	0.2641503913393314	0.2527633656665914	0.25394060185526934	0.24506008855154965
80	80	0.26541158701046497	0.3809695479425412	0.3725077187664263	0.338100899738594	0.3417454799040498	0.34061175700657687
90	90	0.3506280193236715	0.3832481067220099	0.3899345688476469	0.3373319316106899	0.34427198587086383	0.33964386851573936
100	100	0.3646529421910033	null	0.4922330734691561	0.4457575952509373	0.46059068272653614	0.43445943500416906
110	110	0.4760140236876345	null	0.5374755130465451	0.49415336333399723	0.502791412735413	0.4770236433426258
120	120	0.4945682620874437	null	0.5406937780729638	0.5313285554092925	0.5200066808242962	0.5092900209179279
130	130	0.48037327677624597	null	0.5235852295637511	0.5206357517578967	0.5060395535521881	0.5075356349530156
140	140	0.490572833317266	null	0.5336413550469506	0.5256671982987772	0.5075481742418433	0.5117436296873261
150	150	0.49815526345354455	null	0.5329012995427879	0.5443901420217209	0.531972511425397	0.5354942481930164
160	160	0.49815526345354455	null	0.5415586457135918	0.5507872669094118	0.5508431511228856	0.5444978893714341
170	170	0.4626409996622763	null	0.5473030925169373	0.5561542433631006	0.5526613329410675	0.5453024259654444
180	180	0.5016653899061787	null	0.5891974595480824	0.5605131363650397	0.5855744982071739	0.5663242129960396
190	190	0.49540276364355246	null	0.5727259707710836	0.5763665357045697	0.5863152389479147	0.5680785989609519
200	200	0.5169863008792637	null	0.5664576802507837	0.567669167283517	0.5866367429606957	0.557999023364135
210	210	0.5215932398340286	null	0.5746690288156874	0.5428923633421384	0.5866367429606957	0.5600558896678252