size	dial	Natural_Neg	All_together	Hungarian	Portuguese	Russian	Arabic
10	10	null	null	null	null	null	null
20	20	null	0.3630321580137261	null	null	null	null
30	30	null	0.47318509089380234	0.40376435169317226	null	null	0.4975576524513106
40	40	0.43792494055651954	0.4106357199386895	0.47480991547991636	0.45048267208981496	0.4266511943739012	0.4335644604668694
50	50	null	0.4777560954810167	0.47923268481651765	0.5095318731992904	0.486253807125595	null
60	60	0.5032718590467251	0.46103926269045176	0.447926518358437	0.5010953490953491	0.49511136290637053	0.5310550614123777
70	70	0.5232188893855116	0.478227464560325	0.4702646760791449	0.5147585642883303	0.5093413095614904	0.5313357568321093
80	80	0.5439297683985224	0.49072111894305276	0.49910133253347244	0.502498941595926	0.5168667148105361	0.5460507530694361
90	90	0.4783056558798114	0.48665540308578414	0.5025618366308022	0.5009709836359242	0.5175033746720527	0.5644469511015309
100	100	0.5594892776881372	0.5011492608336445	0.5020327860882048	0.4903548927978008	0.5175884901777812	0.5482902695935307