\addplot[color=green,mark=*] coordinates {
(20,20)(40,40)(60,60)(80,80)(100,100)(120,120)(140,140)(160,160)(180,180)(200,200)(220,220)(240,240)
};
\addlegendentry{dial}

\addplot[color=green,mark=*] coordinates {
(20,0.13985395902547065)(40,0.18176944905869324)(60,0.362295253196416)(80,0.402972478103292)(100,0.4501175060404711)(120,0.4600661620356387)(140,0.4896250817980469)(160,0.5160231048021746)(180,0.53471474504178)(200,0.5428137898922782)(220,0.5080701953085673)(240,0.530435039766435)
};
\addlegendentry{Natural\_Neg}

\addplot[color=green,mark=*] coordinates {
(20,0.2715532819893285)(40,0.24192857772072887)(60,0.4857884702506795)(80,0.5189255511929931)(100,0.546397708396255)(120,0.551077091513138)(140,0.5902434435719319)(160,0.6460304351656097)(180,0.6861237163998792)(200,0.6948954243430988)(220,0.6939009803181315)(240,0.6954985905567301)
};
\addlegendentry{All\_together}

\addplot[color=green,mark=*] coordinates {
(20,0.212958729739253)(40,0.21672719722138326)(60,0.4369095754052149)(80,0.4924599504177992)(100,0.5002026703916239)(120,0.5544222855632739)(140,0.5941042484647137)(160,0.6529620016611296)(180,0.6746054817275747)(200,0.6833972931138629)(220,0.651555861773885)(240,0.6892697322057787)
};
\addlegendentry{Hungarian}

\addplot[color=green,mark=*] coordinates {
(20,0.190418082402094)(40,0.2177248187858653)(60,0.4547698014195107)(80,0.4936397928621766)(100,0.49525543013188367)(120,0.5164555647840532)(140,0.567058793919259)(160,0.615349592268197)(180,0.6566578261854424)(200,0.6649543818584517)(220,0.6495238724453841)(240,0.6633727536997887)
};
\addlegendentry{French}

\addplot[color=green,mark=*] coordinates {
(20,0.1531278943924293)(40,0.18179851882613512)(60,0.44314482029598307)(80,0.4942175072989027)(100,0.5156301595691131)(120,0.541777660324172)(140,0.5735645386590154)(160,0.6294404384375315)(180,0.6477926482432296)(200,0.6593509010369475)(220,0.6406343438538207)(240,0.6448877164502165)
};
\addlegendentry{Portuguese}

\addplot[color=green,mark=*] coordinates {
(20,0.1833185782241015)(40,0.20846666414980364)(60,0.4174792988019732)(80,0.4604456105909594)(100,0.4689931289640592)(120,0.4719478631833283)(140,0.5230001006745193)(160,0.5572175135910602)(180,0.5849689482029599)(200,0.6103803294573643)(220,0.6041245406725058)(240,0.624163835195812)
};
\addlegendentry{Russian}

\addplot[color=green,mark=*] coordinates {
(20,0.24906127302929632)(40,0.24674472087989532)(60,0.4458856211617839)(80,0.494825833081647)(100,0.510655800110742)(120,0.5242720603040371)(140,0.5813595150005033)(160,0.6263100271821201)(180,0.6723178735024666)(200,0.6963589172455451)(220,0.6616573228128461)(240,0.6751407555622672)
};
\addlegendentry{Arabic}

\addplot[color=green,mark=*] coordinates {
(20,0.1705250805396154)(40,0.2039941671700393)(60,0.41963709981878583)(80,0.4754253813047418)(100,0.5179857230947348)(120,0.5305450581395349)(140,0.5658033826638478)(160,0.6067672782643713)(180,0.6279072598912715)(200,0.6561082062317527)(220,0.6348486106916339)(240,0.6525120494815262)
};
\addlegendentry{German}

