\addplot[color=green,mark=*] coordinates {
(20,20)(30,30)(40,40)(50,50)(60,60)(70,70)(80,80)(90,90)(100,100)(110,110)(120,120)(130,130)(140,140)(150,150)(160,160)(170,170)
};
\addlegendentry{dial}

\addplot[color=green,mark=*] coordinates {
(20,0.05523809523809524)(30,0.05934065934065934)(40,0.06493506493506493)(50,0.06857142857142857)(60,0.06857142857142857)(70,0.06857142857142857)(80,0.06857142857142857)(90,0.06857142857142857)(100,0.04)(110,0.04)(120,0.04)(130,0.04)(140,0.04)(150,0)(160,0)(170,0)
};
\addlegendentry{Natural\_Neg}

\addplot[color=green,mark=*] coordinates {
(20,0.013333333333333332)(30,0.016666666666666666)(40,0.017391304347826087)(50,0.02222222222222222)(60,0.03636363636363636)(70,0.03636363636363636)(80,0)(90,0)(100,0)(110,0)(120,0)(130,0)(140,0)(150,0)(160,0.04)(170,0)
};
\addlegendentry{All\_together}

\addplot[color=green,mark=*] coordinates {
(20,0.014814814814814814)(30,0.014814814814814814)(40,0.01818181818181818)(50,0.021052631578947368)(60,0.02222222222222222)(70,0.02222222222222222)(80,0.02222222222222222)(90,0.02222222222222222)(100,0.02222222222222222)(110,0.02222222222222222)(120,0.025)(130,0)(140,0)(150,0)(160,0)(170,0)
};
\addlegendentry{Hungarian}

\addplot[color=green,mark=*] coordinates {
(20,0.05523809523809524)(30,0.026666666666666665)(40,0.026666666666666665)(50,0.023529411764705882)(60,0.025)(70,0.026666666666666665)(80,0.026666666666666665)(90,0.026666666666666665)(100,0.026666666666666665)(110,0)(120,0)(130,0)(140,0)(150,0)(160,0)(170,0)
};
\addlegendentry{French}

\addplot[color=green,mark=*] coordinates {
(20,0.026666666666666665)(30,0)(40,0)(50,0)(60,0.02857142857142857)(70,0.02857142857142857)(80,0.02857142857142857)(90,0.026666666666666665)(100,0.026666666666666665)(110,0.026666666666666665)(120,0.03076923076923077)(130,0)(140,0)(150,0)(160,0)(170,0)
};
\addlegendentry{Portuguese}

\addplot[color=green,mark=*] coordinates {
(20,0.025)(30,0)(40,0)(50,0)(60,0)(70,0)(80,0)(90,0)(100,0)(110,0)(120,0)(130,0)(140,0)(150,0)(160,0)(170,0)
};
\addlegendentry{Russian}

\addplot[color=green,mark=*] coordinates {
(20,0.044571428571428574)(30,0.044571428571428574)(40,0.023529411764705882)(50,0.019047619047619046)(60,0.050793650793650794)(70,0.02222222222222222)(80,0.02222222222222222)(90,0.02222222222222222)(100,0.023529411764705882)(110,0.023529411764705882)(120,0.025)(130,0.026666666666666665)(140,0.03076923076923077)(150,0.04)(160,0)(170,0)
};
\addlegendentry{Arabic}

