\addplot[color=green,mark=*] coordinates {
(20,20)(30,30)(40,40)(50,50)(60,60)(70,70)(80,80)(90,90)(100,100)(110,110)(120,120)(130,130)(140,140)(150,150)(160,160)(170,170)
};
\addlegendentry{dial}

\addplot[color=green,mark=*] coordinates {
(20,0.7291428571428571)(30,0.7227495908346973)(40,0.6659951159951161)(50,0.6081453634085213)(60,0.5033113496271391)(70,0.5396283524904215)(80,null)(90,null)(100,null)(110,null)(120,null)(130,null)(140,null)(150,null)(160,null)(170,null)
};
\addlegendentry{Natural\_Neg}

\addplot[color=green,mark=*] coordinates {
(20,0.39571428571428574)(30,0.5972549019607843)(40,0.6644522144522144)(50,0.615146379044684)(60,0.5086357713387645)(70,0.4804010025062656)(80,0.4824193426805367)(90,0.5136072261072261)(100,0.5514102564102564)(110,0.570989010989011)(120,0.6456333140543667)(130,0.6242047426257953)(140,0.6085213032581452)(150,0.6058360937308306)(160,0.5898212898212898)(170,0.5953458306399482)
};
\addlegendentry{All\_together}

\addplot[color=green,mark=*] coordinates {
(20,0.47719298245614034)(30,0.4605263157894736)(40,null)(50,0.5179120879120879)(60,0.5173333333333333)(70,0.4959848484848485)(80,0.5160714285714285)(90,0.5732142857142858)(100,0.5889523809523809)(110,0.5713157894736842)(120,0.6225062656641603)(130,0.6157393483709273)(140,0.6192894824473771)(150,0.6504860636439584)(160,0.6803561935140883)(170,0.7194976076555023)
};
\addlegendentry{Hungarian}

\addplot[color=green,mark=*] coordinates {
(20,0.65)(30,0.6590909090909091)(40,0.6062049062049061)(50,0.49144144144144136)(60,0.39276741776741775)(70,0.47060887512899896)(80,0.43727205945899233)(90,0.40996993810786914)(100,0.41344396344396345)(110,0.4436507936507937)(120,0.5301587301587302)(130,0.5696969696969696)(140,0.633939393939394)(150,0.6301587301587303)(160,0.6301587301587303)(170,0.5501587301587302)
};
\addlegendentry{French}

\addplot[color=green,mark=*] coordinates {
(20,0.6720588235294118)(30,0.675)(40,0.6499623352165724)(50,0.5678571428571428)(60,0.47155463538072234)(70,0.4733780108780108)(80,0.5087075860957876)(90,0.5258845610932725)(100,0.5468478889531521)(110,0.6444444444444444)(120,0.7219588744588745)(130,0.754383116883117)(140,0.7531468531468531)(150,0.7787878787878789)(160,0.7727272727272727)(170,0.7054545454545454)
};
\addlegendentry{Portuguese}

\addplot[color=green,mark=*] coordinates {
(20,0.6802458296751537)(30,0.6855983772819473)(40,0.5865375418460068)(50,0.5634920634920635)(60,0.4707612014993209)(70,0.4909090909090909)(80,0.5192829457364342)(90,0.5253102267864784)(100,0.5463136682648878)(110,0.5554092965857672)(120,0.693288084464555)(130,0.7339348370927319)(140,0.6655555555555556)(150,0.71)(160,0.8454545454545455)(170,0.7733333333333333)
};
\addlegendentry{Russian}

\addplot[color=green,mark=*] coordinates {
(20,0.68)(30,0.68)(40,0.6888888888888889)(50,0.6006926406926407)(60,0.5049143377123254)(70,0.4677042483660131)(80,0.5566659841659841)(90,0.5887646793134598)(100,0.5859575704736995)(110,0.6899711399711399)(120,0.663145743145743)(130,0.6796296296296296)(140,0.6643809523809524)(150,0.8055555555555556)(160,0.7993737373737374)(170,0.8261904761904763)
};
\addlegendentry{Arabic}

