size	dial	Natural_Neg	All_together	Hungarian	French	Portuguese	Russian	Arabic	German
10	10	0	0	0	0	0	0	0	0
20	20	0.014814814814814814	0.012903225806451613	0.02142857142857143	0.014814814814814814	0.014285714285714285	0.0125	0.010909090909090908	0.027586206896551724
30	30	0.021957671957671957	0.048591318591318586	0.04101190476190476	0.04914083362359224	0.05014430014430014	0.03812483812483812	0.04626984126984127	0.05550828481862964
40	40	0.03679283679283679	0.08139430014430014	0.06681835637480799	0.07672704052014397	0.07425828481862964	0.059153602961652486	0.06871519795657725	0.06344479275513758
50	50	0.037321937321937323	0.08139430014430014	0.06681835637480799	0.07603738534773018	0.07610064935064935	0.059153602961652486	0.0619941553903818	0.06598906157847617
60	60	0.05658119658119658	0.08139430014430014	0.08162098795375536	0.0782596075699524	0.07295911495911496	0.0637287663603453	0.06742007313435885	0.07849502058054196
70	70	0.04917378917378917	0.08139430014430014	0.08162098795375536	0.0782596075699524	0.06495911495911497	0.057115009746588695	0.0558016058016058	0.07849502058054196
80	80	0.0629100529100529	0.12567180424939045	0.08305019305019305	0.08344479275513758	0.0764798522863039	0.0637287663603453	0.06885521885521885	0.09851628205354568
90	90	0.0629100529100529	0.12567180424939045	0.07971988795518206	0.08487336418370901	0.0764798522863039	0.0637287663603453	0.0646268890454937	0.09772263125989489
100	100	0.06952380952380952	0.13159189222593004	0.09191846951546576	0.07871572871572871	0.07588696691080983	0.07123700054734537	0.06575498575498576	0.089985684813271
110	110	0.05629629629629629	0.15377786017385572	0.10494675292914471	0.0784126984126984	0.09134310134310133	0.07231555162589645	0.0735672514619883	0.089985684813271
120	120	0.0431967776795363	0.17268776006262104	0.12303154170358865	0.10883141762452106	0.11714955295600456	0.0904003404003404	0.10670736670736672	0.1084375651448822