size	dial	Natural_Neg	All_together	Hungarian	Portuguese	Russian
30	30	0.14553775743707092	0.37894736842105264	0.18764302059496568	0.18764302059496568	0.30938215102974825
40	40	0.008695652173913044	0.2	0.008695652173913044	0.008695652173913044	0.13043478260869565
50	50	0.05080091533180777	0.24210526315789474	0.05080091533180777	0.05080091533180777	0.17254004576659038
60	60	0.042105263157894736	0.11746758199847443	0.11746758199847443	0.11746758199847443	0.23920671243325703
70	70	0	0.07536231884057971	0.07536231884057971	0.07536231884057971	0.1971014492753623
80	80	0	0.008695652173913044	0.008695652173913044	0.008695652173913044	0.13043478260869565
90	90	0	0.008695652173913044	0.008695652173913044	0.008695652173913044	0.13043478260869565
100	100	0	0.008695652173913044	0.008695652173913044	0.008695652173913044	0.13043478260869565
110	110	0	0.008695652173913044	0.008695652173913044	0.008695652173913044	0.13043478260869565
120	120	0	0.008695652173913044	0.008695652173913044	0.008695652173913044	0.13043478260869565
130	130	0	0.008695652173913044	0	0.008695652173913044	0
140	140	0	0.008695652173913044	0	0.008695652173913044	0
150	150	0	0.017786561264822136	0	0.017786561264822136	0