\addplot[color=green,mark=*] coordinates {
(20,20)(40,40)(60,60)(80,80)(100,100)(120,120)(140,140)(160,160)(180,180)(200,200)(220,220)(240,240)
};
\addlegendentry{dial}

\addplot[color=green,mark=*] coordinates {
(20,0.06043956043956045)(40,0.07472527472527472)(60,0.07472527472527472)(80,0.046153846153846156)(100,0)(120,0)(140,0)(160,0)(180,0)(200,0)(220,0)(240,0)
};
\addlegendentry{Natural\_Neg}

\addplot[color=green,mark=*] coordinates {
(20,0.13076923076923078)(40,0.12857142857142856)(60,0.1)(80,0.13076923076923075)(100,0.2032967032967033)(120,0.17472527472527472)(140,0.15934065934065936)(160,0.11428571428571428)(180,0.15714285714285714)(200,0.14285714285714285)(220,0.12857142857142856)(240,0.04285714285714286)
};
\addlegendentry{All\_together}

\addplot[color=green,mark=*] coordinates {
(20,0.11538461538461538)(40,0.11428571428571428)(60,0.11538461538461538)(80,0.11648351648351647)(100,0.13186813186813187)(120,0.06043956043956045)(140,0.1)(160,0.1)(180,0.11428571428571428)(200,0.1)(220,0.05714285714285714)(240,0.014285714285714285)
};
\addlegendentry{Hungarian}

\addplot[color=green,mark=*] coordinates {
(20,0.14615384615384616)(40,0.17472527472527472)(60,0.14615384615384613)(80,0.14615384615384613)(100,0.14615384615384613)(120,0.11758241758241757)(140,0.13076923076923078)(160,0.1)(180,0.11428571428571428)(200,0.11428571428571428)(220,0.1)(240,0.014285714285714285)
};
\addlegendentry{French}

\addplot[color=green,mark=*] coordinates {
(20,0.14615384615384616)(40,0.17472527472527472)(60,0.14615384615384613)(80,0.11868131868131868)(100,0.13406593406593406)(120,0.13406593406593406)(140,0.1758241758241758)(160,0.1)(180,0.11428571428571428)(200,0.11428571428571428)(220,0.1)(240,0.014285714285714285)
};
\addlegendentry{Portuguese}

\addplot[color=green,mark=*] coordinates {
(20,0.14615384615384616)(40,0.16043956043956045)(60,0.14615384615384613)(80,0.10329670329670329)(100,0.06043956043956045)(120,0.046153846153846156)(140,0.13076923076923078)(160,0.1)(180,0.07142857142857142)(200,0.014285714285714285)(220,0.014285714285714285)(240,0)
};
\addlegendentry{Russian}

\addplot[color=green,mark=*] coordinates {
(20,0.06043956043956045)(40,0.07472527472527472)(60,0.1054945054945055)(80,0.09120879120879122)(100,0.09120879120879122)(120,0.07692307692307693)(140,0.14615384615384616)(160,0.1)(180,0.08571428571428572)(200,0.08571428571428572)(220,0.02857142857142857)(240,0)
};
\addlegendentry{Arabic}

\addplot[color=green,mark=*] coordinates {
(20,0.06043956043956045)(40,0.08901098901098901)(60,0.07472527472527472)(80,0.06043956043956045)(100,0.11758241758241758)(120,0.06043956043956045)(140,0.14505494505494504)(160,0.14505494505494504)(180,0.12857142857142856)(200,0.11428571428571428)(220,0.014285714285714285)(240,0.02857142857142857)
};
\addlegendentry{German}

