size	dial	Natural_Neg	All_together	Hungarian	French	Portuguese	Russian	Arabic	German
20	20	0.004651162790697674	0	0.004651162790697674	0	0	0.004651162790697674	0	0.00952921157118548
40	40	0.004651162790697674	0	0.004651162790697674	0	0	0.004651162790697674	0	0.004651162790697674
60	60	0.00952921157118548	0.004878048780487805	0.024390243902439025	0	0	0.014180374361883153	0.004651162790697674	0.024163357912648894
80	80	0	0	0.014634146341463414	0	0	0	0	0.019897304236200255
100	100	0.004651162790697674	0	0.019285309132161088	0	0	0.004651162790697674	0.004878048780487805	0.014634146341463414
120	120	0	0	0.00952921157118548	0	0	0	0.004878048780487805	0.014634146341463414
140	140	0	0.004651162790697674	0	0	0	0	0	0.00975609756097561
160	160	0	0.004878048780487805	0.019285309132161088	0	0	0	0.014634146341463414	0.00975609756097561
180	180	0	0.004878048780487805	0.00975609756097561	0	0	0	0.004878048780487805	0.00975609756097561
200	200	0	0.005263157894736842	0	0	0	0.005263157894736842	0	0
220	220	0	0.005263157894736842	0	0	0	0.005263157894736842	0	0
240	240	0	0.005263157894736842	0	0	0	0	0	0