\addplot[color=green,mark=*] coordinates {
(20,20)(30,30)(40,40)(50,50)(60,60)(70,70)(80,80)(90,90)(100,100)(110,110)(120,120)(130,130)(140,140)(150,150)(160,160)(170,170)
};
\addlegendentry{dial}

\addplot[color=green,mark=*] coordinates {
(20,0)(30,0)(40,0)(50,0.04444444444444444)(60,0.04444444444444444)(70,0.046153846153846156)(80,0.09230769230769231)(90,0.096)(100,0.05454545454545454)(110,0.05454545454545454)(120,0.05454545454545454)(130,0.05714285714285714)(140,0.05714285714285714)(150,0.06)(160,0.06)(170,0.06315789473684211)
};
\addlegendentry{Natural\_Neg}

\addplot[color=green,mark=*] coordinates {
(20,0)(30,0)(40,0)(50,0.019047619047619046)(60,0.02608695652173913)(70,0.029268292682926828)(80,0.05333333333333333)(90,0.08932806324110672)(100,0.07380699893955461)(110,0.18114435505739854)(120,0.19566172957477307)(130,0.19767853629746215)(140,0.20709030100334447)(150,0.23743512858955138)(160,0.23743512858955138)(170,0.21715617715617713)
};
\addlegendentry{All\_together}

\addplot[color=green,mark=*] coordinates {
(20,0)(30,0)(40,0)(50,0.04444444444444444)(60,0.04285714285714286)(70,0.04444444444444444)(80,0.045454545454545456)(90,0.06666666666666668)(100,0.06979472140762463)(110,0.11168831168831168)(120,0.13454545454545455)(130,0.1373040752351097)(140,0.1612121212121212)(150,0.15064935064935064)(160,0.15064935064935064)(170,0.1548821548821549)
};
\addlegendentry{Hungarian}

\addplot[color=green,mark=*] coordinates {
(20,0)(30,0)(40,0)(50,0.04)(60,0.03636363636363636)(70,0.041025641025641026)(80,0.05128205128205128)(90,0.07878787878787878)(100,0.08269794721407624)(110,0.125974025974026)(120,0.15454545454545454)(130,0.15824915824915825)(140,0.15824915824915825)(150,0.16654545454545455)(160,0.15454545454545454)(170,0.15454545454545454)
};
\addlegendentry{French}

\addplot[color=green,mark=*] coordinates {
(20,0)(30,0)(40,0)(50,0.02608695652173913)(60,0.04081632653061225)(70,0.034782608695652174)(80,0.05555555555555556)(90,0.06818181818181819)(100,0.07335423197492164)(110,0.16566192428261395)(120,0.19324813117916567)(130,0.10389610389610389)(140,0.10707070707070707)(150,0.1367003367003367)(160,0.14125874125874127)(170,0.14125874125874127)
};
\addlegendentry{Portuguese}

\addplot[color=green,mark=*] coordinates {
(20,0)(30,0)(40,0)(50,0.03636363636363636)(60,0.03428571428571429)(70,0.03529411764705882)(80,0.06451612903225806)(90,0.07744107744107745)(100,0.07972027972027973)(110,0.11854545454545455)(120,0.1104895104895105)(130,0.1104895104895105)(140,0.11418181818181819)(150,0.1181818181818182)(160,0.1104895104895105)(170,0.1104895104895105)
};
\addlegendentry{Russian}

\addplot[color=green,mark=*] coordinates {
(20,0)(30,0)(40,0)(50,0.021818181818181816)(60,0.032432432432432434)(70,0.03333333333333333)(80,0.06486486486486487)(90,0.09318181818181819)(100,0.09090909090909091)(110,0.13196480938416422)(120,0.11229946524064172)(130,0.11229946524064172)(140,0.11229946524064172)(150,0.1461818181818182)(160,0.0813397129186603)(170,0.07818181818181817)
};
\addlegendentry{Arabic}

