\addplot[color=green,mark=*] coordinates {
(30,30)(60,60)(90,90)(120,120)(150,150)(180,180)(210,210)(240,240)(270,270)(300,300)(330,330)
};
\addlegendentry{dial}

\addplot[color=green,mark=*] coordinates {
(30,0.02629190607311971)(60,0.060530335469066845)(90,0.057835952741267106)(120,0.043020389941269575)(150,0.045490464137037064)(180,0.03331760437591919)(210,0.038423590340569684)(240,0.04128692062253765)(270,0.042055380361929566)(300,0.051043018183513256)(330,0.038710846512885186)
};
\addlegendentry{Natural\_Neg}

\addplot[color=green,mark=*] coordinates {
(30,0.02945807116371767)(60,0.05985656335019869)(90,0.058601479240125286)(120,0.039598637471560436)(150,0.053404786217568855)(180,0.05854286909854609)(210,0.062388054985161964)(240,0.07491967638748166)(270,0.07006340204757322)(300,0.07072310054118303)(330,0.07211682876417955)
};
\addlegendentry{\_All\_together}

\addplot[color=green,mark=*] coordinates {
(30,0.02495706765670013)(60,0.060864843409598024)(90,0.06958549009214443)(120,0.06254740867154865)(150,0.048180543933646985)(180,0.058882701955124794)(210,0.0593020614823971)(240,0.07080073927340635)(270,0.0634490341234826)(300,0.0634490341234826)(330,0.0641483348227833)
};
\addlegendentry{\_Hungarian}

\addplot[color=green,mark=*] coordinates {
(30,0.02426020354520187)(60,0.059194278758746034)(90,0.060929353378874396)(120,0.04895397578625219)(150,0.05234867664169478)(180,0.06547668381200757)(210,0.06413856868523032)(240,0.07284457260173108)(270,0.06802175842557544)(300,0.06799180174677145)(330,0.067327205734698)
};
\addlegendentry{\_Portuguese}

\addplot[color=green,mark=*] coordinates {
(30,0.02286769361610658)(60,0.05847476773185112)(90,0.0634282911267263)(120,0.04233351639265548)(150,0.0506207866177921)(180,0.058557139353389055)(210,0.05861133674303583)(240,0.07001413374556553)(270,0.06240130136843277)(300,0.06475542972219246)(330,0.06345375778904709)
};
\addlegendentry{\_Russian}

\addplot[color=green,mark=*] coordinates {
(30,0.026002363823947515)(60,0.04683322029680258)(90,0.050645736352875545)(120,0.0512424730879988)(150,0.04922360154857931)(180,0.05751306148004287)(210,0.061364213668983245)(240,0.06766606906556542)(270,0.06833317437347651)(300,0.06516732919293036)(330,0.06760635358317427)
};
\addlegendentry{\_Hungarian+\_Japanese+\_Chinese+\_Finish}

\addplot[color=green,mark=*] coordinates {
(30,0.043659038922988135)(60,0.07436597813310204)(90,0.058176476452926985)(120,0.04063804506489137)(150,0.05409083692044041)(180,0.057157494296872266)(210,0.05963040586820308)(240,0.06696798666016593)(270,0.06010802998896027)(300,0.06795118116938118)(330,0.057986313093921715)
};
\addlegendentry{\_Hungarian+\_Japanese+\_Finish}

