size	dial	Natural_Neg	All_together	Hungarian	Portuguese	Russian	Arabic
10	10	0.7003469666483919	0.5962372414428089	0.6289659186478072	0.7110396129028931	0.6173521887852707	0.6022547310008777
20	20	0.8901892727703485	0.7602106885615874	0.8359688165214448	0.8959935401259402	0.8183980961166615	0.8056589620149521
30	30	0.9209390741984578	0.8085252131009181	0.8757998363081156	0.9205249542126053	0.8701235904263311	0.8327989698257297
40	40	0.9222009423569439	0.8284857557740178	0.9094888848685926	0.9216096677053718	0.888799019282802	0.8522084063943467
50	50	0.9273766002073239	0.8564147624981375	0.9169807887225694	0.9265420725772465	0.9196133741037109	0.8744296792952875
60	60	0.9163256592691342	0.8752698698884911	0.9146484237992393	0.9228754737965941	0.9164203090021216	0.883592548019358
70	70	0.9229458064068898	0.8886476892793148	0.915428670616764	0.9225855840503507	0.9235767232376448	0.8890586618479939
80	80	0.929060552274693	0.8916549945804206	0.9198759198076962	0.9273731278918979	0.9288057023811614	0.9025706384058294
90	90	0.9359349908173968	0.8987204026756777	0.9290553623899174	0.9343226382994306	0.935505650449526	0.9108100529630236
100	100	0.928978205851192	0.9108612940207893	0.9217834157732329	0.9352169281917471	0.9367492321993138	0.9162904182285947
110	110	0.9287973040540773	0.9067434243756456	0.9257376146984138	0.9284968552793325	0.9302248756667005	0.9136583998674815
120	120	0.9303413812222603	0.9082523456732228	0.9266149886631544	0.9298669518371604	0.9313559152793743	0.914556967622587
130	130	0.9304052069193135	0.914151352598133	0.9289202096849865	0.9297504263843791	0.9312360453482456	0.9162545671042759
140	140	0.9304653458198766	0.9167793255109119	0.9292090509610004	0.9298669518371604	0.9312935255860652	0.9168133893591811
150	150	0.9261087046732799	0.9171511727218581	0.9319472524975371	0.9326006931843356	0.9338571905370877	0.9184433403045131
160	160	0.9341664428107224	0.9226071855976494	0.9319458494932729	0.9340417307610094	0.9337402227166512	0.9188312435064206
170	170	0.9340535350270459	0.9301606479762983	0.9318808536310268	0.9405263091933287	0.9406255861146366	0.9192667814255353
180	180	0.934291240877825	0.9307975803214619	0.9318810343018619	0.9407620301403657	0.9407444714765182	0.9201396002320823
190	190	0.9343423875101188	0.9321296520237718	0.9319393797973541	0.9408223462259576	0.9406252965343154	0.9207663878882274
200	200	0.9357701618961707	0.9332300943966267	0.9319356001949555	0.9420756750698208	0.9432112609301886	0.9227918690475623
210	210	0.9333206417972637	0.9338080682801193	0.9393274338440205	0.9420756750698208	0.9427335031848475	0.9303216689720791
220	220	0.9330859956809592	0.9343929703961606	0.9322891803431391	0.9421357787385649	0.936209024068767	0.9233212453090894
230	230	0.9331903126981768	0.9342764970154273	0.9392598849134476	0.9420756750698208	0.9427932314452819	0.9306798652494856
240	240	0.924991301940065	0.9348019856496782	0.9393247001802913	0.942075232560914	0.9429701591783116	0.9240999803243138