size	dial	Natural_Neg	All_together	Hungarian	Portuguese	Russian	Arabic
10	10	0	0	0	0	0	0
20	20	0	0	0	0	0	0
30	30	0	0	0	0	0	0
40	40	0.0125	0.025	0.025	0.0125	0.0125	0.0125
50	50	0.0125	0.0375	0.025	0.0125	0.0125	0.0125
60	60	0.0125	0.025	0.025	0.0125	0.0125	0.0125
70	70	0.0125	0.0125	0.0125	0.0125	0.0125	0.0125
80	80	0.0125	0.0125	0.0125	0.0125	0.0125	0.0125
90	90	0.0125	0.025	0.0125	0.0125	0.0125	0.0125
100	100	0.0125	0.025	0.0125	0.0125	0.0125	0.0125
110	110	0.02426470588235294	0.025	0.02426470588235294	0.02426470588235294	0.02426470588235294	0.02426470588235294
120	120	0.02426470588235294	0.03676470588235294	0.02426470588235294	0.02426470588235294	0.02426470588235294	0.02426470588235294
130	130	0.02426470588235294	0.03676470588235294	0.02426470588235294	0.02426470588235294	0.02426470588235294	0.02426470588235294
140	140	0.02426470588235294	0.051050420168067226	0.03855042016806722	0.02426470588235294	0.03855042016806722	0.02426470588235294
150	150	0.02426470588235294	0.051050420168067226	0.03855042016806722	0.02426470588235294	0.03855042016806722	0.02426470588235294
160	160	0.02426470588235294	0.06521708683473389	0.06521708683473389	0.0509313725490196	0.06521708683473389	0.0509313725490196
170	170	0.02426470588235294	0.06521708683473389	0.06521708683473389	0.0509313725490196	0.06521708683473389	0.0509313725490196