\addplot[color=green,mark=*] coordinates {
(20,20)(30,30)(40,40)(50,50)(60,60)(70,70)(80,80)(90,90)(100,100)
};
\addlegendentry{dial}

\addplot[color=green,mark=*] coordinates {
(20,0.016025641025641024)(30,0.016025641025641024)(40,0.016025641025641024)(50,0.016025641025641024)(60,0.016025641025641024)(70,0.016025641025641024)(80,0.016025641025641024)(90,0.016025641025641024)(100,0.008333333333333333)
};
\addlegendentry{Natural\_Neg}

\addplot[color=green,mark=*] coordinates {
(20,0.017424242424242425)(30,0.017424242424242425)(40,0.017424242424242425)(50,0.008333333333333333)(60,0.008333333333333333)(70,0.008333333333333333)(80,0)(90,0)(100,0)
};
\addlegendentry{All\_together}

\addplot[color=green,mark=*] coordinates {
(20,0.008333333333333333)(30,0.008333333333333333)(40,0.008333333333333333)(50,0.008333333333333333)(60,0.008333333333333333)(70,0.008333333333333333)(80,0.008333333333333333)(90,0.008333333333333333)(100,0.008333333333333333)
};
\addlegendentry{Hungarian}

\addplot[color=green,mark=*] coordinates {
(20,0.016025641025641024)(30,0.008333333333333333)(40,0.008333333333333333)(50,0.008333333333333333)(60,0.008333333333333333)(70,0.008333333333333333)(80,0.008333333333333333)(90,0.008333333333333333)(100,0.008333333333333333)
};
\addlegendentry{French}

\addplot[color=green,mark=*] coordinates {
(20,0.008333333333333333)(30,0)(40,0)(50,0)(60,0.008333333333333333)(70,0.008333333333333333)(80,0.008333333333333333)(90,0.008333333333333333)(100,0.008333333333333333)
};
\addlegendentry{Portuguese}

\addplot[color=green,mark=*] coordinates {
(20,0.008333333333333333)(30,0)(40,0)(50,0)(60,0)(70,0)(80,0)(90,0)(100,0)
};
\addlegendentry{Russian}

\addplot[color=green,mark=*] coordinates {
(20,0)(30,0)(40,0)(50,0)(60,0)(70,0)(80,0)(90,0)(100,0)
};
\addlegendentry{Chinese}

