size	dial	Natural_Neg	All_together	Hungarian	French	Portuguese	Russian	Arabic	German
10	10	0	0.037222222222222226	0.03321917808219178	0.037606837606837605	0.04722222222222222	0.05347985347985348	0.055714285714285716	0.030018761726078803
20	20	0	0.026099290780141844	0.0058823529411764705	0.016	0.023076923076923078	0.05067873303167421	0.06776470588235295	0.03876923076923077
30	30	0	0.04660991182730313	0.01608187134502924	0.016	0.016666666666666666	0.03891402714932127	0.06527777777777778	0.021496598639455782
40	40	0	0.032996632996632996	0.016005767844268205	0.015384615384615385	0.016666666666666666	0.015384615384615385	0.05549038774845226	0.021176470588235293
50	50	0	0.033566433566433566	0.005194805194805195	0.015384615384615385	0.017391304347826087	0.026666666666666665	0.04968710888610763	0.021558441558441558
60	60	0	0.03722943722943723	0.014814814814814814	0.0125	0.023529411764705882	0.015384615384615385	0.06222910216718266	0.02
70	70	0	0.0125	0.014285714285714285	0	0	0.016666666666666666	0.06339869281045751	0
80	80	0	0.025	0.014285714285714285	0	0	0	0.025	0
90	90	0	0.025	0.014285714285714285	0	0	0	0.014285714285714285	0
100	100	0	0.025	0	0	0	0	0.014285714285714285	0
110	110	0	0	0	0	0	0	0	0
120	120	0	0	0	0	0	0	0	0