\addplot[color=green,mark=*] coordinates {
(30,30)(60,60)(90,90)(120,120)(150,150)(180,180)(210,210)(240,240)(270,270)(300,300)(330,330)(360,360)
};
\addlegendentry{dial}

\addplot[color=green,mark=*] coordinates {
(30,0.013970588235294118)(60,0.027432126696832575)(90,0.05376546003016591)(120,0.0478510913799482)(150,0.0478510913799482)(180,0.05539826119126896)(210,0.10795175240216211)(240,0.13026502459057304)(270,0.1453768063412253)(300,0.143591092055511)(330,0.11831490547613295)(360,0.091085900666662)
};
\addlegendentry{Natural\_Neg}

\addplot[color=green,mark=*] coordinates {
(30,0.018137254901960782)(60,0.00625)(90,0.042333333333333334)(120,0.08706141324454311)(150,0.14259717910571573)(180,0.15062608316031229)(210,0.20255200592419284)(240,0.26648481054095974)(270,0.3085461597540847)(300,0.31062949308741805)(330,0.336286564426592)(360,0.336286564426592)
};
\addlegendentry{\_All\_together}

\addplot[color=green,mark=*] coordinates {
(30,0.013970588235294118)(60,0.027432126696832575)(90,0.056303921568627444)(120,0.07561579726230114)(150,0.11659169662368236)(180,0.13477716430734354)(210,0.19472906959776162)(240,0.2224413083394121)(270,0.23985091732088568)(300,0.24097271219268057)(330,0.28606794341119085)(360,0.2837880691973544)
};
\addlegendentry{\_Hungarian}

\addplot[color=green,mark=*] coordinates {
(30,0.013970588235294118)(60,0.027432126696832575)(90,0.056303921568627444)(120,0.10465760266370698)(150,0.1505388535984446)(180,0.1522036704685889)(210,0.21178277061372675)(240,0.2319292907602469)(270,0.24065809378749492)(300,0.25524142712082826)(330,0.25544600977221943)(360,0.2286317862598827)
};
\addlegendentry{\_Portuguese}

\addplot[color=green,mark=*] coordinates {
(30,0.01605392156862745)(60,0.029515460030165912)(90,0.0583872549019608)(120,0.08358148353681097)(150,0.10286620642760394)(180,0.12105167411126512)(210,0.18666395676017375)(240,0.204887399983617)(270,0.2054624376910076)(300,0.19857141204998194)(330,0.21246377750680295)(360,0.21246377750680295)
};
\addlegendentry{\_Russian}

