\addplot[color=green,mark=*] coordinates {
(30,30)(40,40)(50,50)(60,60)(70,70)(80,80)(90,90)(100,100)(110,110)(120,120)
};
\addlegendentry{dial}

\addplot[color=green,mark=*] coordinates {
(30,0.7471206504405503)(40,0.797151663933738)(50,0.8152408965635765)(60,0.808532162522259)(70,0.8446846431628845)(80,0.8721023213326239)(90,0.8759842364030972)(100,0.8994824088086497)(110,0.8835539066145429)(120,0.8783977652240065)
};
\addlegendentry{Natural\_Neg}

\addplot[color=green,mark=*] coordinates {
(30,0.7442528401498109)(40,0.7775427375648374)(50,0.7713593540578408)(60,0.7794465564493789)(70,0.7783444650768626)(80,0.785207384765702)(90,0.7970371414449205)(100,0.8168789924754531)(110,0.8121546021049241)(120,0.8247449308559223)
};
\addlegendentry{All\_together}

\addplot[color=green,mark=*] coordinates {
(30,0.7507132908657529)(40,0.758986803313287)(50,0.7882511040731298)(60,0.7812120901099276)(70,0.7600412298741376)(80,0.7937896686260937)(90,0.8003250055546577)(100,0.8191073428176529)(110,0.8084449559954192)(120,0.8239899709739733)
};
\addlegendentry{Hungarian}

\addplot[color=green,mark=*] coordinates {
(30,0.6743665394947586)(40,0.7519623207142389)(50,0.7813946299486683)(60,0.7944912683659302)(70,0.8187716270756026)(80,0.8077752311291464)(90,0.8190129839022535)(100,0.8420637366596354)(110,0.8344318811340512)(120,0.8404501626896541)
};
\addlegendentry{French}

\addplot[color=green,mark=*] coordinates {
(30,0.6155815731610275)(40,0.7216162512210809)(50,0.7651597871556233)(60,0.7983040372358803)(70,0.8096374914109825)(80,0.8101078646795952)(90,0.8093984213109723)(100,0.81277397850206)(110,0.8018288872154231)(120,0.8110893335148776)
};
\addlegendentry{Portuguese}

\addplot[color=green,mark=*] coordinates {
(30,0.7175756360926187)(40,0.7695341765732611)(50,0.7949328199568063)(60,0.798005542457103)(70,0.7819126767110509)(80,0.7939647272698036)(90,0.7998123784017139)(100,0.8283062929189061)(110,0.8184115261609133)(120,0.8259015431917438)
};
\addlegendentry{Russian}

\addplot[color=green,mark=*] coordinates {
(30,0.7196751104555036)(40,0.7710927037661448)(50,0.7214576303308526)(60,0.7463059291425743)(70,0.7472471370557698)(80,0.7580650932003995)(90,0.7669189668272569)(100,0.7855882841050386)(110,0.7636035291983874)(120,0.8151286974399332)
};
\addlegendentry{Arabic}

