\addplot[color=green,mark=*] coordinates {
(30,30)(40,40)(50,50)(60,60)(70,70)(80,80)(90,90)(100,100)(110,110)(120,120)(130,130)(140,140)(150,150)(160,160)(170,170)(180,180)(190,190)(200,200)(210,210)(220,220)(230,230)(240,240)(250,250)
};
\addlegendentry{dial}

\addplot[color=green,mark=*] coordinates {
(30,0.587333289816556)(40,0.6018140996135861)(50,0.6475144341868054)(60,0.7113285638091373)(70,0.7095983676976158)(80,0.7648863698416746)(90,0.7611954912833423)(100,0.754965145556309)(110,0.7547041168805405)(120,0.7469403187797182)(130,0.7698443133799875)(140,0.7790524411310709)(150,0.7738765689944705)(160,0.7764370665474302)(170,0.7832181071254471)(180,0.7548624276328532)(190,0.7898106708135314)(200,0.7920248853236427)(210,0.795515082146853)(220,0.7895028811309921)(230,0.7987775420193992)(240,0.7903274912570032)(250,0.7941513413432272)
};
\addlegendentry{Natural\_Neg}

\addplot[color=green,mark=*] coordinates {
(30,0.5896409759323886)(40,0.6410922974552605)(50,0.6564260112214032)(60,0.6955913934246125)(70,0.7165155389087237)(80,0.7628592031804782)(90,0.7702543555118481)(100,0.7757504486991257)(110,0.7779962664779029)(120,0.7632463641357046)(130,0.7715394019882271)(140,0.7840306121148074)(150,0.7868578341218575)(160,0.7982540847852472)(170,0.8069108162716094)(180,0.800240468937082)(190,0.8097857914365367)(200,0.8088494191794291)(210,0.8065772870253458)(220,0.7981204449704423)(230,0.7946358414124075)(240,0.7965178511540982)(250,0.795905637022544)
};
\addlegendentry{All\_together}

\addplot[color=green,mark=*] coordinates {
(30,0.5893888032967973)(40,0.6118238299989406)(50,0.6538272045354037)(60,0.7116244156863314)(70,0.7037508666626785)(80,0.7585341506313925)(90,0.7645502045860575)(100,0.7485686905665421)(110,0.7546519791125783)(120,0.7475415361674209)(130,0.7551499121413103)(140,0.7749043490778933)(150,0.7761341042660488)(160,0.777687708362806)(170,0.806014761774799)(180,0.7923616134722425)(190,0.8085616051306779)(200,0.8142511224367117)(210,0.811702404848295)(220,0.8116866186145082)(230,0.8186984549291306)(240,0.8168129272590992)(250,0.8174158872765519)
};
\addlegendentry{Hungarian}

\addplot[color=green,mark=*] coordinates {
(30,0.583815541464402)(40,0.6256599889775674)(50,0.652676435798265)(60,0.7073287807359582)(70,0.7073306896355007)(80,0.7565756355203224)(90,0.7407702958057933)(100,0.7399775877262431)(110,0.7472881306544119)(120,0.7401959642276184)(130,0.7491575731996013)(140,0.76632247053891)(150,0.7624257591113215)(160,0.7671691106084741)(170,0.7733206990928821)(180,0.7583782405690174)(190,0.7780742188213687)(200,0.7838223564476623)(210,0.7825215566321035)(220,0.7771711284330544)(230,0.7771852290949572)(240,0.787077199233732)(250,0.7943253227985176)
};
\addlegendentry{French}

\addplot[color=green,mark=*] coordinates {
(30,0.5855004235275933)(40,0.6369149981900073)(50,0.6648628562819427)(60,0.7268215381589808)(70,0.7154485497337166)(80,0.7599765778094072)(90,0.7444992674800174)(100,0.7169455556308164)(110,0.7364198031268303)(120,0.7303177685521558)(130,0.7497637427855324)(140,0.7618652011269008)(150,0.7624450574275382)(160,0.7723015516202723)(170,0.7831464232381078)(180,0.7784163124553415)(190,0.7955715740220748)(200,0.7955549325359322)(210,0.7916892717921755)(220,0.7891662822666049)(230,0.7917205475408559)(240,0.7842423377339389)(250,0.7861489727677468)
};
\addlegendentry{Portuguese}

\addplot[color=green,mark=*] coordinates {
(30,0.6035854368681753)(40,0.6271277507377497)(50,0.6373472121006474)(60,0.6808929864462121)(70,0.6805935844059413)(80,0.7306205730319857)(90,0.7446019585636457)(100,0.7424954412711732)(110,0.7628349903133136)(120,0.766891952803477)(130,0.7850781763536938)(140,0.7831703664567546)(150,0.7786515976757336)(160,0.7935726752739725)(170,0.793964417975159)(180,0.7949075517432163)(190,0.8066875593796212)(200,0.8060710286360256)(210,0.8059895761805933)(220,0.7993651573299185)(230,0.7958905290857607)(240,0.7997296134860722)(250,0.8054473169501583)
};
\addlegendentry{Russian}

\addplot[color=green,mark=*] coordinates {
(30,0.6038886944614121)(40,0.6649136635411761)(50,0.6869109658458508)(60,0.7523892328222471)(70,0.7416404881416362)(80,0.7990362034111932)(90,0.7836118472901135)(100,0.765563657064228)(110,0.7789171252755962)(120,0.7699674185930807)(130,0.7702677514949025)(140,0.7785978848019398)(150,0.7740828049559833)(160,0.7979219789802838)(170,0.8021170292020237)(180,0.7884444229078037)(190,0.7973389584860857)(200,0.79224492349436)(210,0.794480070722597)(220,0.7907583165484102)(230,0.7945375579022361)(240,0.7954951262007826)(250,0.8027834785410622)
};
\addlegendentry{Arabic}

