\addplot[color=green,mark=*] coordinates {
(10,10)(20,20)(30,30)(40,40)(50,50)(60,60)(70,70)(80,80)(90,90)(100,100)(110,110)(120,120)
};
\addlegendentry{dial}

\addplot[color=green,mark=*] coordinates {
(10,0)(20,0.008)(30,0.011846153846153847)(40,0.020012820512820516)(50,0.020012820512820516)(60,0.031551282051282055)(70,0.027384615384615386)(80,0.03538461538461539)(90,0.03538461538461539)(100,0.039384615384615386)(110,0.031384615384615386)(120,0.023538461538461543)
};
\addlegendentry{Natural\_Neg}

\addplot[color=green,mark=*] coordinates {
(10,0)(20,0.008)(30,0.03538461538461539)(40,0.055384615384615386)(50,0.055384615384615386)(60,0.055384615384615386)(70,0.055384615384615386)(80,0.08204558404558406)(90,0.08204558404558406)(100,0.09004558404558405)(110,0.1023789173789174)(120,0.11391737891737892)
};
\addlegendentry{All\_together}

\addplot[color=green,mark=*] coordinates {
(10,0)(20,0.012)(30,0.027846153846153843)(40,0.04384615384615385)(50,0.04384615384615385)(60,0.055384615384615386)(70,0.055384615384615386)(80,0.055384615384615386)(90,0.05138461538461538)(100,0.06338461538461539)(110,0.0713846153846154)(120,0.08276923076923078)
};
\addlegendentry{Hungarian}

\addplot[color=green,mark=*] coordinates {
(10,0)(20,0.008)(30,0.031538461538461536)(40,0.04753846153846154)(50,0.04753846153846154)(60,0.05138461538461538)(70,0.05138461538461538)(80,0.055384615384615386)(90,0.055384615384615386)(100,0.05138461538461538)(110,0.05138461538461538)(120,0.07076923076923078)
};
\addlegendentry{French}

\addplot[color=green,mark=*] coordinates {
(10,0)(20,0.008)(30,0.03538461538461539)(40,0.04753846153846154)(50,0.047705128205128206)(60,0.047551282051282055)(70,0.04338461538461539)(80,0.05138461538461538)(90,0.05138461538461538)(100,0.05138461538461538)(110,0.05955128205128206)(120,0.07493589743589743)
};
\addlegendentry{Portuguese}

\addplot[color=green,mark=*] coordinates {
(10,0)(20,0.008)(30,0.02353846153846154)(40,0.03553846153846153)(50,0.03553846153846153)(60,0.039384615384615386)(70,0.03538461538461539)(80,0.039384615384615386)(90,0.039384615384615386)(100,0.04338461538461539)(110,0.04355128205128205)(120,0.05493589743589743)
};
\addlegendentry{Russian}

\addplot[color=green,mark=*] coordinates {
(10,0)(20,0.012)(30,0.039384615384615386)(40,0.05155128205128205)(50,0.047384615384615386)(60,0.05123076923076923)(70,0.039384615384615386)(80,0.05138461538461538)(90,0.047384615384615386)(100,0.047384615384615386)(110,0.05155128205128205)(120,0.0711025641025641)
};
\addlegendentry{Arabic}

\addplot[color=green,mark=*] coordinates {
(10,0)(20,0.016)(30,0.03569230769230769)(40,0.03984615384615385)(50,0.0396923076923077)(60,0.051230769230769226)(70,0.051230769230769226)(80,0.06307692307692307)(90,0.06307692307692307)(100,0.05907692307692307)(110,0.05907692307692307)(120,0.07061538461538462)
};
\addlegendentry{German}

