size	dial	Natural_Neg	All_together	Hungarian	Portuguese	Russian	Arabic
10	10	0.2704910128671277	0.34543747448152373	0.34407116626854867	0.2948828648600076	0.2930323395431197	0.3056862439386222
20	20	0.48839024234859185	0.5041293720828824	0.47955531140758934	0.49363636623097207	0.4675922856724409	0.48817341316185026
30	30	0.5505345977123443	0.556590546174256	0.540333790981073	0.5701270981136178	0.5486157710778206	0.5433008046852703
40	40	0.5622976239397133	0.5730458433294687	0.5683583212141652	0.5757060362779395	0.5568817147898655	0.5492358791108918
50	50	0.5669515737448135	0.5789630319849933	0.5645978291019271	0.57388971165155	0.5684434395299749	0.5632272695165145
60	60	0.5897373293633323	0.599943035273808	0.5808231927334188	0.5912746492069014	0.5862719298467786	0.5894849469656497
70	70	0.6134807723440012	0.612203645986767	0.5965913230378846	0.6108656928156078	0.6062768893536264	0.6032055478282494
80	80	0.597629736937215	0.6203113899589282	0.6015829114041369	0.6063985941668737	0.5989308191524767	0.6102196674495944
90	90	0.6176741945961955	0.6367175218215655	0.6241019566258416	0.6189822603008097	0.613453804788574	0.6224025300005431
100	100	0.6362163924633465	0.6450803456020634	0.6327090648832872	0.6376024212606517	0.6375210002362555	0.6327714164429457