size	dial	Natural_Neg	All_together	Hungarian	Portuguese	Russian	Arabic
10	10	0.0128	0.009790209790209791	0.009950248756218905	0.01707317073170732	0.009032258064516128	0.011666666666666667
20	20	0.09904761904761905	0.02978395061728395	0.017979797979797978	0.03984398439843985	0.030810810810810812	0.018873375060182957
30	30	0.019047619047619046	0.032861952861952856	0.008695652173913044	0.043768115942028986	0.021052631578947368	0.0125
40	40	0.02222222222222222	0.029924502402196296	0.009523809523809523	0.043768115942028986	0.021052631578947368	0.013333333333333332
50	50	0.02222222222222222	0.06896551724137931	0.011428571428571429	0.07049089906232764	0.00851063829787234	0.01111111111111111
60	60	0.023529411764705882	0.016	0.01111111111111111	0.07333333333333333	0.01111111111111111	0.014814814814814814
70	70	0	0.016	0.01111111111111111	0.09263854425144748	0.013333333333333332	0.013793103448275862
80	80	0	0.016	0.01111111111111111	0.07365079365079366	0.012903225806451613	0.013793103448275862
90	90	0	0.012121212121212121	0	0.055024390243902446	0.011764705882352941	0.013333333333333332
100	100	0	null	0.014814814814814814	0.05600000000000001	0.028431372549019607	0.03676470588235294
110	110	0	null	0	0.07972027972027973	0.03148148148148148	0.03
120	120	0	null	0	0.019047619047619046	0.03148148148148148	0.030459770114942532
130	130	0	null	0	0.01818181818181818	0.03266666666666666	0.03148148148148148
140	140	0	null	0	0	0.03148148148148148	0.03481481481481481
150	150	0	null	0	0	0.016666666666666666	0.014814814814814814
160	160	0	null	0	0	0.016666666666666666	0.014814814814814814
170	170	0	null	0	0	0.016666666666666666	0.015384615384615385
180	180	0	null	0.013333333333333332	0	0.019047619047619046	0.011764705882352941
190	190	0	null	0.01818181818181818	0	0.02	0.016
200	200	0	null	0	0.02222222222222222	0.02	0.016
210	210	0	null	0	0.021052631578947368	0.021052631578947368	0.016