size	dial	Natural_Neg	All_together	Hungarian	French	Portuguese	Russian	Arabic	German
20	20	0.025	0.0125	0.0125	0.025	0.0125	0.025	0.0125	0.0125
40	40	0.025	0.02426470588235294	0.0125	0.025	0.0125	0.025	0.0125	0.0125
60	60	0.0125	0.02426470588235294	0.0125	0.0125	0.0125	0.0125	0.0125	0.0125
80	80	0.0125	0.04926470588235295	0.0125	0.025	0.0375	0.0375	0.025	0.025
100	100	0.0125	0.03676470588235294	0.0125	0.0375	0.0125	0.0125	0.025	0.03676470588235294
120	120	0.0125	0.03676470588235294	0.0125	0.025	0.0125	0.0125	0.0125	0.025
140	140	0.0125	0.03676470588235294	0.0125	0.025	0.0125	0.0125	0.0125	0.0125
160	160	0.0125	0.02426470588235294	0.0125	0.025	0.0125	0.025	0.0125	0.0125
180	180	0	0	0.0125	0.0125	0.0125	0.0125	0.0125	0.0125
200	200	0	0	0	0.0125	0.0125	0.0125	0.0125	0.0125