\addplot[color=green,mark=*] coordinates {
(30,30)(40,40)(50,50)(60,60)(70,70)(80,80)(90,90)(100,100)(110,110)(120,120)(130,130)(140,140)(150,150)(160,160)(170,170)(180,180)(190,190)(200,200)(210,210)(220,220)(230,230)(240,240)(250,250)
};
\addlegendentry{dial}

\addplot[color=green,mark=*] coordinates {
(30,0.4165532685801593)(40,0.4323391933916322)(50,0.5670330615362074)(60,0.6084150834081017)(70,0.5996199375696083)(80,0.6076466207372697)(90,0.5646491869268446)(100,0.6901236236447544)(110,0.6837639340223561)(120,0.6676196980241056)(130,0.661771571912347)(140,0.6563293950415987)(150,0.6846285180791575)(160,0.6890322043405599)(170,0.6991860504944061)(180,0.6899449560184123)(190,0.6742601058162513)(200,0.6751851919762367)(210,0.6569945061335253)(220,0.6802034645805877)(230,0.6637279900409223)(240,0.6487934206518429)(250,0.6686036113140592)
};
\addlegendentry{Natural\_Neg}

\addplot[color=green,mark=*] coordinates {
(30,0.4204249919798483)(40,0.4933811112947099)(50,0.5877453110120593)(60,0.6347167238894913)(70,0.6378422756259505)(80,0.6715416520247665)(90,0.7556560284482627)(100,0.7528421994271441)(110,0.7539101023209773)(120,0.7689229778951528)(130,0.7929963694735603)(140,0.7928492774159832)(150,0.7914367928634698)(160,0.7916184074659564)(170,0.7942482802225284)(180,0.7970667240902628)(190,0.8133044020749288)(200,0.8081128257996228)(210,0.8084211618055643)(220,0.8092557011689736)(230,0.8093367109787735)(240,0.8052302203985022)(250,0.8220717628098722)
};
\addlegendentry{All\_together}

\addplot[color=green,mark=*] coordinates {
(30,0.42790877494226864)(40,0.4173343845726974)(50,0.5285489884365715)(60,0.5892490957920108)(70,0.6394867109680448)(80,0.6613056102863271)(90,0.6732145428034227)(100,0.6741993390926616)(110,0.7713771126285819)(120,0.7665311701090316)(130,0.7641248372556053)(140,0.7661780867160018)(150,0.7747072938465314)(160,0.7710756625020692)(170,0.7702306604552666)(180,0.7711867185541819)(190,0.7741039252874355)(200,0.7875261577727238)(210,0.7729787676914259)(220,0.7682606738013575)(230,0.7671466654294568)(240,0.7667433165375799)(250,0.7748313777725542)
};
\addlegendentry{Hungarian}

\addplot[color=green,mark=*] coordinates {
(30,0.41650315572982566)(40,0.5027101324895885)(50,0.569284794195695)(60,0.6153351023341271)(70,0.6381682057376484)(80,0.6853869629633631)(90,0.7649798845646074)(100,0.7716014795222955)(110,0.7675106001863111)(120,0.7656257540302749)(130,0.7867051538063571)(140,0.7887910958391193)(150,0.7991528314254441)(160,0.8054546539392898)(170,0.8062467728542249)(180,0.8148319439920959)(190,0.8125944992455125)(200,0.8043161343166322)(210,0.805822559840067)(220,0.7842057741668673)(230,0.8064958841498129)(240,0.8053499078676563)(250,0.8263179735244514)
};
\addlegendentry{French}

\addplot[color=green,mark=*] coordinates {
(30,0.404044139336383)(40,0.497025064212672)(50,0.5869439707246283)(60,0.6326833176853729)(70,0.636803513638465)(80,0.6347029425221677)(90,0.6546237929720512)(100,0.7446620335504418)(110,0.7474910497989893)(120,0.7510664878835295)(130,0.769230932188379)(140,0.7686849690393993)(150,0.7821514122716062)(160,0.7584165445164796)(170,0.7610387411812294)(180,0.7710177044895843)(190,0.7876457816377171)(200,0.780962517559862)(210,0.7824719069880958)(220,0.7868865521212715)(230,0.7859001723521747)(240,0.7872235923777924)(250,0.7876377721211265)
};
\addlegendentry{Portuguese}

\addplot[color=green,mark=*] coordinates {
(30,0.3809375098163653)(40,0.4642076966347208)(50,0.5754573040016034)(60,0.6201676823070278)(70,0.638364220957871)(80,0.6610554423143983)(90,0.6637614899840097)(100,0.7481673928090408)(110,0.7419563595734083)(120,0.7539504659865731)(130,0.7774618354522924)(140,0.7771043277914139)(150,0.7788902514514595)(160,0.7776395347453325)(170,0.7736272334523977)(180,0.7729449082279272)(190,0.7603826228236595)(200,0.776563999833062)(210,0.7736670232016212)(220,0.7723824512649176)(230,0.7727340494597568)(240,0.7746542191064287)(250,0.7822719272424628)
};
\addlegendentry{Russian}

\addplot[color=green,mark=*] coordinates {
(30,0.4249539514442594)(40,0.5079324048194296)(50,0.5802805058784406)(60,0.6234865274888108)(70,0.6365351145109328)(80,0.6723283247680631)(90,0.6843079976343291)(100,0.7611415747076891)(110,0.7366499766567322)(120,0.7652174910951434)(130,0.7587613440651082)(140,0.7568565821603463)(150,0.7646970432001862)(160,0.7722278350683902)(170,0.7731367194128572)(180,0.7751731404190692)(190,0.773998716622784)(200,0.7860961162191458)(210,0.7897286518032851)(220,0.7877721023144996)(230,0.7916601376445126)(240,0.7837246788167866)(250,0.8057214470320334)
};
\addlegendentry{Arabic}

