\addplot[color=green,mark=*] coordinates {
(30,30)(40,40)(50,50)(60,60)(70,70)(80,80)(90,90)(100,100)(110,110)(120,120)(130,130)(140,140)(150,150)(160,160)(170,170)(180,180)(190,190)(200,200)(210,210)(220,220)(230,230)(240,240)(250,250)
};
\addlegendentry{dial}

\addplot[color=green,mark=*] coordinates {
(30,0.6272414388540563)(40,0.6488339033045535)(50,0.633684887421785)(60,0.6551785989855874)(70,0.6564078149053697)(80,0.6638819021910632)(90,0.6862016131820384)(100,0.6908986436700194)(110,0.690423913009703)(120,0.6874691503199629)(130,0.6866484638394365)(140,0.6875606054943854)(150,0.6855319634204575)(160,0.6849292034875538)(170,0.6916054543863865)(180,0.7054925157380534)(190,0.7046875120591852)(200,0.7137780897669734)(210,0.7158177944561416)(220,0.7117520552227516)(230,0.7142208556764269)(240,0.7201797155316443)(250,0.7230316557715577)
};
\addlegendentry{Natural\_Neg}

\addplot[color=green,mark=*] coordinates {
(30,0.6280944718504736)(40,0.6730090797017706)(50,0.6415458888022265)(60,0.6491095588830095)(70,0.6621618999300278)(80,0.6726448571903363)(90,0.6830720889302937)(100,0.6954555658913286)(110,0.695496634103743)(120,0.6994996479510872)(130,0.6987650245596332)(140,0.7054788552590152)(150,0.7028102410764947)(160,0.7031152756463297)(170,0.7007625305799634)(180,0.6993900011338948)(190,0.7045524542965586)(200,0.7143249746974052)(210,0.7201729147930495)(220,0.7234953806217718)(230,0.7292692550825646)(240,0.7334110746264699)(250,0.732117122770186)
};
\addlegendentry{All\_together}

\addplot[color=green,mark=*] coordinates {
(30,0.6545072972781353)(40,0.6760280412290995)(50,0.6583962362697078)(60,0.675869929261344)(70,0.6738039767141425)(80,0.677626314190378)(90,0.688170653471153)(100,0.6904850612805016)(110,0.6863242297665946)(120,0.6915874341009305)(130,0.6937318302674012)(140,0.6959676287743198)(150,0.7004667286209388)(160,0.7007020934888245)(170,0.7035678519090037)(180,0.7071648184132392)(190,0.7120386341007057)(200,0.7290128158195489)(210,0.7319789283013398)(220,0.7316239733429695)(230,0.7341109065233218)(240,0.7378113759314349)(250,0.7366568748046624)
};
\addlegendentry{Hungarian}

\addplot[color=green,mark=*] coordinates {
(30,0.6320208331616846)(40,0.6569551469664383)(50,0.6478662594740802)(60,0.6669858105885347)(70,0.6698633415218754)(80,0.6728208266391015)(90,0.697148820073785)(100,0.7079498545164588)(110,0.7010766534766371)(120,0.699989354313522)(130,0.6960143336982849)(140,0.6990170038085645)(150,0.7009592226927447)(160,0.6961626183713944)(170,0.6996028817576089)(180,0.7099319085148075)(190,0.7088472675431514)(200,0.7135700447935959)(210,0.7168422023834645)(220,0.7177117095841066)(230,0.7186185381852569)(240,0.7218734322677116)(250,0.7239479611072317)
};
\addlegendentry{French}

\addplot[color=green,mark=*] coordinates {
(30,0.6325579593238133)(40,0.6707921036511676)(50,0.6412975996770701)(60,0.6593917848778791)(70,0.6677317937399839)(80,0.6721683761572198)(90,0.6931868090575409)(100,0.6985929417524068)(110,0.6993752693525843)(120,0.7049627306284003)(130,0.7067149085225556)(140,0.7013748108170864)(150,0.7040424505562936)(160,0.7011658013064029)(170,0.7035560509253016)(180,0.7039979177694338)(190,0.7032644076038369)(200,0.7147587468846491)(210,0.7210490755112204)(220,0.7163406657182768)(230,0.7192454528483034)(240,0.7253160675291496)(250,0.7261012198621721)
};
\addlegendentry{Portuguese}

\addplot[color=green,mark=*] coordinates {
(30,0.6265142922931902)(40,0.6591095897917361)(50,0.6412108859900668)(60,0.6630589843146811)(70,0.6733044914660268)(80,0.6745460427753531)(90,0.6959367466551644)(100,0.7098584553193891)(110,0.7066035009560625)(120,0.7097356048189685)(130,0.7049258708650742)(140,0.7060434444172048)(150,0.7029353461011135)(160,0.7003601501777033)(170,0.7015618896659606)(180,0.7010814558231289)(190,0.710931128527718)(200,0.7151331566659881)(210,0.7141943710116612)(220,0.723662296306645)(230,0.7216775680218384)(240,0.7245597913080448)(250,0.7294448127646369)
};
\addlegendentry{Russian}

\addplot[color=green,mark=*] coordinates {
(30,0.6119427385318104)(40,0.6601935397189592)(50,0.6489720690772007)(60,0.6619350468612633)(70,0.6720329734716961)(80,0.6734748869909254)(90,0.6870239478633884)(100,0.7043293482040995)(110,0.7016973998696969)(120,0.7102341340609948)(130,0.6992319395510049)(140,0.7111439692665869)(150,0.7027494613345256)(160,0.7039614702797425)(170,0.7063309481981117)(180,0.7066545717714602)(190,0.7025308985257246)(200,0.7102890654814844)(210,0.7214986276123996)(220,0.7248819573028125)(230,0.723170431326545)(240,0.7266274029359349)(250,0.7288658512799622)
};
\addlegendentry{Chinese}

