size	dial	Natural_Neg	All_together	Hungarian	Portuguese	Russian	Arabic
10	10	0.1420299284320104	0.20683148991541964	0.06467143786597267	0.2813272608978529	0.18100195185426154	0.15270006506180872
20	20	0.08803690778967291	0.13481634825811795	0.11067841722363518	0.12447152067191106	0.1728775063583131	0.21568817649494293
30	30	0.18347430058555628	0.13481634825811795	0.11067841722363518	0.12447152067191106	0.2106133554149169	0.2197870704441947
40	40	0.08958750813272609	0.11772543916720886	0.12267841722363518	0.13647152067191104	0.11805074821080026	0.1464176968119714
50	50	0.2782760648590187	0.30585839339580395	0.2705916737784012	0.2881583621323374	0.3288392804332948	0.30812536650077316
60	60	0.2663652586840616	0.3208449585547829	0.26304450396708046	0.2881583621323374	0.3284756440696584	0.3045539379293446
70	70	0.28336033257568716	0.341859922770788	0.22680507651099716	0.31229629316682017	0.3298348444008822	0.29700676811802385
80	80	0.23905491385647534	0.37420493624787704	0.23057866141665753	0.31229629316682017	0.3298348444008822	0.307662836187885
90	90	0.337470008196098	0.3754968778781401	0.3198200407270023	0.3759527668167877	0.38149131805084957	0.32490421549822984
100	100	0.3293815241362411	0.4218665218971009	0.3480437604035522	0.42789346762541297	0.4423376792368335	0.37218992978394405
110	110	0.3640514748751573	0.45069769072826976	0.3903294746892665	0.4718343543249204	0.48862339352254774	0.4762678518618661
120	120	0.3771056620672756	0.45892410582260945	0.46361249355719103	0.46438607846285135	0.49207166938461666	0.46243731674961347
130	130	0.3559431004909209	0.4189241058226094	0.43138607846285143	0.4323860784628514	0.46007166938461674	0.46243731674961347
140	140	0.31616347413159385	0.40335267725118085	0.32860663799440637	0.42356890214534976	0.45167869605995825	0.4095073976121471
150	150	0.3054491884173081	0.3995790923455204	0.32860663799440637	0.41979531723968944	0.4446589916264608	0.4095073976121471
160	160	0.3226905677276529	0.37316399800589783	0.3021915436547838	0.3896066379944064	0.4185692063304295	0.3830923032725245
170	170	0.3491056620672756	0.4309241058226094	0.3674745625227082	0.4322481474283686	0.42822437874422264	0.3995208747010959