\addplot[color=green,mark=*] coordinates {
(10,10)(20,20)(30,30)(40,40)(50,50)(60,60)(70,70)(80,80)(90,90)(100,100)(110,110)(120,120)(130,130)(140,140)(150,150)(160,160)(170,170)
};
\addlegendentry{dial}

\addplot[color=green,mark=*] coordinates {
(10,0)(20,0)(30,0.025)(40,0.025)(50,0.025)(60,0.025)(70,0.025)(80,0.025)(90,0.025)(100,0.025)(110,0.025)(120,0.026666666666666665)(130,0)(140,0.02857142857142857)(150,0.02857142857142857)(160,0.02857142857142857)(170,0.05714285714285714)
};
\addlegendentry{Natural\_Neg}

\addplot[color=green,mark=*] coordinates {
(10,0)(20,0)(30,0.02222222222222222)(40,0.02222222222222222)(50,0.02222222222222222)(60,0.023529411764705882)(70,0.026666666666666665)(80,0.02857142857142857)(90,0.02857142857142857)(100,0.02857142857142857)(110,0.02857142857142857)(120,0.02857142857142857)(130,0.02857142857142857)(140,0.05)(150,0.026666666666666665)(160,0.02857142857142857)(170,0.05523809523809524)
};
\addlegendentry{All\_together}

\addplot[color=green,mark=*] coordinates {
(10,0)(20,0)(30,0.02222222222222222)(40,0.02222222222222222)(50,0.02222222222222222)(60,0.02222222222222222)(70,0.02222222222222222)(80,0.023529411764705882)(90,0.023529411764705882)(100,0.023529411764705882)(110,0.023529411764705882)(120,0.023529411764705882)(130,0.023529411764705882)(140,0.04444444444444444)(150,0.04444444444444444)(160,0.04444444444444444)(170,0.07058823529411765)
};
\addlegendentry{Hungarian}

\addplot[color=green,mark=*] coordinates {
(10,0)(20,0)(30,0.025)(40,0.025)(50,0.025)(60,0.025)(70,0.025)(80,0.025)(90,0.025)(100,0.025)(110,0.025)(120,0.026666666666666665)(130,0)(140,0.02857142857142857)(150,0.02857142857142857)(160,0.02857142857142857)(170,0.05210084033613445)
};
\addlegendentry{Portuguese}

\addplot[color=green,mark=*] coordinates {
(10,0)(20,0)(30,0.025)(40,0.025)(50,0.025)(60,0)(70,0)(80,0)(90,0)(100,0)(110,0)(120,0)(130,0)(140,0)(150,0)(160,0)(170,0.023529411764705882)
};
\addlegendentry{Russian}

\addplot[color=green,mark=*] coordinates {
(10,0)(20,0)(30,0.023529411764705882)(40,0.023529411764705882)(50,0.023529411764705882)(60,0.023529411764705882)(70,0.023529411764705882)(80,0.023529411764705882)(90,0.023529411764705882)(100,0.023529411764705882)(110,0.023529411764705882)(120,0.023529411764705882)(130,0.025)(140,0.05)(150,0.05)(160,0.05)(170,0.08076923076923077)
};
\addlegendentry{Arabic}

\addplot[color=green,mark=*] coordinates {
(10,0)(20,0)(30,0.025)(40,0.023529411764705882)(50,0.023529411764705882)(60,0.023529411764705882)(70,0)(80,0)(90,0)(100,0)(110,0)(120,0)(130,0)(140,0.02857142857142857)(150,0.02857142857142857)(160,0.02857142857142857)(170,0.05934065934065934)
};
\addlegendentry{Chinese}

