\addplot[color=green,mark=*] coordinates {
(20,20)(40,40)(60,60)(80,80)(100,100)(120,120)(140,140)(160,160)(180,180)(200,200)(220,220)
};
\addlegendentry{dial}

\addplot[color=green,mark=*] coordinates {
(20,0)(40,0)(60,0)(80,0)(100,0)(120,0)(140,0)(160,0)(180,0)(200,0)(220,0)
};
\addlegendentry{Natural\_Neg}

\addplot[color=green,mark=*] coordinates {
(20,0)(40,0)(60,0.01818181818181818)(80,0.01818181818181818)(100,0.032467532467532464)(120,0.01818181818181818)(140,0.01818181818181818)(160,0.032467532467532464)(180,0.023376623376623377)(200,0.014285714285714285)(220,0.023376623376623377)
};
\addlegendentry{All\_together}

\addplot[color=green,mark=*] coordinates {
(20,0)(40,0)(60,0)(80,0)(100,0.014285714285714285)(120,0.014285714285714285)(140,0.014285714285714285)(160,0.014285714285714285)(180,0)(200,0)(220,0)
};
\addlegendentry{Hungarian}

\addplot[color=green,mark=*] coordinates {
(20,0)(40,0)(60,0)(80,0)(100,0)(120,0)(140,0)(160,0.014285714285714285)(180,0.023376623376623377)(200,0.023376623376623377)(220,0.023376623376623377)
};
\addlegendentry{French}

\addplot[color=green,mark=*] coordinates {
(20,0)(40,0)(60,0)(80,0)(100,0.014285714285714285)(120,0.014285714285714285)(140,0.014285714285714285)(160,0.014285714285714285)(180,0.014285714285714285)(200,0.014285714285714285)(220,0.014285714285714285)
};
\addlegendentry{Portuguese}

\addplot[color=green,mark=*] coordinates {
(20,0)(40,0)(60,0)(80,0)(100,0.014285714285714285)(120,0.014285714285714285)(140,0.014285714285714285)(160,0.02857142857142857)(180,0.014285714285714285)(200,0.014285714285714285)(220,0.014285714285714285)
};
\addlegendentry{Russian}

\addplot[color=green,mark=*] coordinates {
(20,0)(40,0)(60,0)(80,0)(100,0.014285714285714285)(120,0)(140,0)(160,0.014285714285714285)(180,0.014285714285714285)(200,0.014285714285714285)(220,0)
};
\addlegendentry{Arabic}

\addplot[color=green,mark=*] coordinates {
(20,0)(40,0)(60,0)(80,0)(100,0.014285714285714285)(120,0)(140,0)(160,0.02857142857142857)(180,0.014285714285714285)(200,0.014285714285714285)(220,0.014285714285714285)
};
\addlegendentry{German}

