\addplot[color=green,mark=*] coordinates {
(20,20)(40,40)(60,60)(80,80)(100,100)(120,120)(140,140)(160,160)(180,180)(200,200)
};
\addlegendentry{dial}

\addplot[color=green,mark=*] coordinates {
(20,0.7216502905698157)(40,0.6589021799815787)(60,0.6930500152083543)(80,0.7043099847079959)(100,0.7325655680074737)(120,0.7409040730812426)(140,0.7683028006822643)(160,0.7753333055639802)(180,0.7820280969970846)(200,0.8155941134769276)
};
\addlegendentry{Natural\_Neg}

\addplot[color=green,mark=*] coordinates {
(20,0.5952031597038361)(40,0.6678825739507147)(60,0.7272056948348918)(80,0.7424820056501859)(100,0.7340353322183122)(120,0.7432954474235942)(140,0.7395895062072937)(160,0.7773839684704474)(180,0.7895577610598332)(200,0.8027126048442593)
};
\addlegendentry{All\_together}

\addplot[color=green,mark=*] coordinates {
(20,0.659002890490471)(40,0.6443371939079321)(60,0.6834417178986787)(80,0.7230717669226838)(100,0.7266415602381302)(120,0.7322344515956127)(140,0.743539157035607)(160,0.7683708219703684)(180,0.784043361666969)(200,0.8027024578933044)
};
\addlegendentry{Hungarian}

\addplot[color=green,mark=*] coordinates {
(20,0.6564595655932344)(40,0.617005513099247)(60,0.6702759914442925)(80,0.6847136000464089)(100,0.7089300531342156)(120,0.7067724077694786)(140,0.7221782309892611)(160,0.7558040440978514)(180,0.7562239156928279)(200,0.7793035032455266)
};
\addlegendentry{French}

\addplot[color=green,mark=*] coordinates {
(20,0.6165325523683391)(40,0.6210233781558139)(60,0.6313463817645657)(80,0.656782034615233)(100,0.6946520792937854)(120,0.6926877019462777)(140,0.7147752228096352)(160,0.7493817438530088)(180,0.7544513045885688)(200,0.777151682861833)
};
\addlegendentry{Portuguese}

\addplot[color=green,mark=*] coordinates {
(20,0.6060129570570671)(40,0.6204972495327674)(60,0.6712883264884828)(80,0.6856619298184938)(100,0.7228278513261106)(120,0.7331573478506741)(140,0.742037973395343)(160,0.76192643805164)(180,0.7602826266147962)(200,0.7822312044215419)
};
\addlegendentry{Russian}

\addplot[color=green,mark=*] coordinates {
(20,0.659831984033754)(40,0.6586985700449087)(60,0.7298540508811204)(80,0.7366938144036486)(100,0.7637212609926235)(120,0.7437569683985772)(140,0.7652146352417739)(160,0.7955201360086435)(180,0.8042704022256724)(200,0.8175227135338113)
};
\addlegendentry{Arabic}

\addplot[color=green,mark=*] coordinates {
(20,0.6097651972338324)(40,0.6233394952001723)(60,0.6636123607246114)(80,0.6925267453576007)(100,0.6938902690012164)(120,0.6945221027549768)(140,0.707242463190197)(160,0.7355135380782651)(180,0.7485421272717209)(200,0.7645564630461296)
};
\addlegendentry{German}

