\addplot[color=green,mark=*] coordinates {
(30,30)(40,40)(50,50)(60,60)(70,70)(80,80)(90,90)(100,100)(110,110)(120,120)
};
\addlegendentry{dial}

\addplot[color=green,mark=*] coordinates {
(30,0.4879430505175864)(40,0.5193203726461713)(50,0.5285661794759529)(60,0.5375226573567294)(70,0.5486373255567971)(80,0.5553541910299531)(90,0.5529969258486567)(100,0.5610791676419341)(110,0.5650996845601195)(120,0.5619885017767572)
};
\addlegendentry{Natural\_Neg}

\addplot[color=green,mark=*] coordinates {
(30,0.5059196656822496)(40,0.5426332933225938)(50,0.5516075197862251)(60,0.5525424896836741)(70,0.5739861699503739)(80,0.5793487669446867)(90,0.5782557106619569)(100,0.6018965279595327)(110,0.613494032792698)(120,0.6147607405459674)
};
\addlegendentry{All\_together}

\addplot[color=green,mark=*] coordinates {
(30,0.4942993634254007)(40,0.5380723826047025)(50,0.5367770638581015)(60,0.5446218520225423)(70,0.5515935302423735)(80,0.5652075626475416)(90,0.5673048146451913)(100,0.5848124844672511)(110,0.6031469784809527)(120,0.6018811415535926)
};
\addlegendentry{Hungarian}

\addplot[color=green,mark=*] coordinates {
(30,0.47021596039867636)(40,0.5112791157560641)(50,0.5215363062962726)(60,0.5438574293596898)(70,0.5626905393517438)(80,0.5655561212573047)(90,0.5656363967351853)(100,0.5782443529140526)(110,0.5901753079191687)(120,0.5917764749714306)
};
\addlegendentry{French}

\addplot[color=green,mark=*] coordinates {
(30,0.4840979480234995)(40,0.5083950530184004)(50,0.5250482382734338)(60,0.5367819649054794)(70,0.5590806061560578)(80,0.5651260110990025)(90,0.5692485564624823)(100,0.5861393979565637)(110,0.5963019569335231)(120,0.5928540930173755)
};
\addlegendentry{Portuguese}

\addplot[color=green,mark=*] coordinates {
(30,0.47735880871580505)(40,0.5200323259676576)(50,0.521265240033941)(60,0.5467070560415201)(70,0.5590777064746747)(80,0.5680822602892788)(90,0.5547158538490723)(100,0.5738927323584012)(110,0.5876766720496467)(120,0.5846387650962082)
};
\addlegendentry{Russian}

\addplot[color=green,mark=*] coordinates {
(30,0.49671988219915375)(40,0.5359547529302585)(50,0.5200222537529968)(60,0.5340060591861094)(70,0.5584084671785303)(80,0.5707744452820545)(90,0.5693487773849252)(100,0.5831427795137855)(110,0.6018140425115914)(120,0.6032337395224839)
};
\addlegendentry{Arabic}

