\addplot[color=green,mark=*] coordinates {
(10,10)(20,20)(30,30)(40,40)(50,50)(60,60)(70,70)(80,80)(90,90)(100,100)(110,110)(120,120)(130,130)(140,140)(150,150)(160,160)(170,170)
};
\addlegendentry{dial}

\addplot[color=green,mark=*] coordinates {
(10,0.16)(20,0.29333333333333333)(30,0.44000000000000006)(40,0.6)(50,0.75)(60,0.75)(70,0.7633333333333333)(80,0.7504166666666666)(90,0.6066666666666667)(100,0.5995833333333334)(110,0.5995833333333334)(120,0.7495833333333334)(130,0.7495833333333334)(140,0.7495833333333334)(150,0.7495833333333334)(160,0.7495833333333334)(170,0.7495833333333334)
};
\addlegendentry{Natural\_Neg}

\addplot[color=green,mark=*] coordinates {
(10,0.15333333333333335)(20,0.3)(30,0.44000000000000006)(40,0.6)(50,0.7433333333333334)(60,0.7433333333333334)(70,0.7633333333333333)(80,0.7566666666666666)(90,0.7566666666666666)(100,0.7629166666666667)(110,0.7629166666666667)(120,0.7629166666666667)(130,0.7629166666666667)(140,0.7495833333333334)(150,0.7629166666666667)(160,0.7629166666666667)(170,0.7629166666666667)
};
\addlegendentry{All\_together}

\addplot[color=green,mark=*] coordinates {
(10,0.14666666666666667)(20,0.2866666666666666)(30,0.44000000000000006)(40,0.6)(50,0.75)(60,0.75)(70,0.7633333333333333)(80,0.75)(90,0.7433333333333334)(100,0.7495833333333334)(110,0.7495833333333334)(120,0.7495833333333334)(130,0.7495833333333334)(140,0.7495833333333334)(150,0.7495833333333334)(160,0.7495833333333334)(170,0.7495833333333334)
};
\addlegendentry{Hungarian}

\addplot[color=green,mark=*] coordinates {
(10,0.16)(20,0.3)(30,0.44000000000000006)(40,0.6066666666666667)(50,0.7566666666666666)(60,0.7566666666666666)(70,0.7700000000000001)(80,0.7633333333333333)(90,0.7633333333333333)(100,0.7495833333333334)(110,0.7495833333333334)(120,0.7495833333333334)(130,0.7495833333333334)(140,0.7495833333333334)(150,0.7495833333333334)(160,0.7495833333333334)(170,0.7629166666666667)
};
\addlegendentry{Portuguese}

\addplot[color=green,mark=*] coordinates {
(10,0.16)(20,0.3)(30,0.44000000000000006)(40,0.6)(50,0.75)(60,0.7566666666666666)(70,0.7633333333333333)(80,0.7566666666666666)(90,0.7566666666666666)(100,0.7629166666666667)(110,0.7629166666666667)(120,0.7629166666666667)(130,0.7629166666666667)(140,0.7629166666666667)(150,0.7629166666666667)(160,0.7629166666666667)(170,0.7629166666666667)
};
\addlegendentry{Russian}

\addplot[color=green,mark=*] coordinates {
(10,0.16)(20,0.3)(30,0.44000000000000006)(40,0.6)(50,0.75)(60,0.75)(70,0.7633333333333333)(80,0.7566666666666666)(90,0.7566666666666666)(100,0.7629166666666667)(110,0.7629166666666667)(120,0.7629166666666667)(130,0.7629166666666667)(140,0.7629166666666667)(150,0.7629166666666667)(160,0.7629166666666667)(170,0.7629166666666667)
};
\addlegendentry{Arabic}

\addplot[color=green,mark=*] coordinates {
(10,0.16)(20,0.3)(30,0.44000000000000006)(40,0.6066666666666667)(50,0.75)(60,0.75)(70,0.7633333333333333)(80,0.7566666666666666)(90,0.75)(100,0.7629166666666667)(110,0.75625)(120,0.75625)(130,0.75625)(140,0.7495833333333334)(150,0.7629166666666667)(160,0.7629166666666667)(170,0.75625)
};
\addlegendentry{Chinese}

