size	dial	Natural_Neg	All_together	Hungarian	French	Portuguese	Russian	Arabic	German
20	20	0.08468253968253969	0.11880952380952381	0.10166666666666666	0.09055555555555557	0.10182539682539682	0.1061904761904762	0.10674603174603174	0.11611111111111112
40	40	0.07055555555555557	0.14238095238095236	0.17674603174603173	0.07793650793650794	0.15976190476190474	0.10738095238095238	0.11238095238095239	0.09015873015873016
60	60	0.10492063492063493	0.16055555555555556	0.1215873015873016	0.10515873015873015	0.1826984126984127	0.18365079365079368	0.15976190476190477	0.1677871148459384
80	80	0.08953314659197012	0.1446825396825397	0.12142857142857144	0.10508870214752568	0.1280252100840336	0.13912698412698415	0.143968253968254	0.1295518207282913
100	100	0.05097105508870216	0.1115266106442577	0.11636788048552756	0.09470121381886089	0.1065266106442577	0.11763772175536882	0.12263772175536883	0.09574229691876751
120	120	0.05684407096171802	0.11771708683473389	0.12311391223155929	0.06747899159663866	0.10684407096171802	0.12335200746965454	0.10144724556489262	0.12464052287581699
140	140	0.028748832866479924	0.12741794153558864	0.09414565826330532	0.0776071967248438	0.10586116497881204	0.1222103713280184	0.06708216619981326	0.1003361344537815
160	160	0.011764705882352941	0.12257667169431878	0.07705164116928823	0.06054370466135173	0.06665481577246284	0.08332148243912951	0.038391510450333975	0.07824211735976443
180	180	0.011596638655462186	0.08308338720103425	0.0665266106442577	0.05554370466135172	0.06109926021690729	0.056297852474323076	0.022539682539682537	0.0841244703009409
200	200	0.005714285714285714	0.060702434820081884	0.028748832866479924	0.04498814910579616	0.05538497450262157	0.04470121381886088	0.016984126984126983	0.05570243482008188
220	220	0.005714285714285714	0.049591323708970764	0.028748832866479924	0.03404510522157581	0.03927386339151045	0.028034547152194212	0.022539682539682537	0.05047367665014724
240	240	0.005714285714285714	0.05030560942325648	0.02319327731092437	0.034035768153415205	0.03959132370897077	0.028748832866479924	0.016984126984126983	0.051019895137542196