\addplot[color=green,mark=*] coordinates {
(10,10)(20,20)(30,30)(40,40)(50,50)(60,60)(70,70)(80,80)(90,90)
};
\addlegendentry{dial}

\addplot[color=green,mark=*] coordinates {
(10,0.47003549615312556)(20,0.4941306624389221)(30,0.5682491446742415)(40,0.6134548002679021)(50,0.6392380948395109)(60,0.6542642362276161)(70,0.6638298551557229)(80,0.6867744952831674)(90,0.6950446769603453)
};
\addlegendentry{Natural\_Neg}

\addplot[color=green,mark=*] coordinates {
(10,0.36343563743263607)(20,0.47165365253431)(30,0.5474357292900025)(40,0.6059954565316573)(50,0.6205423310659285)(60,0.6405093486260033)(70,0.6508989144708551)(80,0.6757852029395328)(90,0.6916381529475066)
};
\addlegendentry{All\_together}

\addplot[color=green,mark=*] coordinates {
(10,0.45369726395299237)(20,0.4907081989278166)(30,0.56619608378262)(40,0.6329295986791751)(50,0.6353529832104166)(60,0.64499624469148)(70,0.6583617809275234)(80,0.6771432472018313)(90,0.6871618199433737)
};
\addlegendentry{Hungarian}

\addplot[color=green,mark=*] coordinates {
(10,0.4706169886246192)(20,0.5063704576829493)(30,0.5864077572802155)(40,0.5898487678949712)(50,0.6056076751126308)(60,0.6210667975308474)(70,0.6394934968339239)(80,0.6543233663951188)(90,0.6654093204590866)
};
\addlegendentry{Portuguese}

\addplot[color=green,mark=*] coordinates {
(10,0.372015302130307)(20,0.48761547938591043)(30,0.5604546931573775)(40,0.6158416017401173)(50,0.6227261064482394)(60,0.6401762865642453)(70,0.648446861487807)(80,0.6656504333158983)(90,0.6734815950459603)
};
\addlegendentry{Russian}

\addplot[color=green,mark=*] coordinates {
(10,0.3894994305899397)(20,0.47215766066036957)(30,0.5401784362854124)(40,0.573653821668372)(50,0.5944058776081949)(60,0.6151629790004847)(70,0.6227013468464528)(80,0.6500836568545381)(90,0.6579264564360028)
};
\addlegendentry{Arabic}

