\addplot[color=green,mark=*] coordinates {
(30,30)(60,60)(90,90)(120,120)(150,150)(180,180)(210,210)(240,240)(270,270)(300,300)(330,330)(360,360)
};
\addlegendentry{dial}

\addplot[color=green,mark=*] coordinates {
(30,0.7466430355712406)(60,0.7836584409194356)(90,0.7816388269765976)(120,0.7884401106074561)(150,0.7966114995460867)(180,0.796972793104005)(210,0.7992632378363747)(240,0.8012825808814134)(270,0.8017255939893341)(300,0.8014231144494163)(330,0.8020544176620327)(360,0.8009498953801897)
};
\addlegendentry{Natural\_Neg}

\addplot[color=green,mark=*] coordinates {
(30,0.6878332589571905)(60,0.7162132599702061)(90,0.748573695179934)(120,0.7559644855085764)(150,0.7769232923085891)(180,0.7771755483245713)(210,0.7793092308261077)(240,0.7819452685209872)(270,0.7822593500039919)(300,0.7824713224043361)(330,0.7826817130045324)(360,0.7831122817196757)
};
\addlegendentry{\_All\_together}

\addplot[color=green,mark=*] coordinates {
(30,0.7029734980468538)(60,0.7454062004183992)(90,0.7656914565101237)(120,0.7860380884699081)(150,0.7906377166930036)(180,0.7867596444490512)(210,0.7875111237182425)(240,0.7882990840747615)(270,0.78891787464725)(300,0.7881092230861382)(330,0.788820625474524)(360,0.7882705650325574)
};
\addlegendentry{\_Hungarian}

\addplot[color=green,mark=*] coordinates {
(30,0.7558122692846126)(60,0.7864479255843004)(90,0.7888333334679584)(120,0.7869188532326976)(150,0.7893499068089526)(180,0.7867726899143092)(210,0.786744402618814)(240,0.7900302054813817)(270,0.7880086355814532)(300,0.7881258834896847)(330,0.7892037666437174)(360,0.7906265311998937)
};
\addlegendentry{\_Portuguese}

\addplot[color=green,mark=*] coordinates {
(30,0.7449924364332035)(60,0.7691008421711939)(90,0.7727893755353512)(120,0.78317049517521)(150,0.7891914596427857)(180,0.7873310517343313)(210,0.7869910433833753)(240,0.7889750150779623)(270,0.7885227792737861)(300,0.7881116185701822)(330,0.7898063127032171)(360,0.79033156297687)
};
\addlegendentry{\_Russian}

