size	dial	Natural_Neg	All_together	Hungarian	French	Portuguese	Russian	Arabic	German
10	10	0	0.1	0.1	0.1	0.1	0.1	0	0
20	20	0.1	0.2	0.2	0.2	0.2	0.2	0.1	0.1
30	30	0.2	0.3	0.3	0.3	0.3	0.3	0.2	0.2
40	40	0.3	0.4	0.4	0.4	0.4	0.4	0.3	0.3
50	50	0.3	0.4	0.4	0.4	0.4	0.4	0.3	0.3
60	60	0.2	0.4	0.4	0.4	0.4	0.4	0.2	0.2
70	70	0.2	0.4	0.4	0.4	0.4	0.4	0.2	0.2
80	80	0.2	0.4	0.4	0.4	0.3	0.4	0.2	0.2
90	90	0.3	0.4	0.3	0.4	0.3	0.4	0.3	0.3
100	100	0.1	0.3	0.1	0.4	0.3	0.3	0.1	0.1
110	110	0.1	0.3	0.1	0.4	0.3	0.3	0.1	0.1
120	120	0	0.1	0	0.3	0.2	0.1	0	0
130	130	0.1	0.2	0.2	0.4	0.3	0.2	0.2	0.2
140	140	0.1	0.4	0.4	0.6	0.5	0.3	0.3	0.3
150	150	0.2	0.5	0.5	0.6	0.6	0.4	0.4	0.4
160	160	0.3	0.5	0.5	0.5	0.5	0.4	0.4	0.4
170	170	0.2	0.4	0.4	0.5	0.4	0.3	0.3	0.3
180	180	0.2	0.5	0.5	0.6	0.5	0.4	0.4	0.4
190	190	0.2	0.5	0.4	0.6	0.4	0.4	0.4	0.4
200	200	0.3	0.5	0.4	0.6	0.4	0.4	0.4	0.4
210	210	0.3	0.5	0.3	0.6	0.4	0.4	0.4	0.4
220	220	0.3	0.6	0.3	0.6	0.5	0.5	0.5	0.5
230	230	0.3	0.5	0.3	0.5	0.5	0.4	0.4	0.4
240	240	0.3	0.5	0.3	0.5	0.5	0.5	0.5	0.5
250	250	0.3	0.5	0.3	0.6	0.5	0.4	0.4	0.4
260	260	0.3	0.4	0.3	0.5	0.4	0.4	0.4	0.4
270	270	0.3	0.4	0.3	0.5	0.4	0.4	0.4	0.4
280	280	0.3	0.4	0.3	0.5	0.4	0.4	0.4	0.4
290	290	0.3	0.4	0.3	0.5	0.4	0.4	0.4	0.4
300	300	0.3	0.4	0.3	0.5	0.4	0.4	0.4	0.4
310	310	0.3	0.5	0.3	0.5	0.5	0.5	0.5	0.5
320	320	0.3	0.4	0.3	0.5	0.4	0.4	0.4	0.4
330	330	0.2	0.4	0.3	0.5	0.4	0.4	0.4	0.4
340	340	0.2	0.3	0.2	0.4	0.4	0.3	0.3	0.3
350	350	0.2	0.3	0.2	0.4	0.4	0.3	0.3	0.3