\addplot[color=green,mark=*] coordinates {
(10,10)(20,20)(30,30)(40,40)(50,50)(60,60)(70,70)(80,80)(90,90)(100,100)(110,110)(120,120)
};
\addlegendentry{dial}

\addplot[color=green,mark=*] coordinates {
(10,0.25016541825481814)(20,0.2885844090202993)(30,0.31303538042270146)(40,0.34973478421585125)(50,0.38436290904877446)(60,0.40217010316765583)(70,0.41761127978400364)(80,0.42774343862398084)(90,0.44056534745524517)(100,0.45750985686725654)(110,0.4647325237565175)(120,0.4714641421326031)
};
\addlegendentry{Natural\_Neg}

\addplot[color=green,mark=*] coordinates {
(10,0.27433682765487316)(20,0.3079885579115009)(30,0.34030270379383826)(40,0.38110878083326616)(50,0.42106701598472274)(60,0.44410347352113105)(70,0.46592332471395104)(80,0.4724698319286418)(90,0.4878060140691344)(100,0.5004295088656583)(110,0.5076920363499287)(120,0.5201957919356428)
};
\addlegendentry{All\_together}

\addplot[color=green,mark=*] coordinates {
(10,0.2670539397730999)(20,0.2870100779630476)(30,0.3299946775065429)(40,0.35619118483130274)(50,0.3977707301071419)(60,0.43381564912304665)(70,0.45358880984986855)(80,0.45740784481273017)(90,0.476622151671975)(100,0.49044389863177534)(110,0.49497552214874274)(120,0.5084287133940857)
};
\addlegendentry{Hungarian}

\addplot[color=green,mark=*] coordinates {
(10,0.26488043370622033)(20,0.2884848915616982)(30,0.3292541868036349)(40,0.3659731736871392)(50,0.40345443450296825)(60,0.42462334513632066)(70,0.4464343432327724)(80,0.45407005293844344)(90,0.4739819083763125)(100,0.49060285598417064)(110,0.4980449496318379)(120,0.504438389492522)
};
\addlegendentry{French}

\addplot[color=green,mark=*] coordinates {
(10,0.27041091149716306)(20,0.2872109119472518)(30,0.32885711400871875)(40,0.3579596320110702)(50,0.39449992628549524)(60,0.4226175911440528)(70,0.4385178445597435)(80,0.44561688838654695)(90,0.46345829189293886)(100,0.48030530550068135)(110,0.4844971003324366)(120,0.4947686489238836)
};
\addlegendentry{Portuguese}

\addplot[color=green,mark=*] coordinates {
(10,0.2514537947564867)(20,0.29767565559662745)(30,0.3215233042789528)(40,0.3568594969318293)(50,0.39222952969873087)(60,0.4160878727160079)(70,0.44133463989667554)(80,0.44599588693114933)(90,0.4600688234806989)(100,0.47724899491057526)(110,0.4854908432771136)(120,0.4976110205122338)
};
\addlegendentry{Russian}

\addplot[color=green,mark=*] coordinates {
(10,0.25029212870605155)(20,0.29191361864668564)(30,0.33724330321905127)(40,0.3643657240990681)(50,0.39815010582761856)(60,0.42510502441932)(70,0.4451895374971717)(80,0.4588267437061756)(90,0.4685283048896377)(100,0.4870175671553779)(110,0.4902573201761637)(120,0.5026574155404446)
};
\addlegendentry{Arabic}

\addplot[color=green,mark=*] coordinates {
(10,0.23921488975068267)(20,0.27097975588257295)(30,0.31831976434981024)(40,0.35268182077478294)(50,0.3862500360689269)(60,0.4085127658150303)(70,0.4345734768249313)(80,0.44096886593868456)(90,0.45885662578975916)(100,0.4761071046768106)(110,0.4892367923837669)(120,0.5012777397993148)
};
\addlegendentry{German}

