\addplot[color=green,mark=*] coordinates {
(30,30)(60,60)(90,90)(120,120)(150,150)(180,180)(210,210)(240,240)(270,270)(300,300)(330,330)(360,360)
};
\addlegendentry{dial}

\addplot[color=green,mark=*] coordinates {
(30,0.19685970025151672)(60,0.24916183555062052)(90,0.33452801481464506)(120,0.34624080498741455)(150,0.34476955517584984)(180,0.3484084739016723)(210,0.3556070411124149)(240,0.35902235937593846)(270,0.358014358368111)(300,0.36878614181174335)(330,0.36870683797544623)(360,0.37391273740887254)
};
\addlegendentry{Natural\_Neg}

\addplot[color=green,mark=*] coordinates {
(30,0.22596377971100817)(60,0.27440956086861146)(90,0.3133587085860601)(120,0.357646945960472)(150,0.3482948889448478)(180,0.3541879038303308)(210,0.36065020449777796)(240,0.36553794299893794)(270,0.3615478703271147)(300,0.3631241465818318)(330,0.3719874833942487)(360,0.378031854247216)
};
\addlegendentry{\_All\_together}

\addplot[color=green,mark=*] coordinates {
(30,0.1987980317995556)(60,0.25325954403503564)(90,0.32343874865090727)(120,0.3507548888728934)(150,0.34221398648338064)(180,0.342077411672505)(210,0.3499137736152136)(240,0.35394105235557266)(270,0.3556322825664412)(300,0.3564996671614212)(330,0.3612174885587383)(360,0.3630528223091904)
};
\addlegendentry{\_Hungarian}

\addplot[color=green,mark=*] coordinates {
(30,0.19606853888009373)(60,0.24935759296558446)(90,0.3171754364022686)(120,0.3385734750960816)(150,0.3431282301088675)(180,0.3650054470110781)(210,0.36870738618344767)(240,0.3727428754433323)(270,0.370531985281955)(300,0.3775988400974456)(330,0.3815365814684372)(360,0.38599937417196006)
};
\addlegendentry{\_Portuguese}

\addplot[color=green,mark=*] coordinates {
(30,0.1712443525805802)(60,0.2549698023542263)(90,0.3227050141491926)(120,0.34303058501583916)(150,0.3417897171969867)(180,0.359373262769427)(210,0.35921929525610247)(240,0.3662911298424031)(270,0.3676493552073368)(300,0.378477625509414)(330,0.3831981732604536)(360,0.38178301927056624)
};
\addlegendentry{\_Russian}

\addplot[color=green,mark=*] coordinates {
(30,0.22297253179251716)(60,0.27116782139543355)(90,0.31362419922870244)(120,0.36632070591769705)(150,0.3537335151989385)(180,0.3520700567695463)(210,0.34967442576898833)(240,0.3585114550236273)(270,0.35824146193157563)(300,0.36100291001797913)(330,0.35851408308787475)(360,0.3622525424765453)
};
\addlegendentry{\_Hungarian+\_Japanese+\_Chinese+\_Finish}

\addplot[color=green,mark=*] coordinates {
(30,0.20407226762447905)(60,0.2500030147744171)(90,0.3183753285344189)(120,0.36477097784843926)(150,0.35422814401509595)(180,0.34342855857829624)(210,0.35429209964313585)(240,0.3651706161708883)(270,0.3589147055703785)(300,0.3608721988719702)(330,0.36192822595957674)(360,0.3625905816717143)
};
\addlegendentry{\_Hungarian+\_Japanese+\_Finish}

