size	dial	Natural_Neg	All_together	Hungarian	French	Portuguese	Russian	Arabic	German
20	20	0	0	0	0	0	0	0	0
40	40	0	0	0	0	0	0	0	0
60	60	0	0.027586206896551724	0	0	0	0	0	0
80	80	0	0.02857142857142857	0	0	0	0	0	0
100	100	0	0.043333333333333335	0.019047619047619046	0	0.013793103448275862	0.016666666666666666	0.016	0.014285714285714285
120	120	0	0.027586206896551724	0.014285714285714285	0	0.010526315789473684	0.01	0	0
140	140	0	0.027586206896551724	0.013793103448275862	0	0.01111111111111111	0.011764705882352941	0	0
160	160	0	0.039350912778904665	0.013333333333333332	0.012903225806451613	0.011428571428571429	0.022857142857142857	0.016	0.022857142857142857
180	180	0	0.03205128205128205	0	0.031677018633540374	0.015384615384615385	0.016	0.017391304347826087	0.014285714285714285
200	200	0	0.014814814814814814	0	0.0322061191626409	0.014285714285714285	0.017391304347826087	0.01818181818181818	0.01818181818181818
220	220	0	0.03339130434782609	0	0.03277591973244147	0.016666666666666666	0.02	0	0.019047619047619046