size	dial	Natural_Neg	All_together	Hungarian	Portuguese	Russian	Arabic
10	10	0	0	0	0	0	0
20	20	0	0	0	0	0	0
30	30	0	0	0	0	0	0
40	40	0	0	0	0	0	0
50	50	0	0	0	0	0	0
60	60	0	0	0	0	0	0
70	70	0.02	0.019047619047619046	0.02	0.02	0.02	0.02
80	80	0.06210526315789473	0.04424242424242424	0.04666666666666667	0.05076923076923077	0.06000000000000001	0.04666666666666667
90	90	0.05914786967418546	0.04327485380116959	0.05428571428571429	0.04758620689655173	0.05478260869565217	0.043529411764705886
100	100	0.06210526315789473	null	0.045806451612903226	0.047619047619047616	0.05478260869565217	0.04398826979472141
110	110	0.06210526315789473	null	0.04758620689655173	0.04867724867724867	0.05478260869565217	0.04485407066052227
120	120	0.09924812030075188	null	0.073015873015873	0.0853146853146853	0.08932806324110672	0.06952380952380952
130	130	0.06710526315789474	null	0.08571428571428572	0.09743589743589744	0.09090909090909091	0.08571428571428572
140	140	0.0687719298245614	null	0.08571428571428572	0.09743589743589744	0.09090909090909091	0.08571428571428572
150	150	0.07067669172932331	null	0.0879120879120879	0.0853146853146853	0.09523809523809523	0.0853146853146853
160	160	0.042105263157894736	null	0.08677248677248676	0.09076923076923077	0.09523809523809523	0.08654545454545455
170	170	0.042105263157894736	null	0.09047619047619046	0.09278752436647172	0.09026915113871635	0.08294314381270904
180	180	0	null	0.09478260869565217	0.09392712550607288	0.09026915113871635	0.08787878787878786
190	190	0	null	0.09333333333333334	0.09076923076923077	0.09026915113871635	0.08932806324110672
200	200	0	null	0.1	0.09333333333333334	0.09026915113871635	0.09454545454545454
210	210	0	null	0.1384688995215311	0.13272727272727272	0.134279176201373	0.13875598086124402