\addplot[color=green,mark=*] coordinates {
(10,10)(20,20)(30,30)(40,40)(50,50)(60,60)(70,70)(80,80)(90,90)(100,100)(110,110)(120,120)
};
\addlegendentry{dial}

\addplot[color=green,mark=*] coordinates {
(10,0)(20,0)(30,0)(40,0)(50,0)(60,0)(70,0)(80,0)(90,0)(100,0)(110,0)(120,0)
};
\addlegendentry{Natural\_Neg}

\addplot[color=green,mark=*] coordinates {
(10,0.04393939393939393)(20,0.0356060606060606)(30,0.04560606060606061)(40,0.028181818181818186)(50,0.028181818181818186)(60,0.028181818181818186)(70,0.00909090909090909)(80,0.01818181818181818)(90,0.01818181818181818)(100,0.01818181818181818)(110,0)(120,0)
};
\addlegendentry{All\_together}

\addplot[color=green,mark=*] coordinates {
(10,0.04393939393939393)(20,0.01818181818181818)(30,0.028181818181818186)(40,0.028181818181818186)(50,0.01818181818181818)(60,0.01818181818181818)(70,0.00909090909090909)(80,0.00909090909090909)(90,0.00909090909090909)(100,0)(110,0)(120,0)
};
\addlegendentry{Hungarian}

\addplot[color=green,mark=*] coordinates {
(10,0.0356060606060606)(20,0.01818181818181818)(30,0.01818181818181818)(40,0.01818181818181818)(50,0.01818181818181818)(60,0.00909090909090909)(70,0)(80,0)(90,0)(100,0)(110,0)(120,0)
};
\addlegendentry{French}

\addplot[color=green,mark=*] coordinates {
(10,0.04393939393939393)(20,0.02727272727272727)(30,0.01818181818181818)(40,0.01818181818181818)(50,0.01818181818181818)(60,0.01818181818181818)(70,0)(80,0)(90,0)(100,0)(110,0)(120,0)
};
\addlegendentry{Portuguese}

\addplot[color=green,mark=*] coordinates {
(10,0.04469696969696969)(20,0.0356060606060606)(30,0.026515151515151512)(40,0.00909090909090909)(50,0.01818181818181818)(60,0.00909090909090909)(70,0.00909090909090909)(80,0)(90,0)(100,0)(110,0)(120,0)
};
\addlegendentry{Russian}

\addplot[color=green,mark=*] coordinates {
(10,0.07727272727272727)(20,0.08651515151515152)(30,0.07818181818181817)(40,0.06984848484848485)(50,0.07651515151515151)(60,0.07651515151515151)(70,0.07651515151515151)(80,0.01818181818181818)(90,0.00909090909090909)(100,0.00909090909090909)(110,0)(120,0)
};
\addlegendentry{Arabic}

\addplot[color=green,mark=*] coordinates {
(10,0.0356060606060606)(20,0.05818181818181818)(30,0.028181818181818186)(40,0.028181818181818186)(50,0.028181818181818186)(60,0.01818181818181818)(70,0)(80,0)(90,0)(100,0)(110,0)(120,0)
};
\addlegendentry{German}

