\addplot[color=green,mark=*] coordinates {
(30,30)(40,40)(50,50)(60,60)(70,70)(80,80)(90,90)(100,100)(110,110)(120,120)(130,130)(140,140)(150,150)(160,160)(170,170)(180,180)(190,190)(200,200)(210,210)(220,220)(230,230)(240,240)(250,250)
};
\addlegendentry{dial}

\addplot[color=green,mark=*] coordinates {
(30,0.008333333333333333)(40,0.004166666666666667)(50,0.011858974358974358)(60,0.008012820512820512)(70,0.011858974358974358)(80,0.011858974358974358)(90,0.11730769230769231)(100,0.14134615384615387)(110,0.14903846153846156)(120,0.14935897435897438)(130,0.22727272727272724)(140,0.22657342657342658)(150,0.20909090909090908)(160,0.2168123543123543)(170,0.21611305361305364)(180,0.21252913752913755)(190,0.2488927738927739)(200,0.27645687645687644)(210,0.3292832167832168)(220,0.3492132867132867)(230,0.36142191142191143)(240,0.37051282051282053)(250,0.37435897435897436)
};
\addlegendentry{Natural\_Neg}

\addplot[color=green,mark=*] coordinates {
(30,0.2187645687645688)(40,0.21043123543123543)(50,0.24542540792540796)(60,0.20241841491841495)(70,0.29612470862470863)(80,0.17794289044289044)(90,0.3869172494172494)(100,0.4603438228438228)(110,0.452972027972028)(120,0.44912587412587407)(130,0.4763694638694639)(140,0.4802156177156177)(150,0.47252331002331005)(160,0.4686771561771562)(170,0.5263694638694638)(180,0.5340617715617716)(190,0.5379079254079254)(200,0.5532925407925408)(210,0.5802156177156178)(220,0.6071386946386947)(230,0.5756701631701631)(240,0.5722027972027972)(250,0.579516317016317)
};
\addlegendentry{All\_together}

\addplot[color=green,mark=*] coordinates {
(30,0.0858974358974359)(40,0.07724358974358973)(50,0.08493589743589743)(60,0.08878205128205127)(70,0.10486596736596736)(80,0.08493589743589744)(90,0.2634615384615384)(100,0.3012237762237762)(110,0.31346153846153846)(120,0.31276223776223777)(130,0.39353146853146853)(140,0.38723776223776224)(150,0.36451048951048953)(160,0.39772727272727276)(170,0.43618881118881114)(180,0.43618881118881114)(190,0.4323426573426573)(200,0.44490093240093237)(210,0.5302156177156178)(220,0.5994463869463871)(230,0.5148310023310023)(240,0.5068181818181817)(250,0.5106643356643357)
};
\addlegendentry{Hungarian}

\addplot[color=green,mark=*] coordinates {
(30,0.01217948717948718)(40,0.008012820512820512)(50,0.01987179487179487)(60,0.015705128205128205)(70,0.015705128205128205)(80,0.015705128205128205)(90,0.16570512820512823)(100,0.17094988344988346)(110,0.17934149184149187)(120,0.18767482517482517)(130,0.31742424242424244)(140,0.3292832167832168)(150,0.3016317016317017)(160,0.32051282051282054)(170,0.3778846153846154)(180,0.38659673659673655)(190,0.3995337995337995)(200,0.41453962703962705)(210,0.4620920745920746)(220,0.5393356643356644)(230,0.4739510489510489)(240,0.4656177156177156)(250,0.4817016317016317)
};
\addlegendentry{French}

\addplot[color=green,mark=*] coordinates {
(30,0.04364801864801865)(40,0.027243589743589747)(50,0.047494172494172496)(60,0.039481351981351984)(70,0.03493589743589744)(80,0.03878205128205129)(90,0.133974358974359)(100,0.21576340326340332)(110,0.21576340326340332)(120,0.2317890442890443)(130,0.28044871794871795)(140,0.33426573426573425)(150,0.31608391608391606)(160,0.31850233100233105)(170,0.3475524475524475)(180,0.35134032634032636)(190,0.3645979020979021)(200,0.4085664335664336)(210,0.4715034965034965)(220,0.5397144522144522)(230,0.48202214452214454)(240,0.4778554778554779)(250,0.4817016317016317)
};
\addlegendentry{Portuguese}

\addplot[color=green,mark=*] coordinates {
(30,0.05128205128205128)(40,0.03493589743589744)(50,0.046474358974358976)(60,0.04262820512820513)(70,0.06185897435897436)(80,0.06185897435897436)(90,0.16634615384615384)(100,0.3016608391608392)(110,0.3254370629370629)(120,0.33237179487179486)(130,0.37118298368298364)(140,0.36908508158508163)(150,0.34775641025641024)(160,0.35684731934731934)(170,0.4225524475524475)(180,0.39006410256410257)(190,0.39915501165501166)(200,0.4141608391608392)(210,0.45856643356643356)(220,0.5316433566433566)(230,0.48374125874125873)(240,0.48374125874125873)(250,0.48374125874125873)
};
\addlegendentry{Russian}

\addplot[color=green,mark=*] coordinates {
(30,0.08036130536130537)(40,0.08074009324009324)(50,0.07724358974358973)(60,0.06185897435897436)(70,0.0817890442890443)(80,0.0733974358974359)(90,0.25096153846153846)(100,0.3575757575757576)(110,0.35789627039627037)(120,0.3498834498834499)(130,0.40754662004662007)(140,0.4229895104895105)(150,0.43446969696969695)(160,0.41529720279720284)(170,0.4957459207459207)(180,0.527418414918415)(190,0.527418414918415)(200,0.5274184149184149)(210,0.5672785547785548)(220,0.5749708624708625)(230,0.5172785547785548)(240,0.513432400932401)(250,0.5249708624708624)
};
\addlegendentry{Chinese}

