size	dial	Natural_Neg	_All_together	_Hungarian	_Portuguese	_Russian
30	30	0.06863730866574094	0.16654210193472882	0.15522056817554247	0.07948157370533522	0.1171397748153515
60	60	0.09702565397392418	0.3586653342378434	0.27610595137838084	0.11739700425378892	0.19049124774979717
90	90	0.11884977400726993	0.4469835349795087	0.32530451388310194	0.13666716582640925	0.22382918867494936
120	120	0.2666998395061974	0.6184459578522122	0.4917381663902501	0.3804140302333111	0.3553433060497512
150	150	0.2785825870005292	0.6223382747588155	0.4985691944349009	0.4601748226410482	0.415409592779885
180	180	0.3759830518853854	0.6482872766176137	0.5406554485650149	0.49501790780679056	0.4781232585159157
210	210	0.4153714629354523	0.6514968538636597	0.61310520709216	0.5229213556598313	0.5093593599110676
240	240	0.4378220203748976	0.6488594964712159	0.6089873487558164	0.5385950600196439	0.5294290851674093
270	270	0.44444895709185817	0.6474338238064717	0.6144221313645122	0.5436919072132984	0.5380668079989114
300	300	0.4991134361702051	0.6493690822542074	0.617783043045571	0.5524398854369966	0.5595508408338639
330	330	0.4974182920387161	0.6511967693352794	0.6137293522437871	0.5674288646360575	0.5697280965383248
360	360	0.5192739030331015	0.6559116856013388	0.634572620933124	0.5838882836523337	0.5852378449118756