\addplot[color=green,mark=*] coordinates {
(10,10)(20,20)(30,30)(40,40)(50,50)(60,60)(70,70)(80,80)(90,90)(100,100)(110,110)(120,120)
};
\addlegendentry{dial}

\addplot[color=green,mark=*] coordinates {
(10,0)(20,0)(30,0)(40,0)(50,0)(60,0)(70,0)(80,0)(90,0)(100,0)(110,0)(120,0)
};
\addlegendentry{Natural\_Neg}

\addplot[color=green,mark=*] coordinates {
(10,0.037222222222222226)(20,0.026099290780141844)(30,0.04660991182730313)(40,0.032996632996632996)(50,0.033566433566433566)(60,0.03722943722943723)(70,0.0125)(80,0.025)(90,0.025)(100,0.025)(110,0)(120,0)
};
\addlegendentry{All\_together}

\addplot[color=green,mark=*] coordinates {
(10,0.03321917808219178)(20,0.0058823529411764705)(30,0.01608187134502924)(40,0.016005767844268205)(50,0.005194805194805195)(60,0.014814814814814814)(70,0.014285714285714285)(80,0.014285714285714285)(90,0.014285714285714285)(100,0)(110,0)(120,0)
};
\addlegendentry{Hungarian}

\addplot[color=green,mark=*] coordinates {
(10,0.037606837606837605)(20,0.016)(30,0.016)(40,0.015384615384615385)(50,0.015384615384615385)(60,0.0125)(70,0)(80,0)(90,0)(100,0)(110,0)(120,0)
};
\addlegendentry{French}

\addplot[color=green,mark=*] coordinates {
(10,0.04722222222222222)(20,0.023076923076923078)(30,0.016666666666666666)(40,0.016666666666666666)(50,0.017391304347826087)(60,0.023529411764705882)(70,0)(80,0)(90,0)(100,0)(110,0)(120,0)
};
\addlegendentry{Portuguese}

\addplot[color=green,mark=*] coordinates {
(10,0.05347985347985348)(20,0.05067873303167421)(30,0.03891402714932127)(40,0.015384615384615385)(50,0.026666666666666665)(60,0.015384615384615385)(70,0.016666666666666666)(80,0)(90,0)(100,0)(110,0)(120,0)
};
\addlegendentry{Russian}

\addplot[color=green,mark=*] coordinates {
(10,0.055714285714285716)(20,0.06776470588235295)(30,0.06527777777777778)(40,0.05549038774845226)(50,0.04968710888610763)(60,0.06222910216718266)(70,0.06339869281045751)(80,0.025)(90,0.014285714285714285)(100,0.014285714285714285)(110,0)(120,0)
};
\addlegendentry{Arabic}

\addplot[color=green,mark=*] coordinates {
(10,0.030018761726078803)(20,0.03876923076923077)(30,0.021496598639455782)(40,0.021176470588235293)(50,0.021558441558441558)(60,0.02)(70,0)(80,0)(90,0)(100,0)(110,0)(120,0)
};
\addlegendentry{German}

