\addplot[color=green,mark=*] coordinates {
(10,10)(20,20)(30,30)(40,40)(50,50)(60,60)(70,70)(80,80)(90,90)(100,100)(110,110)(120,120)(130,130)(140,140)(150,150)(160,160)(170,170)(180,180)(190,190)(200,200)(210,210)(220,220)(230,230)(240,240)(250,250)(260,260)(270,270)(280,280)(290,290)(300,300)(310,310)(320,320)(330,330)(340,340)(350,350)
};
\addlegendentry{dial}

\addplot[color=green,mark=*] coordinates {
(10,0.06707317073170732)(20,0)(30,0.02)(40,0.02)(50,0.02)(60,0.02)(70,0.041428571428571426)(80,0.02142857142857143)(90,0.041428571428571426)(100,0.041428571428571426)(110,0.0609688013136289)(120,0.02)(130,0.039540229885057475)(140,0.039540229885057475)(150,0.039540229885057475)(160,0.039540229885057475)(170,0.02)(180,0.02)(190,0.02)(200,0.02)(210,0.02)(220,0.02)(230,0.02)(240,0.02)(250,0.02)(260,0.02)(270,0.02)(280,0.02)(290,0.02)(300,0.02)(310,0.02)(320,0.02)(330,0.02)(340,0.02)(350,0)
};
\addlegendentry{Natural\_Neg}

\addplot[color=green,mark=*] coordinates {
(10,0.08902439024390243)(20,0)(30,0)(40,0)(50,0)(60,0)(70,0)(80,0)(90,0)(100,0)(110,0)(120,0)(130,0)(140,0)(150,0)(160,0)(170,0)(180,0)(190,0)(200,0)(210,0)(220,0)(230,0)(240,0)(250,0)(260,0)(270,0)(280,0)(290,0)(300,0)(310,0)(320,0)(330,0)(340,0)(350,0)
};
\addlegendentry{All\_together}

\addplot[color=green,mark=*] coordinates {
(10,0.08902439024390243)(20,0)(30,0)(40,0)(50,0)(60,0)(70,0)(80,0)(90,0)(100,0)(110,0)(120,0)(130,0)(140,0)(150,0)(160,0)(170,0)(180,0)(190,0)(200,0)(210,0)(220,0)(230,0)(240,0)(250,0)(260,0)(270,0)(280,0)(290,0)(300,0)(310,0)(320,0)(330,0)(340,0)(350,0)
};
\addlegendentry{Hungarian}

\addplot[color=green,mark=*] coordinates {
(10,0.08902439024390243)(20,0)(30,0)(40,0)(50,0)(60,0)(70,0)(80,0)(90,0)(100,0)(110,0)(120,0)(130,0)(140,0)(150,0)(160,0)(170,0)(180,0)(190,0)(200,0)(210,0)(220,0)(230,0)(240,0)(250,0)(260,0)(270,0)(280,0)(290,0)(300,0)(310,0)(320,0)(330,0)(340,0)(350,0)
};
\addlegendentry{French}

\addplot[color=green,mark=*] coordinates {
(10,0.08902439024390243)(20,0)(30,0)(40,0)(50,0)(60,0)(70,0)(80,0)(90,0)(100,0)(110,0)(120,0)(130,0)(140,0)(150,0)(160,0)(170,0)(180,0)(190,0)(200,0)(210,0)(220,0)(230,0)(240,0)(250,0)(260,0)(270,0)(280,0)(290,0)(300,0)(310,0)(320,0)(330,0)(340,0)(350,0)
};
\addlegendentry{Portuguese}

\addplot[color=green,mark=*] coordinates {
(10,0.02195121951219512)(20,0)(30,0)(40,0)(50,0)(60,0)(70,0)(80,0)(90,0)(100,0)(110,0)(120,0)(130,0)(140,0)(150,0)(160,0)(170,0)(180,0)(190,0)(200,0)(210,0)(220,0)(230,0)(240,0)(250,0)(260,0)(270,0)(280,0)(290,0)(300,0)(310,0)(320,0)(330,0)(340,0)(350,0)
};
\addlegendentry{Russian}

\addplot[color=green,mark=*] coordinates {
(10,0.08902439024390243)(20,0)(30,0)(40,0)(50,0)(60,0)(70,0)(80,0)(90,0)(100,0)(110,0)(120,0)(130,0)(140,0)(150,0)(160,0)(170,0)(180,0)(190,0)(200,0)(210,0)(220,0)(230,0)(240,0)(250,0)(260,0)(270,0)(280,0)(290,0)(300,0)(310,0)(320,0)(330,0)(340,0)(350,0)
};
\addlegendentry{Arabic}

\addplot[color=green,mark=*] coordinates {
(10,0.08902439024390243)(20,0)(30,0)(40,0)(50,0)(60,0)(70,0)(80,0)(90,0)(100,0)(110,0)(120,0)(130,0)(140,0)(150,0)(160,0)(170,0)(180,0)(190,0)(200,0)(210,0)(220,0)(230,0)(240,0)(250,0)(260,0)(270,0)(280,0)(290,0)(300,0)(310,0)(320,0)(330,0)(340,0)(350,0)
};
\addlegendentry{German}

