\addplot[color=green,mark=*] coordinates {
(20,20)(40,40)(60,60)(80,80)(100,100)(120,120)(140,140)(160,160)(180,180)(200,200)(220,220)(240,240)
};
\addlegendentry{dial}

\addplot[color=green,mark=*] coordinates {
(20,0.014285714285714285)(40,0.014285714285714285)(60,0)(80,0)(100,0)(120,0)(140,0)(160,0)(180,0)(200,0)(220,0)(240,0)
};
\addlegendentry{Natural\_Neg}

\addplot[color=green,mark=*] coordinates {
(20,0.02857142857142857)(40,0.02857142857142857)(60,0.038285714285714284)(80,0.022285714285714287)(100,0.014285714285714285)(120,0.014285714285714285)(140,0.014285714285714285)(160,0.02142857142857143)(180,0.014285714285714285)(200,0.04285714285714286)(220,0.049107142857142856)(240,0.04196428571428571)
};
\addlegendentry{All\_together}

\addplot[color=green,mark=*] coordinates {
(20,0.02142857142857143)(40,0.02857142857142857)(60,0.014285714285714285)(80,0.007142857142857143)(100,0)(120,0.007142857142857143)(140,0)(160,0)(180,0)(200,0)(220,0.00625)(240,0.00625)
};
\addlegendentry{Hungarian}

\addplot[color=green,mark=*] coordinates {
(20,0.014285714285714285)(40,0.014285714285714285)(60,0.016)(80,0.022285714285714287)(100,0)(120,0.02142857142857143)(140,0.014285714285714285)(160,0.014285714285714285)(180,0.008)(200,0.008)(220,0.00625)(240,0.00625)
};
\addlegendentry{French}

\addplot[color=green,mark=*] coordinates {
(20,0.02142857142857143)(40,0.02142857142857143)(60,0.014285714285714285)(80,0)(100,0)(120,0.014285714285714285)(140,0.014285714285714285)(160,0.007142857142857143)(180,0)(200,0.02142857142857143)(220,0.00625)(240,0.013657407407407406)
};
\addlegendentry{Portuguese}

\addplot[color=green,mark=*] coordinates {
(20,0.02142857142857143)(40,0.02142857142857143)(60,0.029428571428571425)(80,0.022285714285714287)(100,0)(120,0.014285714285714285)(140,0.014285714285714285)(160,0)(180,0)(200,0)(220,0.00625)(240,0.00625)
};
\addlegendentry{Russian}

\addplot[color=green,mark=*] coordinates {
(20,0.02142857142857143)(40,0.02142857142857143)(60,0.022285714285714287)(80,0.008)(100,0)(120,0.007142857142857143)(140,0.007142857142857143)(160,0)(180,0)(200,0)(220,0.00625)(240,0)
};
\addlegendentry{Arabic}

\addplot[color=green,mark=*] coordinates {
(20,0.02142857142857143)(40,0.02142857142857143)(60,0.014285714285714285)(80,0.007142857142857143)(100,0)(120,0.014285714285714285)(140,0.014285714285714285)(160,0.014285714285714285)(180,0)(200,0)(220,0)(240,0)
};
\addlegendentry{German}

