size	dial	Natural_Neg	All_together	Hungarian	French	Portuguese	Russian	Arabic	German
20	20	0.18591273444215856	0.3197080504976159	0.2718545514581556	0.2329945582596032	0.20618271336020205	0.23675247434531727	0.30970403644199734	0.23953768453768456
40	40	0.27210293656329465	0.3387080958826091	0.31828307389833393	0.28167319397394586	0.2549753504401785	0.29582342216386465	0.3525172634507673	0.3103783852992271
60	60	0.46872204179669985	0.5497439821849502	0.5229192204012565	0.5251194565480939	0.5178894480072633	0.5129579063838399	0.5304975350160213	0.5079041307649383
80	80	0.4986281127577712	0.5738863388364084	0.5652252160436373	0.5489946864854229	0.540561091290889	0.5506014972540731	0.5709536711135345	0.5507187582674166
100	100	0.5415599880816889	0.5995399460179789	0.5736473362812772	0.5668748497118973	0.5660012050664169	0.563755002938599	0.5950270976994945	0.5941436929659037
120	120	0.5477960135122409	0.6128534026028879	0.63263831678584	0.587036503919983	0.5989529899226422	0.5599860195103382	0.6142410899561703	0.6057051161553566
140	140	0.5915401552443683	0.6539471721730694	0.6729045486386849	0.629439546516523	0.6324511080870125	0.6157088789159143	0.6652778293042693	0.6361746181215503
160	160	0.6129604759246394	0.7035754302767586	0.723679341610427	0.669556823484398	0.6783429956395919	0.6401750231239404	0.7003112719334004	0.676001196889921
180	180	0.6314631339763634	0.7356369361198168	0.7331994180410119	0.7044197006808658	0.6995047940700841	0.664487144938372	0.7319315537094134	0.6945098313874852
200	200	0.6398840590260355	0.7426463901639545	0.7412467015981485	0.7166622339976784	0.7128146808844423	0.6852478988252086	0.743818000501421	0.7218846921136408
220	220	0.6243131454776841	0.7440715673657273	0.7254288934993193	0.712567517843719	0.7089831374961058	0.6901396757029883	0.729897587527822	0.7124001126851198
240	240	0.6393822501303443	0.738250929627841	0.7468634607902548	0.7219421195433805	0.7053286361362133	0.6975533139767721	0.7424665073103972	0.7211490018497535