size	dial	Natural_Neg	All_together	Hungarian	French	Portuguese	Russian	Arabic
30	30	0.11677375256322624	0.11020998511645139	0.18421164021164022	0.11320285948669868	0.17679950571516836	0.13282403870639165	0.12440913604766632
40	40	0.12895126058979087	0.13036682615629985	0.18962440544530096	0.11670329670329668	0.1840909090909091	0.09930069930069929	0.21326315789473682
50	50	0.11272863008585292	0.1544850896179673	0.17407407407407408	0.17585948477751753	0.15792682926829268	0.1188861985472155	0.2561464228807028
60	60	0.16753725973892486	0.21894556233790957	0.17922837486865323	0.24310975188333678	0.29500629394246414	0.16551162790697677	0.23221347861178368
70	70	0.1642528456933991	0.23712827451957885	0.22044656427207418	0.23662322401452837	0.2604283590537795	0.24047619047619045	0.275457336523126
80	80	0.06783755397362586	0.2118498228644871	0.21178565500068247	0.2361731695065028	0.21166828692024658	0.20890908920274312	0.276087543272898
90	90	0.04952859836580767	0.22758053681484366	0.17199886776430626	0.20890765549150644	0.23302672098399438	0.20242930671939238	0.27308695652173914
100	100	0.04895960832313341	0.2392169004512073	0.18060576693324149	0.24259832239371876	0.3055775245414468	0.22123243763908723	0.30489247311827955
110	110	0.12105263157894737	0.26594471159124344	0.25403381642512074	0.24094765041190805	0.3556794854852209	0.22879548794442411	0.30580900339651196
120	120	0.17629072681704258	0.24933333333333335	0.23391759449775332	0.20469489480716901	0.33052684919961806	0.2267173252279635	0.2816425120772946
130	130	0.1943191311612364	0.2393550441453177	0.23376751366067325	0.21312986196707126	0.33330546374262543	0.19948900929474472	0.25555555555555554
140	140	0.19620618234225423	0.24864937388193203	0.22843067957458735	0.22352941176470584	0.3517948717948718	0.1983789260385005	0.2451077943615257
150	150	0.10613199665831244	0.23094296690442526	0.22804751736409412	0.1968067226890756	0.2958144123095803	0.15939105811446236	0.2346753327662734
160	160	0.08421052631578947	0.27984047741718254	0.24285983865641364	0.23283275842884166	0.26932086469563177	0.1620197852048206	0.25617309519748543
170	170	0.10644490644490645	0.291725517997295	0.21530122993537626	0.28533010628222666	0.2811078871969399	0.18444154653062395	0.2654038644282547
180	180	0.07648351648351649	0.3218866733685344	0.24692503207879662	0.275440351701067	0.2997332938531996	0.18596505596505597	0.2960286225402504
190	190	0.06676691729323309	0.3238852303670914	0.247854184227461	0.29724342425040823	0.2973249742035006	0.187985257985258	0.2760075155984118
200	200	0.06777532065457763	0.32598499061913694	0.24529168449579228	0.23989576160567933	0.30340869309095975	0.1521978021978022	0.28422131730058553
210	210	0.06777532065457763	0.32598499061913694	0.23993434679802905	0.23423347646917775	0.23541154412445936	0.14712533842968625	0.21062151502787976
220	220	0.05721603956898075	0.33122907699665227	0.23358514044882273	0.238137541406872	0.24598103730264817	0.18740782756664776	0.20942985663661862
230	230	0.05753349988644106	0.3369606003752345	0.23358514044882273	0.24052052013027625	0.24561860903324315	0.18952498762988618	0.2092601067887109
240	240	0.06723550958845077	0.33687902465134645	0.235968119172227	0.26014998870092126	0.24489133630597043	0.21696405919661732	0.22570892640406046
250	250	0.06723550958845077	0.33769466509267226	0.235968119172227	0.2377723663232989	0.24489133630597043	0.21696405919661732	0.20828720642962129