\addplot[color=green,mark=*] coordinates {
(20,20)(30,30)(40,40)(50,50)(60,60)(70,70)(80,80)(90,90)(100,100)
};
\addlegendentry{dial}

\addplot[color=green,mark=*] coordinates {
(20,0.040757575757575756)(30,0.046818181818181814)(40,0.012727272727272726)(50,0.052727272727272734)(60,0.04689655172413794)(70,0)(80,0)(90,0)(100,0.03333333333333333)
};
\addlegendentry{Natural\_Neg}

\addplot[color=green,mark=*] coordinates {
(20,0.13206349206349205)(30,0.09421455938697318)(40,0.050914454277286136)(50,0.0917117117117117)(60,0.09844155844155844)(70,0.05844155844155845)(80,0.012727272727272726)(90,0.012727272727272726)(100,0.04606060606060606)
};
\addlegendentry{All\_together}

\addplot[color=green,mark=*] coordinates {
(20,0.05089605734767024)(30,0.05661034306195596)(40,0.012549019607843137)(50,0.052727272727272734)(60,0.09844155844155844)(70,0.05844155844155845)(80,0.012727272727272726)(90,0.012727272727272726)(100,0.04629049111807732)
};
\addlegendentry{Hungarian}

\addplot[color=green,mark=*] coordinates {
(20,0.05111111111111111)(30,0.057171717171717165)(40,0.012727272727272726)(50,0.052727272727272734)(60,0.08482603815937148)(70,0.08482603815937148)(80,0.052727272727272734)(90,0.052727272727272734)(100,0.08606060606060606)
};
\addlegendentry{French}

\addplot[color=green,mark=*] coordinates {
(20,0.05111111111111111)(30,0.057171717171717165)(40,0.012727272727272726)(50,0.052727272727272734)(60,0.09844155844155844)(70,0.05844155844155845)(80,0.012727272727272726)(90,0.012727272727272726)(100,0.012727272727272726)
};
\addlegendentry{Portuguese}

\addplot[color=green,mark=*] coordinates {
(20,0.08039950062421972)(30,0.11439950062421973)(40,0.0699550561797753)(50,0.08066666666666666)(60,0.1263809523809524)(70,0.08638095238095238)(80,0.04066666666666667)(90,0.04066666666666667)(100,0.074)
};
\addlegendentry{Russian}

\addplot[color=green,mark=*] coordinates {
(20,0.12271686969361388)(30,0.13260770975056688)(40,0.04244897959183674)(50,0.052727272727272734)(60,0.09844155844155844)(70,0.05844155844155845)(80,0.05844155844155845)(90,0.058860837438423644)(100,0.03958333333333333)
};
\addlegendentry{Chinese}

