size	dial	Natural_Neg	All_together	Hungarian	French	Portuguese	Russian	Chinese
30	30	0.6069299832601529	0.6162809009117362	0.649186680523304	0.618415698628589	0.6333688629645545	0.6057435198876184	0.610089787050065
40	40	0.6297530466682112	0.6770373820383948	0.6921332557001393	0.6573997610827532	0.6733391918281222	0.6386056902420896	0.6488734727841232
50	50	0.6310200278594321	0.6345567380405542	0.6561323512234338	0.6462247482072587	0.6402934107338066	0.6236156167462241	0.6436142678932464
60	60	0.6704574566865664	0.6460411671812614	0.6825688954611625	0.6760349055775268	0.6722251312346164	0.6648282360338534	0.6690101059739091
70	70	0.6684319214054615	0.6633710307621354	0.6764536505829196	0.6721747954807312	0.6819743697652706	0.6774662772439195	0.6846932800382598
80	80	0.6593398638317931	0.6715300625826289	0.6810739502607299	0.6612708044883268	0.6758509265683388	0.6735750532391975	0.675801054827152
90	90	0.686067454324401	0.6812305807503264	0.6971415273525439	0.6956590420290887	0.6984576346787583	0.7028694645359074	0.694404030244646
100	100	0.6840196676641292	0.6924128950572268	0.6941793431114579	0.7155168858692837	0.7070000576035579	0.7243523502655818	0.7237533743181636
110	110	0.6746913891614241	0.6898006492729528	0.6778893927412838	0.6938105202559415	0.6944131509904736	0.7070451931205322	0.701458017607748
120	120	0.669967101398695	0.6983356682205711	0.6854865976759059	0.6937711358978274	0.7033050280004873	0.7102875292917461	0.7125208977564854
130	130	0.6649454883178549	0.6830718706491351	0.6827167816420494	0.6827470192540528	0.6982484370927565	0.6922970931788731	0.7005173732952771
140	140	0.6767370105592112	0.7020356609392798	0.6836026867635235	0.6925508437519516	0.7020656909014685	0.7056683750473943	0.7183682663034965
150	150	0.6677991560327736	0.6953050225091425	0.690244564201805	0.6868060816725301	0.6927632818392035	0.6916663808117849	0.6972744345981877
160	160	0.664994492427847	0.6959263113373492	0.6898994779425232	0.6830275519223213	0.6867144542384249	0.6865620431290661	0.69410525435087
170	170	0.6830614364256795	0.692731531125577	0.6937126917201188	0.6909707927972948	0.6918267061264853	0.6934994212634298	0.7058993499761405
180	180	0.7023840903634924	0.6895985432507744	0.701365377149324	0.7044190887118981	0.6954429328785674	0.685598140545008	0.7005236818331162
190	190	0.6988987690580983	0.6928133536158694	0.715965639534245	0.6989528577814074	0.6884394390292734	0.701455699960365	0.6926491216000065
200	200	0.7201544139632607	0.7137332209538296	0.7502675914794847	0.711305542545617	0.7073992089458295	0.714462875792734	0.7126003858673058
210	210	0.721741520839771	0.7204013875839441	0.7556346226030516	0.7154053231701892	0.721721023287704	0.7122332087291968	0.7275177579441383
220	220	0.714161874422158	0.7281083427301911	0.7579636311454707	0.7179927703259785	0.7145077855376174	0.7265974364875847	0.7361751070204734
230	230	0.7281678260326345	0.7393550643159724	0.7608528557394637	0.7167950644060357	0.7253640017784087	0.7180787506526436	0.7330096138796992
240	240	0.7293660179519771	0.7466281095312932	0.7697507282841732	0.725667652491534	0.7370510112323816	0.7287830665696475	0.740636590994695
250	250	0.7341019853959592	0.7468936930093772	0.7722526613127929	0.7290999103811923	0.7354212296194127	0.7392583085013305	0.74440534894744