size	dial	Natural_Neg	All_together	Hungarian	French	Portuguese	Russian	Arabic	German
20	20	0	0	0	0	0	0	0	0
40	40	0	0	0	0	0	0	0	0
60	60	0	0.01	0.02	0	0.01	0	0	0
80	80	0	0.02	0.02	0	0.01	0	0	0
100	100	0.03	0.03	0.02	0.03	0.04	0.06	0.06999999999999999	0
120	120	0.03	0.01	0.01	0.03	0.01	0.02	0	0
140	140	0.03	0.021111111111111112	0.01	0.06333333333333332	0.043333333333333335	0.021111111111111112	0	0.03333333333333333
160	160	0.03	0.042222222222222223	0.01	0.07444444444444445	0.05444444444444444	0.01111111111111111	0	0.04444444444444444
180	180	0.03	0.042222222222222223	0.01	0.06333333333333332	0.05444444444444444	0.01111111111111111	0	0.04444444444444444
200	200	0.03	0.05333333333333333	0.021111111111111112	0.05222222222222221	0.021111111111111112	0	0	0.01111111111111111
220	220	0.03	0.11222222222222222	0.04111111111111111	0.08222222222222222	0.07222222222222223	0.061111111111111116	0.09111111111111111	0.03111111111111111