size	dial	Natural_Neg	All_together	Hungarian	Portuguese	Russian	Arabic
10	10	0.5079767785015291	0.46171589779872296	0.4896083269337369	0.5056812874802376	0.47229741292613125	0.47618711747063613
20	20	0.5356849934852328	0.5126212261510633	0.531539869498818	0.5506020797181667	0.5131058578969221	0.516272633449783
30	30	0.5748288324402007	0.5558967264214252	0.5746792379464484	0.5882131788249426	0.5666514841781525	0.551895657593598
40	40	0.5961042621464456	0.5729062675374422	0.6029682904289336	0.6049129154688976	0.5896506035728575	0.575912380216843
50	50	0.599898423065093	0.5824757699834057	0.6039965341876233	0.6099277837165602	0.593499212782471	0.5799978504924168
60	60	0.6112558477194178	0.5918618861008076	0.6123845165131799	0.6165708242246162	0.6001191770755522	0.5865592593183806
70	70	0.6224726732264407	0.6029160681929318	0.6174290123446509	0.6236458129450424	0.6107355251859108	0.598831499906518
80	80	0.6312936552730402	0.6217506559251216	0.6308461388942013	0.6343578123005946	0.6242965989197555	0.6118174886467914
90	90	0.6415995677680787	0.6378229045608533	0.6444318524998767	0.6516886290954957	0.6438347969338839	0.6286676436967045
100	100	0.6484237055928143	0.6454876614108143	0.6515435710406946	0.6599784564577011	0.6488888094212208	0.6421315147312137
110	110	0.6561474135790383	0.6561533366706738	0.6592869133179751	0.6684185664403406	0.6563772472226054	0.6503727861029044
120	120	0.6604600485369908	0.6607719315592337	0.6641328164926945	0.6721132383441627	0.6615839728556511	0.6528567835404562
130	130	0.6646314398628664	0.6700532733661678	0.6726218092156092	0.6779979580557883	0.664067134688287	0.6577215993361019
140	140	0.6701315236492612	0.6753315773680348	0.6774336295882242	0.6827386809062477	0.6705738316232731	0.6641128261651028
150	150	0.6725594278630298	0.6801452446709989	0.6856763779425249	0.6889806755826002	0.6772081649718754	0.6702427363613525
160	160	0.6806566146197365	0.6851317795669559	0.687800431606094	0.6870418677534709	0.6819251490043927	0.6724171059411874
170	170	0.6822773407296288	0.6857101920341195	0.6900029959955541	0.6908494630709189	0.6855590868957891	0.6742168961037313
180	180	0.6836353988374378	0.6862874727585888	0.6928350580032496	0.6937291879978351	0.6885722407858166	0.6748374195011382
190	190	0.6806545957159755	0.6883766515014852	0.693046855818237	0.6941108899957914	0.6901235133071432	0.6734567297035067
200	200	0.6804232569083686	0.6914992850538886	0.6964350600945617	0.6961291735623863	0.6918330260914611	0.6755859030649427
210	210	0.6817847655870033	0.6924952161668556	0.698075967325149	0.6982605952646493	0.6932724032092848	0.6777341003083539
220	220	0.6845000769458017	0.6945007067710401	0.6960942591412279	0.6972857432845865	0.6945624145214417	0.6804482512510674
230	230	0.6822446236889085	0.6949766783469735	0.6945961488094188	0.6967692914531715	0.6942579714264863	0.6804724147832275
240	240	0.6837323357992424	0.6954862490284623	0.6960192211677004	0.6972335595127759	0.6922005961950526	0.6823525231520693