size	dial	Natural_Neg	All_together	Hungarian	French	Portuguese	Russian	Arabic	German
10	10	0.40439661337104094	0.3847611479616649	0.3893567426058316	0.39859093655649136	0.4170359470744841	0.37410153144170083	0.36456834502609703	0.3621483100619393
20	20	0.3370392837871727	0.3263021312869358	0.32291404387793554	0.3235343649667516	0.32078704380867673	0.33662160802496977	0.32271735116985817	0.2970750337257123
30	30	0.3423112580341513	0.34144832468334346	0.34843550856580174	0.3472857376887576	0.3435641789523391	0.33015865106384823	0.3554269161822013	0.3284573310083264
40	40	0.3977348213760431	0.4022536380629346	0.38961337721377454	0.4017893946332178	0.38616292122997786	0.3831942883860981	0.3979914754898624	0.3821943964143056
50	50	0.4651202500427992	0.49192165257880205	0.4753071964352113	0.4887971119036516	0.46594056100504727	0.468319660771564	0.4800157681286145	0.455735742410759
60	60	0.4834080044920787	0.517653620252334	0.5133288709782023	0.5013251785974514	0.4960045332725505	0.48882385949675156	0.4992731129989151	0.47486950022702307
70	70	0.49934306455802735	0.5484024929824528	0.539014422433924	0.5292692928465069	0.5083580026685771	0.5204298976453321	0.5264017038995904	0.5037129858693048
80	80	0.49893538366065143	0.5338993846203107	0.5231143688332204	0.5182468690991711	0.5051692505559446	0.5075161000469299	0.5316644896329985	0.4952332757839525
90	90	0.5156932380186021	0.5484424715640184	0.5536547099170953	0.5491953865150357	0.5290743368037022	0.5223509875677175	0.535299563423143	0.5220211649254017
100	100	0.5438674547800886	0.5656621222431438	0.572367783399688	0.569273052738194	0.5503330912322327	0.5430006718023812	0.5634421410471345	0.5347102753724989
110	110	0.5415773904333947	0.5583894325077662	0.5678800187532042	0.5651689132607127	0.5383150880497081	0.5451585269611801	0.5587297686106109	0.537441421841773
120	120	0.5477970640675656	0.566343431875449	0.5804260668492751	0.5606651355200194	0.5477306889252208	0.5606246275488312	0.5665514677723336	0.5498733315924393