size	dial	Natural_Neg	All_together	Hungarian	French	Portuguese	Russian	Arabic	German
20	20	0.20068050977535812	0.39389643694103704	0.32084252985537104	0.294855932699308	0.28513995423371724	0.30144789115204795	0.31857223935667767	0.2859095618864176
40	40	0.2268401008238367	0.36339024755025495	0.32427112491617455	0.2648895540879079	0.2741452072854425	0.3205377453191259	0.3552597070367346	0.2678914147759458
60	60	0.33515430195370366	0.40205572141628315	0.40418060468462647	0.3561409424366099	0.3367320081253943	0.3501294143122894	0.37619855202859676	0.3531115503700734
80	80	0.37308765812322014	0.3910753818648938	0.3978708433953774	0.3678873222554946	0.3633705259659319	0.39447801181179243	0.4172542205841826	0.36959223422248383
100	100	0.41525871363522293	0.4469946989664123	0.46455185604266785	0.4237988994921323	0.4147064232298335	0.4545392182632777	0.46666766731670684	0.43908587938713894
120	120	0.4259079266007487	0.48015551700634057	0.47577364800199096	0.4351315640864768	0.4407059793851147	0.44553280125660943	0.4753614488446579	0.44549022237835345
140	140	0.4246218849168488	0.4820470754954025	0.5026130554871784	0.4276642751560997	0.43585247605719707	0.4382283178228283	0.4864025082264479	0.44709531560860916
160	160	0.43102423001169055	0.489181466480707	0.5257036920313742	0.4678272419166043	0.4753058083872335	0.46410560375141313	0.5024945115360608	0.4780633363640677
180	180	0.4396989503082924	0.4888008140444467	0.5308365142720886	0.484135421629374	0.4854218445091837	0.47735786756172194	0.5148251560068415	0.4725356164029372
200	200	0.4568084289439042	0.5284230629519939	0.552878115014591	0.5052227454906199	0.5093531136039589	0.5038664982757592	0.5441734856435323	0.510990100212622
220	220	0.5171200641620789	0.5631283920993733	0.5793591291178701	0.5526165910386094	0.5525732394312151	0.545546592177557	0.5745936626626363	0.5403038338154473
240	240	0.5061168616785073	0.554401007726337	0.5688296827624617	0.5464932210037239	0.5489089083753327	0.5367783032878819	0.5492633760975019	0.5243789464139861