size	dial	Natural_Neg	All_together	Hungarian	French	Portuguese	Russian	Arabic
20	20	0.03	0.04	0.03	0.03	0.03	0.04	0.03
30	30	0.04	0.05	0.05	0.06	0.06	0.06	0.06
40	40	0.10907894736842105	0.12960526315789472	0.12960526315789472	0.11907894736842106	0.11907894736842106	0.12907894736842104	0.11907894736842106
50	50	0.10907894736842105	0.12960526315789472	0.12960526315789472	0.10907894736842105	0.11907894736842106	0.11907894736842106	0.11907894736842106
60	60	0.09907894736842104	0.12960526315789472	0.12960526315789472	0.10907894736842105	0.10907894736842105	0.11907894736842106	0.10907894736842105
70	70	0.1006578947368421	0.1611842105263158	0.15118421052631578	0.14065789473684212	0.14065789473684212	0.14065789473684212	0.14065789473684212
80	80	0.06315789473684211	0.1611842105263158	0.15118421052631578	0.14065789473684212	0.14065789473684212	0.10907894736842105	0.14065789473684212
90	90	0.05657894736842105	0.21776315789473683	0.1827631578947368	0.19723684210526313	0.19723684210526313	0.16565789473684212	0.19723684210526313
100	100	0.05657894736842105	0.2388157894736842	0.2038157894736842	0.21828947368421053	0.21828947368421053	0.23078947368421052	0.21828947368421053
110	110	0.05657894736842105	0.2388157894736842	0.2038157894736842	0.21828947368421053	0.21828947368421053	0.23078947368421052	0.21828947368421053
120	120	0.05657894736842105	0.2288157894736842	0.1738157894736842	0.21828947368421053	0.21828947368421053	0.20078947368421055	0.21828947368421053
130	130	0.05657894736842105	0.2288157894736842	0.1738157894736842	0.21828947368421053	0.18828947368421053	0.18828947368421053	0.16565789473684212
140	140	0.05657894736842105	0.2538157894736842	0.1513157894736842	0.24328947368421053	0.21328947368421053	0.18828947368421053	0.16565789473684212
150	150	0.05657894736842105	0.28381578947368424	0.18131578947368424	0.24828947368421056	0.2522368421052631	0.06657894736842104	0.16565789473684212