\addplot[color=green,mark=*] coordinates {
(10,10)(20,20)(30,30)(40,40)(50,50)(60,60)(70,70)(80,80)(90,90)(100,100)
};
\addlegendentry{dial}

\addplot[color=green,mark=*] coordinates {
(10,0.010526315789473684)(20,0.020526315789473684)(30,0.020526315789473684)(40,0.03791762013729977)(50,0.03957393483709273)(60,0.07532140628250468)(70,0.08632718159033949)(80,0.07862155388471179)(90,0.08957393483709272)(100,0.0806265664160401)
};
\addlegendentry{Natural\_Neg}

\addplot[color=green,mark=*] coordinates {
(10,0.030526315789473686)(20,0.06419947920776455)(30,0.06388599958394008)(40,0.06388599958394009)(50,0.05566089135883186)(60,0.08401837928153717)(70,0.0696901953881359)(80,0.0814022819285977)(90,0.12580361972123985)(100,0.12042059694691272)
};
\addlegendentry{All\_together}

\addplot[color=green,mark=*] coordinates {
(10,0.015384615384615385)(20,0.027391304347826086)(30,0.027391304347826086)(40,0.019090909090909092)(50,0)(60,0.0711323763955343)(70,0.092)(80,0.07685185185185185)(90,0.11499999999999999)(100,0.10557894736842104)
};
\addlegendentry{Hungarian}

\addplot[color=green,mark=*] coordinates {
(10,0.017692307692307695)(20,0.030050125313283205)(30,0.019523809523809523)(40,0.03531328320802005)(50,0.03952380952380953)(60,0.04)(70,0.04433276740237691)(80,0.03995488721804512)(90,0.06500184026499815)(100,0.055484671274144956)
};
\addlegendentry{Portuguese}

\addplot[color=green,mark=*] coordinates {
(10,0.025910931174089068)(20,0.03302631578947368)(30,0.038173374613003096)(40,0.05319775596072931)(50,0.046332767402376906)(60,0.10380673906989697)(70,0.12655254762215712)(80,0.11375708502024291)(90,0.14210873337189128)(100,0.11868016194331983)
};
\addlegendentry{Russian}

\addplot[color=green,mark=*] coordinates {
(10,0.008695652173913044)(20,0.02)(30,0.019523809523809523)(40,0.019523809523809523)(50,0.020526315789473684)(60,0.06852631578947369)(70,0.04904761904761905)(80,0.04904761904761905)(90,0.054973544973544966)(100,0.05554334554334554)
};
\addlegendentry{Arabic}

