size	dial	Natural_Neg	All_together	Hungarian	French	Portuguese	Russian	Arabic	German
20	20	0.13985395902547065	0.2715532819893285	0.212958729739253	0.190418082402094	0.1531278943924293	0.1833185782241015	0.24906127302929632	0.1705250805396154
40	40	0.18176944905869324	0.24192857772072887	0.21672719722138326	0.2177248187858653	0.18179851882613512	0.20846666414980364	0.24674472087989532	0.2039941671700393
60	60	0.362295253196416	0.4857884702506795	0.4369095754052149	0.4547698014195107	0.44314482029598307	0.4174792988019732	0.4458856211617839	0.41963709981878583
80	80	0.402972478103292	0.5189255511929931	0.4924599504177992	0.4936397928621766	0.4942175072989027	0.4604456105909594	0.494825833081647	0.4754253813047418
100	100	0.4501175060404711	0.546397708396255	0.5002026703916239	0.49525543013188367	0.5156301595691131	0.4689931289640592	0.510655800110742	0.5179857230947348
120	120	0.4600661620356387	0.551077091513138	0.5544222855632739	0.5164555647840532	0.541777660324172	0.4719478631833283	0.5242720603040371	0.5305450581395349
140	140	0.4896250817980469	0.5902434435719319	0.5941042484647137	0.567058793919259	0.5735645386590154	0.5230001006745193	0.5813595150005033	0.5658033826638478
160	160	0.5160231048021746	0.6460304351656097	0.6529620016611296	0.615349592268197	0.6294404384375315	0.5572175135910602	0.6263100271821201	0.6067672782643713
180	180	0.53471474504178	0.6861237163998792	0.6746054817275747	0.6566578261854424	0.6477926482432296	0.5849689482029599	0.6723178735024666	0.6279072598912715
200	200	0.5428137898922782	0.6948954243430988	0.6833972931138629	0.6649543818584517	0.6593509010369475	0.6103803294573643	0.6963589172455451	0.6561082062317527
220	220	0.5080701953085673	0.6939009803181315	0.651555861773885	0.6495238724453841	0.6406343438538207	0.6041245406725058	0.6616573228128461	0.6348486106916339
240	240	0.530435039766435	0.6954985905567301	0.6892697322057787	0.6633727536997887	0.6448877164502165	0.624163835195812	0.6751407555622672	0.6525120494815262