size	dial	Natural_Neg	_All_together	_Hungarian	_Portuguese	_Russian
30	30	0.12885665857532863	0.14613795887453176	0.13857493366444773	0.14109594206780907	0.1394152697989015
60	60	0.08519425915485113	0.14531935557114145	0.10830053304962908	0.11422635165293246	0.10741673125304838
90	90	0.03127436281859071	0.2060946651105037	0.10743846408411184	0.1985316399004196	0.16211409237166297
120	120	0	0.2234664414072293	0.07668444919966219	0.11064685988621079	0.10371147622668922
150	150	0.025	0.2192284165654983	0.0777216208250691	0.08116989668713806	0.0777216208250691
180	180	0.025	0.2157801407034293	0.05292792792792793	0.0777216208250691	0.076004851004851
210	210	0	0.2157801407034293	0.07595865095865097	0.07682071992416821	0.07685955185955187
240	240	0	0.18610451241587816	0.04893162393162394	0.048069554966106695	0.04893162393162394
270	270	0	0.1852570547887595	0.04893162393162394	0.07479369289714118	0.04893162393162394
300	300	0	0.18439498582324226	0.07479369289714118	0.07393162393162393	0.07479369289714118
330	330	0	0.15663466430332998	0.04893162393162394	0.07393162393162393	0.04893162393162394
360	360	0	0.12967814256419954	0.04893162393162394	0.048069554966106695	0.04893162393162394