size	dial	Natural_Neg	All_together	Hungarian	French	Portuguese	Russian	Arabic
30	30	0.1780946533804973	0.3733421252069165	0.3326171046134748	0.24489969044869228	0.19603627316422237	0.24609853546332677	0.2267957330026295
40	40	0.2241688423494231	0.3769871205624381	0.3522667970263252	0.2738121814664464	0.22039397686403134	0.30262433422596763	0.26032654429659874
50	50	0.25522331419336863	0.39126932958148924	0.4141585456286	0.3234723458634529	0.27956831130152365	0.32894007988381857	0.30582705256026493
60	60	0.28485940707810037	0.4117675971940945	0.4014766661046153	0.3389122115029556	0.31120542796586353	0.3808559030201498	0.31709192803566666
70	70	0.36868554615378574	0.47206358372420076	0.46174570438635776	0.393779198720215	0.4225606879508875	0.44286352788167677	0.43696791109676764
80	80	0.36741567567338895	0.47024540190601893	0.4565430425593765	0.39761672084721084	0.44665773125845715	0.44465146166598063	0.42982277553057957
90	90	0.3712355702373851	0.4649184481580126	0.4530947666973075	0.39762757206495863	0.43051342486914174	0.42199238450599613	0.4282370805238319
100	100	0.370193747571243	0.4544795766846583	0.4478618568364485	0.39784476866146556	0.4176545203133225	0.41864900374882225	0.42809533781403103
110	110	0.37630099029826797	0.4814511592460776	0.46913252959986174	0.4300537000809233	0.43394422576818226	0.4369882975463738	0.4410267636175077
120	120	0.368756955385812	0.48138958289139777	0.46026553452597	0.43339492026424875	0.4409531379086733	0.45478734060857473	0.4409965155836299