size	dial	Natural_Neg	_All_together	_Hungarian	_Portuguese	_Russian
30	30	0.019854042289798934	0.017346205299203322	0.0239292773995168	0.02077914270873042	0.019854042289798934
60	60	0.06179510199597536	0.039039436292963706	0.043251631629215054	0.058992378753587885	0.061488353529717696
90	90	0.062101850462233044	0.048000403025475244	0.04909167161822947	0.06245871977391505	0.04789527479068842
120	120	0.06901282380208582	0.06199937793051755	0.05929102454267805	0.059545390200456204	0.059545390200456204
150	150	0.03271696821240101	0.06659174577979429	0.06139220832610022	0.054875467816844624	0.06319155061939238
180	180	0.046787136924057456	0.09126062944472177	0.07783584329542537	0.0816120073418873	0.08338518558871755
210	210	0.047102594337306666	0.08233137629517084	0.05845101545213908	0.07164124980186545	0.07350956019941898
240	240	0.04897759433730667	0.07738712987117694	0.05170254919447037	0.07273251531703966	0.07611851632536186
270	270	0.035669544970751435	0.06819639875476882	0.044189963304712976	0.0629175024654984	0.04817664078859808
300	300	0.04235744305992341	0.06454436737685615	0.04963059748664589	0.059899178517926296	0.06327575383104109
330	330	0.04114063611197967	0.07423959714513406	0.05895958521670723	0.07677920097464253	0.07013984988815733
360	360	0.03407369851673134	0.07169182644449712	0.05895958521670723	0.07616570404212719	0.06983403949060382