\addplot[color=green,mark=*] coordinates {
(20,20)(40,40)(60,60)(80,80)(100,100)(120,120)(140,140)(160,160)(180,180)(200,200)(220,220)
};
\addlegendentry{dial}

\addplot[color=green,mark=*] coordinates {
(20,0)(40,0)(60,0)(80,0)(100,0)(120,0)(140,0)(160,0)(180,0)(200,0)(220,0)
};
\addlegendentry{Natural\_Neg}

\addplot[color=green,mark=*] coordinates {
(20,0)(40,0)(60,0)(80,0)(100,0.03538461538461539)(120,0.02)(140,0.02)(160,0.03538461538461539)(180,0.02)(200,0)(220,0)
};
\addlegendentry{All\_together}

\addplot[color=green,mark=*] coordinates {
(20,0)(40,0)(60,0)(80,0)(100,0)(120,0)(140,0)(160,0)(180,0)(200,0)(220,0)
};
\addlegendentry{Hungarian}

\addplot[color=green,mark=*] coordinates {
(20,0)(40,0)(60,0.015384615384615385)(80,0.015384615384615385)(100,0.015384615384615385)(120,0.015384615384615385)(140,0.015384615384615385)(160,0.015384615384615385)(180,0.015384615384615385)(200,0)(220,0)
};
\addlegendentry{French}

\addplot[color=green,mark=*] coordinates {
(20,0)(40,0)(60,0.015384615384615385)(80,0.015384615384615385)(100,0.03538461538461539)(120,0.03538461538461539)(140,0.015384615384615385)(160,0.015384615384615385)(180,0.015384615384615385)(200,0.015384615384615385)(220,0.015384615384615385)
};
\addlegendentry{Portuguese}

\addplot[color=green,mark=*] coordinates {
(20,0)(40,0)(60,0.015384615384615385)(80,0.015384615384615385)(100,0)(120,0)(140,0)(160,0.015384615384615385)(180,0)(200,0)(220,0)
};
\addlegendentry{Russian}

\addplot[color=green,mark=*] coordinates {
(20,0)(40,0)(60,0)(80,0)(100,0.02)(120,0.02)(140,0)(160,0.015384615384615385)(180,0)(200,0)(220,0)
};
\addlegendentry{Arabic}

\addplot[color=green,mark=*] coordinates {
(20,0)(40,0)(60,0.015384615384615385)(80,0.015384615384615385)(100,0.03538461538461539)(120,0.03538461538461539)(140,0.015384615384615385)(160,0.015384615384615385)(180,0.015384615384615385)(200,0)(220,0)
};
\addlegendentry{German}

