size	dial	Natural_Neg	All_together	Hungarian	French	Portuguese	Russian	Arabic
30	30	0.032207792207792206	0.13722995227532434	0.09663090856889306	0.05487861811391224	0.06560819462227914	0.05896342737722049	0.06290899023457162
40	40	0.05361567170222977	0.3270312707574296	0.21085966761155275	0.11759381306090151	0.14218753608804077	0.16362911115820222	0.12698740922101576
50	50	0.08263830724287827	0.31264495000949577	0.17919057670562344	0.1443014610176283	0.12409006112222012	0.1704946134586912	0.13864547857635362
60	60	0.08885743093365597	0.3461838886163228	0.22317294306465416	0.1318278871100854	0.12075932873543019	0.17272896352138464	0.15145962044673034
70	70	0.08249859976059923	0.3532078588976849	0.22342749738333184	0.14596848422597325	0.13425880866391138	0.18366921181495002	0.1590807738947955
80	80	0.14218669988005658	0.39071579196827966	0.29423200017499135	0.2069988897138048	0.17904167536832438	0.1974890430197093	0.26148148633159257
90	90	0.1680012137343844	0.4507126946756614	0.3711417689985896	0.25041387197051235	0.23441201698194694	0.26067223065839684	0.31939154819678545
100	100	0.22376703923136576	0.4846959519407143	0.4264414512076337	0.3471930063561766	0.29318287210497707	0.35956753223786303	0.3797795766423845
110	110	0.23235200985424737	0.5408077995647654	0.4226429422881187	0.3639891791726662	0.3322329215185918	0.41423142508713384	0.4425788923182302
120	120	0.2942690502188731	0.5482267013869253	0.4593982448480302	0.4072431433818379	0.395470594547931	0.4697524231894894	0.48621799488464007