size	dial	Natural_Neg	All_together	Hungarian	Portuguese	Russian	Arabic	Chinese
10	10	0.11162790697674418	0.11645569620253164	0.11733333333333333	0.11162790697674418	0.11162790697674418	0.1054945054945055	0.11294117647058824
20	20	0.22152380952380954	0.24071428571428571	0.2373333333333333	0.23306559571619814	0.23007175472928898	0.23412819211905972	0.23580246913580244
30	30	0.34990940766550527	0.3831105562083823	0.39834871296745994	0.35092040615787745	0.37314237992054894	0.38235149509230776	0.3974847374847375
40	40	0.45597095242017405	0.4980508048289739	0.49780798569973606	0.4803982446232221	0.48918418262831087	0.5033971622474432	0.4946581196581197
50	50	0.6007421091631617	0.6843603801638514	0.6662410587339925	0.6213926899471747	0.6228683931546266	0.6221471412922127	0.7061377329410116
60	60	0.6204113967385894	0.7150110157695183	0.6700937918970705	0.6284974082647077	0.63620172648796	0.6371279369622369	0.7205805123837911
70	70	0.6511039102543228	0.7017931559493759	0.6761114759429236	0.6265149157912627	0.6417874747768841	0.6376990816120119	0.7039129968927462
80	80	0.678922567791375	0.7412122227819087	0.7351548269581056	0.6890293799788612	0.6875859730698439	0.6826788664379209	0.7250963972275448
90	90	0.5063905978368363	0.7413804687506165	0.7446786364819151	0.6925451006811887	0.6913234748007857	0.6860623593699775	0.7251665972977449
100	100	0.48530686612965096	0.7221627928449715	0.7144613773910442	0.6764746711998236	0.6827396548013946	0.6709404996554652	0.7138563517245432
110	110	0.5023486728325438	0.731180192473329	0.7300457929754598	0.6764746711998236	0.6908068816921509	0.6871965425234249	0.7152974435049788
120	120	0.6377433965003844	0.744174896956531	0.7360145719489981	0.6880003966155472	0.6960098541953477	0.7044818554169086	0.7263410284025176
130	130	0.6532305743269998	0.7507101368335451	0.7445487436684382	0.6976330789523271	0.7029420329367543	0.7145904544816511	0.7392869432471665
140	140	0.6397222344678071	0.739782332588797	0.7272350025585574	0.6896037296037296	0.6900632500782538	0.7064408728237452	0.711803005227949
150	150	0.6893396416588897	0.7576721801700776	0.7556681569796324	0.7025428481435673	0.715616427932812	0.7335207294681919	0.7423554360051259
160	160	0.7179937683596282	0.7561566484517304	0.7548418812825592	0.7152132750448718	0.7222863012693521	0.7458548779444302	0.7535736424105799
170	170	0.712284580134829	0.7587555185082275	0.7583837361727571	0.7328839577757955	0.729350827789414	0.7470846416272686	0.7499297500710355