\addplot[color=green,mark=*] coordinates {
(10,10)(20,20)(30,30)(40,40)(50,50)(60,60)(70,70)(80,80)(90,90)(100,100)(110,110)(120,120)(130,130)(140,140)(150,150)(160,160)(170,170)(180,180)(190,190)(200,200)(210,210)(220,220)(230,230)(240,240)(250,250)(260,260)(270,270)(280,280)(290,290)(300,300)(310,310)(320,320)(330,330)(340,340)(350,350)
};
\addlegendentry{dial}

\addplot[color=green,mark=*] coordinates {
(10,null)(20,0.6384971247685434)(30,0.6255614803076358)(40,0.649362181633508)(50,0.6558740472752228)(60,0.6589804949352308)(70,0.6684135580866205)(80,0.6734432601498892)(90,0.6798450479100999)(100,0.6717662415441119)(110,0.6759351140870097)(120,0.6755941699877008)(130,0.676168105755103)(140,0.680150803458874)(150,0.6785460337294114)(160,0.6794616991268745)(170,0.6856707190220315)(180,0.6954032764733464)(190,0.6953931979500072)(200,0.6933995637839973)(210,0.6997705591552359)(220,0.69654952001314)(230,0.7026060789282391)(240,0.7070071450460892)(250,0.7061635650917466)(260,0.7038711101297808)(270,0.7069369483488539)(280,0.708841445014553)(290,0.7101177968763697)(300,0.717393167982857)(310,0.7175758155871123)(320,0.7184093258082582)(330,0.7174983854137981)(340,0.7110087357858681)(350,0.7190635743162622)
};
\addlegendentry{Natural\_Neg}

\addplot[color=green,mark=*] coordinates {
(10,null)(20,0.6416407105329289)(30,0.6497897201209734)(40,0.6729195056743685)(50,0.6684659620518539)(60,0.6675905242661272)(70,0.67660731303315)(80,0.680973110117481)(90,0.6880725693802414)(100,0.6855909202572761)(110,0.6896303967677662)(120,0.6899729418737491)(130,0.6775460949746213)(140,0.6852688425623408)(150,0.682785947596082)(160,0.6865165916186358)(170,0.7069691237478916)(180,0.7013644072390179)(190,0.6992964244431176)(200,0.7010984154472519)(210,0.7086083129593637)(220,0.7085533091255712)(230,0.7123751304692325)(240,0.7059808882360097)(250,0.7067324469003226)(260,0.7095936698236759)(270,0.7112098568035111)(280,0.7126118235411069)(290,0.7163966222856498)(300,0.7190843238113983)(310,0.72420799296989)(320,0.7230412502174135)(330,0.7256816945867687)(340,0.7218873952457202)(350,0.7239523162801385)
};
\addlegendentry{All\_together}

\addplot[color=green,mark=*] coordinates {
(10,null)(20,0.6528031435657439)(30,0.6563488175054375)(40,0.6617571771820343)(50,0.656775763482219)(60,0.6574964026067038)(70,0.6568305624608037)(80,0.6650432062455598)(90,0.6721022399396882)(100,0.6627983374930843)(110,0.664249394148662)(120,0.6688937492499176)(130,0.6675050460798433)(140,0.6677344822285141)(150,0.6701624035727283)(160,0.6726957042530832)(170,0.6878427019455806)(180,0.6848586117144587)(190,0.6866437422475167)(200,0.6885583082267893)(210,0.7024838258713947)(220,0.702120141631259)(230,0.7061971199980334)(240,0.703156183790126)(250,0.704517480038791)(260,0.7078097127967745)(270,0.7070280698200435)(280,0.7105134823845887)(290,0.716783374922634)(300,0.7173777866139606)(310,0.7097845874513711)(320,0.7098832990306233)(330,0.7160087481780025)(340,0.7180020199066083)(350,0.7170856028722132)
};
\addlegendentry{Hungarian}

\addplot[color=green,mark=*] coordinates {
(10,null)(20,0.6517560642349319)(30,0.6474288979972875)(40,0.6539680769028571)(50,0.6387855040387285)(60,0.6457583904223598)(70,0.6498699508287041)(80,0.6591575647274442)(90,0.6627528960221303)(100,0.6605987923804777)(110,0.6516249137633838)(120,0.6546232070819651)(130,0.6624691829777939)(140,0.66478055012591)(150,0.666381275215159)(160,0.668948201629261)(170,0.678014297642503)(180,0.6809820580184809)(190,0.6777938232088779)(200,0.6829950141243207)(210,0.6938995050225081)(220,0.6972570307996799)(230,0.696154262186842)(240,0.6985718298395823)(250,0.7014841518657964)(260,0.7027492549395735)(270,0.7048587434005972)(280,0.709275289454484)(290,0.7104230111285339)(300,0.7150441558776764)(310,0.7208420936050736)(320,0.7180786559500437)(330,0.718468895183104)(340,0.718062237562678)(350,0.7227714464409101)
};
\addlegendentry{French}

\addplot[color=green,mark=*] coordinates {
(10,null)(20,0.6537071121375361)(30,0.661380133219448)(40,0.6655361529222767)(50,0.6506034771366891)(60,0.6542122314280899)(70,0.6569818991709733)(80,0.6662431631240024)(90,0.6735046061599494)(100,0.6662935051224579)(110,0.6608229387292498)(120,0.6643546436648278)(130,0.6603465490937814)(140,0.6586237677813301)(150,0.663303464743919)(160,0.6678863334646312)(170,0.674000394871915)(180,0.6820416649106842)(190,0.6773823558604646)(200,0.6828031636368268)(210,0.686350787446736)(220,0.6935664916530072)(230,0.6971763259885739)(240,0.6969617186102098)(250,0.6999972947491361)(260,0.699738477556156)(270,0.701638931610385)(280,0.7001617579728645)(290,0.7086540544689127)(300,0.7104612180732148)(310,0.7100236157490124)(320,0.709791899026755)(330,0.7143089628552208)(340,0.7133661304819565)(350,0.7152543011502431)
};
\addlegendentry{Portuguese}

\addplot[color=green,mark=*] coordinates {
(10,null)(20,0.6331856270070108)(30,0.646037681871111)(40,0.6533409109997198)(50,0.6520073952968074)(60,0.6591991947393165)(70,0.6649084182401763)(80,0.6709981486480492)(90,0.6729843090715675)(100,0.6629728967369204)(110,0.6638623134887273)(120,0.6582302136555289)(130,0.6686075167322446)(140,0.6721920288633221)(150,0.6717957950301929)(160,0.6752269360323434)(170,0.6892431920564859)(180,0.6860941569535794)(190,0.6898123987572404)(200,0.6872471463730431)(210,0.6934491169040495)(220,0.6937046532777721)(230,0.7033144703218212)(240,0.7012255844781021)(250,0.7030005711352081)(260,0.7037213498445715)(270,0.7065581981219714)(280,0.7053012482654812)(290,0.7161422925100259)(300,0.7215912344247704)(310,0.7232301664154841)(320,0.7243262191673582)(330,0.7248852243507052)(340,0.7198873693462157)(350,0.7235255576568489)
};
\addlegendentry{Russian}

\addplot[color=green,mark=*] coordinates {
(10,null)(20,0.6281078768225912)(30,0.6372991897846093)(40,0.6486499626719061)(50,0.651790972302721)(60,0.663665627481036)(70,0.6631174229837191)(80,0.6642597463502911)(90,0.67282613307619)(100,0.662866078448139)(110,0.6728531948072831)(120,0.6767095164418648)(130,0.6762650849647468)(140,0.681174243721608)(150,0.680269283451544)(160,0.6808650852877506)(170,0.6836220897111526)(180,0.6921770635588185)(190,0.691697105359215)(200,0.6887819315225316)(210,0.6982495909832287)(220,0.706164018874555)(230,0.7087386551426506)(240,0.7087123547029897)(250,0.7135175280292716)(260,0.7150014080366047)(270,0.7131186831497334)(280,0.7138574808116691)(290,0.7209921757672804)(300,0.7244049548684461)(310,0.7231940396000758)(320,0.7253524130265363)(330,0.7301234566895258)(340,0.7265322944294372)(350,0.7240901643760809)
};
\addlegendentry{Arabic}

\addplot[color=green,mark=*] coordinates {
(10,null)(20,0.6429855081002569)(30,0.6287717004524745)(40,0.6566057847454817)(50,0.6576465230579751)(60,0.6558045910910144)(70,0.6630865474455303)(80,0.6634094768191611)(90,0.6662670427883863)(100,0.6638199365111412)(110,0.6536940004152394)(120,0.6599666724887763)(130,0.6630025892713529)(140,0.6611139632109807)(150,0.6585693728567086)(160,0.6683552681810084)(170,0.6763865716922013)(180,0.6808574431862868)(190,0.6773266397280315)(200,0.6854274558134168)(210,0.6943416489290033)(220,0.7014371231437388)(230,0.6999859304989811)(240,0.6978187288221868)(250,0.7012889048956509)(260,0.7011351136232433)(270,0.6993869920498188)(280,0.7005258479989591)(290,0.7007323816907485)(300,0.7079468051965182)(310,0.7098592127306977)(320,0.713392821659952)(330,0.7179135224305935)(340,0.712426658596546)(350,0.7156787607540036)
};
\addlegendentry{German}

