size	dial	Natural_Neg	All_together	Hungarian	French	Portuguese	Russian	Arabic	German
20	20	0.5917473868757801	0.5959967552709812	0.5908064729693944	0.5642213091365633	0.6208720160308924	0.5949671913752914	0.6684317398848292	0.6287632611638505
40	40	0.49407828282828276	0.5915827447406394	0.5449181104012515	0.5115424307374772	0.555688591983556	0.5424240479246898	0.6049194347690652	0.5467817512505577
60	60	0.6139850045373686	0.6087001373227577	0.6130922786403413	0.5684969379491851	0.6129559002175327	0.6062984453793566	0.6374110980631977	0.5880282405959945
80	80	0.6057319081892075	0.6015835412908038	0.6155561673659198	0.5813661472968544	0.6101176175498266	0.584277545895687	0.6793528958721365	0.5613110887028553
100	100	0.6321365652147499	0.6161995238644413	0.6642930720258847	0.6077805406680132	0.5888353672742543	0.5970097116359382	0.6775586611456177	0.5981353584262917
120	120	0.6427080636598081	0.6555739614994934	0.6581075824802898	0.5947411012049473	0.6228206395141145	0.6202011756359583	0.6777955908409432	0.6147501082102031
140	140	0.614101454101454	0.6180770066448105	0.6551577602872134	0.5884586278289425	0.591644308597951	0.5847024276629268	0.6790092795302163	0.5747478604001721
160	160	0.6504557319336421	0.6291514082852666	0.6793728006453271	0.642414894824762	0.6374445124204591	0.5961993202183542	0.708678493631197	0.6136033635964022
180	180	0.6564524127271125	0.6343140827656673	0.6847305178481649	0.6684560982627827	0.6341477989527662	0.6148078344419808	0.7115897153103706	0.6103171756507481
200	200	0.6823655913978495	0.6612725553999965	0.695566595156965	0.6693598267127678	0.6439348614367175	0.6514190043019054	0.7033183139906152	0.6361252609782863
220	220	0.6905529553242232	0.6835632660022904	0.6852869526276518	0.6763901317127641	0.6554883498064886	0.65715435918604	0.7105688644616825	0.6544941163176008
240	240	0.7052180953444982	0.6848440714254505	0.6944105302638948	0.6839041578576462	0.6672861159675331	0.6756345052739949	0.7004371753246753	0.6560090103694755