size	dial	Natural_Neg	All_together	Hungarian	French	Portuguese	Russian	Arabic	German
20	20	0.6595866256579785	0.5936582829349302	0.6329297024753878	0.6219289253545507	0.6128572101387464	0.6046166676921034	0.6350120063466611	0.6094321165947256
40	40	0.6685503242472614	0.6715230090785043	0.6538513644249547	0.6448975831310454	0.6490369765612822	0.6457665563521121	0.6667468143916271	0.6508189693730616
60	60	0.6887562502044245	0.71727041763937	0.6854636484042306	0.677548974019218	0.6616260131250611	0.6812169139973474	0.7111061820734366	0.6719548941614868
80	80	0.6960973813063224	0.7238510200621032	0.7116614210730006	0.6876792799445284	0.6754739178009252	0.6919394140068122	0.7192700422709044	0.6923507076628754
100	100	0.7165681146807142	0.7230844195197023	0.7165285249551956	0.7056643034976392	0.7025102211522366	0.7178955052811746	0.7347240646028147	0.6957847280538787
120	120	0.7196349343092538	0.730953903795893	0.7213715764104023	0.7126136013256902	0.7033232743384147	0.72445373040104	0.7245382558122736	0.701048585455051
140	140	0.7343589518645801	0.7290801905001292	0.727506625377728	0.721470804745638	0.713752171385111	0.7306313179752114	0.7395993836639214	0.7103152510741559
160	160	0.736685361474286	0.7494434683337466	0.7405473102055482	0.7393133260092991	0.7368548189990445	0.7423557828172511	0.7553662019494125	0.7234277163728386
180	180	0.7406569216401213	0.7541563621255588	0.7492306020969782	0.7340374527200411	0.7367733339322937	0.7403738351760589	0.7577915476505727	0.7306187598696608
200	200	0.758335641913591	0.7641653538801061	0.7616788244159892	0.7496667169986374	0.7494655740247561	0.7515074360566159	0.7677447555613037	0.7391868768549936