\addplot[color=green,mark=*] coordinates {
(10,10)(20,20)(30,30)(40,40)(50,50)(60,60)(70,70)(80,80)(90,90)(100,100)(110,110)(120,120)
};
\addlegendentry{dial}

\addplot[color=green,mark=*] coordinates {
(10,0.2385861836229016)(20,0.30440284239405974)(30,0.3041723808496541)(40,0.3045159543525806)(50,0.3036109709588264)(60,0.3031124209472712)(70,0.3030717716725545)(80,0.30285177859057594)(90,0.30265541784005157)(100,0.30244526957470935)(110,0.30201487209153)(120,0.30168919333356403)
};
\addlegendentry{Natural\_Neg}

\addplot[color=green,mark=*] coordinates {
(10,0.25691255122761975)(20,0.30519508908462567)(30,0.3061970683028345)(40,0.30604646082462633)(50,0.3064806142254946)(60,0.3063819049744302)(70,0.30617667576733487)(80,0.3055019485625876)(90,0.3040106036368755)(100,0.3042883742556167)(110,0.30265541784005157)(120,0.30238825984320494)
};
\addlegendentry{All\_together}

\addplot[color=green,mark=*] coordinates {
(10,0.24178827032020628)(20,0.3042768101829625)(30,0.3061038416434)(40,0.3064175400874473)(50,0.3064175400874473)(60,0.3062253884201131)(70,0.30612253043759896)(80,0.30612253043759896)(90,0.3056386012212754)(100,0.3055895428259597)(110,0.30438165832508196)(120,0.30425384208377426)
};
\addlegendentry{Hungarian}

\addplot[color=green,mark=*] coordinates {
(10,0.24178102691773873)(20,0.3059133882021217)(30,0.30604384858996403)(40,0.3052660110704413)(50,0.30517097962769124)(60,0.3048404791555477)(70,0.3048404791555477)(80,0.3030681546838367)(90,0.303180541963982)(100,0.30314025544190115)(110,0.3019839641039107)(120,0.30193965357572916)
};
\addlegendentry{French}

\addplot[color=green,mark=*] coordinates {
(10,0.24140613572120423)(20,0.304185897081026)(30,0.30552373928243887)(40,0.3053703442807885)(50,0.305411499855048)(60,0.30536242458852514)(70,0.3051229650312539)(80,0.3051688863805066)(90,0.30488690441088656)(100,0.3049796580003633)(110,0.30260783794099083)(120,0.30271427033656867)
};
\addlegendentry{Portuguese}

\addplot[color=green,mark=*] coordinates {
(10,0.24140613572120423)(20,0.30453675857847856)(30,0.3050364135175364)(40,0.30551049590596646)(50,0.30592949430706284)(60,0.30559590880616144)(70,0.3054018826643196)(80,0.30470130031073206)(90,0.30393097483540216)(100,0.30393097483540216)(110,0.3024833521820097)(120,0.30216365725732236)
};
\addlegendentry{Russian}

\addplot[color=green,mark=*] coordinates {
(10,0.2506975316539664)(20,0.3060230364356659)(30,0.30589715542836227)(40,0.3056505816096816)(50,0.30608479597775395)(60,0.3059874325605656)(70,0.30564712209742195)(80,0.30456095434772096)(90,0.3033027134386775)(100,0.3032617691871219)(110,0.3024833521820097)(120,0.3023506029551543)
};
\addlegendentry{Arabic}

\addplot[color=green,mark=*] coordinates {
(10,0.241773812488881)(20,0.3062527021893923)(30,0.30628036396476294)(40,0.3060284097803992)(50,0.3060821219444684)(60,0.3060821219444684)(70,0.30612803280361633)(80,0.30617667576733487)(90,0.30549499060949814)(100,0.30577944629169795)(110,0.30429065097685354)(120,0.30360260495450203)
};
\addlegendentry{German}

