size	dial	Natural_Neg	_All_together	_Hungarian	_Portuguese	_Russian
30	30	0.12101994115724093	0.20833390710570635	0.1400770244248505	0.26126180600238996	0.310096558137573
60	60	0.18176068189798167	0.21548283153574949	0.11874798668527864	0.17152032242861553	0.18137973327805418
90	90	0.18540940479260132	0.18091840538907528	0.12134680134680136	0.18227455930988684	0.12044223327805417
120	120	0.125843224820778	0.17136681620515995	0.04938271604938271	0.11972437553832901	0.059701492537313425
150	150	0.059701492537313425	0.17173481044033018	0.11043018173452956	0.18274431855827206	0.12044223327805417
180	180	0.06015037593984962	0.17515494258179928	0.18043152350592648	0.18419798300406248	0.18090734955712393
210	210	0.06060606060606061	0.1856381060189886	0.13141317861583093	0.2546783396261514	0.1871338185691461
240	240	0.06106870229007634	0.18755998523440384	0.12807149106361707	0.18605266211065	0.12414562536699943
270	270	0.06349206349206349	0.2550968542746488	0.12810000000000002	0.12509541984732825	0.12414562536699943
300	300	0.12719773454814085	0.3193827554205468	0.2561765596608116	0.18556053612639803	0.18414809996205345
330	330	0.1955039639980653	0.3819285553929371	0.37719773255082606	0.30965054570853356	0.36998675538470377
360	360	0.0625	0.3819285553929371	0.26025504404660416	0.3782454435357335	0.3747401000279145