size	dial	Natural_Neg	All_together	Hungarian	French	Portuguese	Russian	Arabic	German
20	20	0	0.019047619047619046	0	0.02222222222222222	0	0.02222222222222222	0	0
40	40	0	0	0	0	0	0	0	0
60	60	0.021052631578947368	0.01818181818181818	0.019047619047619046	0.019047619047619046	0.02	0.019047619047619046	0.01818181818181818	0
80	80	0.019047619047619046	0.017391304347826087	0.016	0.017391304347826087	0.015384615384615385	0.017391304347826087	0.016666666666666666	0
100	100	0	0.015384615384615385	0.016	0.017391304347826087	0.019047619047619046	0.01818181818181818	0.017391304347826087	0
120	120	0	0.016	0.017391304347826087	0.040100250626566414	0.019047619047619046	0.040100250626566414	0.03923444976076555	0
140	140	0	0.059259259259259255	0.017391304347826087	0.05	0.05	0.059259259259259255	0.04	0.03809523809523809
160	160	0	0.059259259259259255	0.019047619047619046	0.03636363636363636	0.034782608695652174	0.048	0.04	0.021052631578947368
180	180	0	0.09925925925925926	0.06666666666666667	0.05217391304347826	0.06956521739130435	0.05714285714285714	0.05454545454545454	0.042105263157894736
200	200	0	0.06153846153846154	0.05454545454545454	0.05217391304347826	0.08	0.06153846153846154	0.03809523809523809	0.042105263157894736