\addplot[color=green,mark=*] coordinates {
(30,30)(40,40)(50,50)(60,60)(70,70)(80,80)(90,90)(100,100)(110,110)(120,120)(130,130)(140,140)(150,150)(160,160)(170,170)(180,180)(190,190)(200,200)(210,210)(220,220)(230,230)(240,240)(250,250)
};
\addlegendentry{dial}

\addplot[color=green,mark=*] coordinates {
(30,0.14553775743707092)(40,0.008695652173913044)(50,0.05080091533180777)(60,0.042105263157894736)(70,0)(80,0)(90,0)(100,0)(110,0)(120,0)(130,0)(140,0)(150,0)(160,0)(170,0)(180,0)(190,0)(200,0)(210,0)(220,0)(230,0)(240,0.042105263157894736)(250,0.042105263157894736)
};
\addlegendentry{Natural\_Neg}

\addplot[color=green,mark=*] coordinates {
(30,0.37894736842105264)(40,0.2)(50,0.24210526315789474)(60,0.11746758199847443)(70,0.07536231884057971)(80,0.008695652173913044)(90,0.008695652173913044)(100,0.008695652173913044)(110,0.008695652173913044)(120,0.008695652173913044)(130,0.008695652173913044)(140,0.008695652173913044)(150,0.017786561264822136)(160,0.017786561264822136)(170,0.017786561264822136)(180,0.017786561264822136)(190,0.017786561264822136)(200,0.017786561264822136)(210,0.017786561264822136)(220,0.017786561264822136)(230,0.017786561264822136)(240,0.05989182442271688)(250,0.017786561264822136)
};
\addlegendentry{All\_together}

\addplot[color=green,mark=*] coordinates {
(30,0.18764302059496568)(40,0.008695652173913044)(50,0.05080091533180777)(60,0.11746758199847443)(70,0.07536231884057971)(80,0.008695652173913044)(90,0.008695652173913044)(100,0.008695652173913044)(110,0.008695652173913044)(120,0.008695652173913044)(130,0)(140,0)(150,0)(160,0)(170,0)(180,0)(190,0)(200,0)(210,0)(220,0)(230,0)(240,0)(250,0)
};
\addlegendentry{Hungarian}

\addplot[color=green,mark=*] coordinates {
(30,0.18764302059496568)(40,0.008695652173913044)(50,0.05080091533180777)(60,0.16508662961752205)(70,0.16508662961752205)(80,0.05080091533180777)(90,0.05080091533180777)(100,0.05080091533180777)(110,0.05080091533180777)(120,0.05080091533180777)(130,0.05080091533180777)(140,0.05080091533180777)(150,0.05989182442271688)(160,0.017786561264822136)(170,0.017786561264822136)(180,0.017786561264822136)(190,0.017786561264822136)(200,0.017786561264822136)(210,0.017786561264822136)(220,0.017786561264822136)(230,0.017786561264822136)(240,0.05989182442271688)(250,0.05989182442271688)
};
\addlegendentry{French}

\addplot[color=green,mark=*] coordinates {
(30,0.18764302059496568)(40,0.008695652173913044)(50,0.05080091533180777)(60,0.11746758199847443)(70,0.07536231884057971)(80,0.008695652173913044)(90,0.008695652173913044)(100,0.008695652173913044)(110,0.008695652173913044)(120,0.008695652173913044)(130,0.008695652173913044)(140,0.008695652173913044)(150,0.017786561264822136)(160,0.017786561264822136)(170,0.017786561264822136)(180,0.017786561264822136)(190,0.017786561264822136)(200,0.017786561264822136)(210,0.017786561264822136)(220,0.017786561264822136)(230,0.017786561264822136)(240,0.017786561264822136)(250,0.017786561264822136)
};
\addlegendentry{Portuguese}

\addplot[color=green,mark=*] coordinates {
(30,0.30938215102974825)(40,0.13043478260869565)(50,0.17254004576659038)(60,0.23920671243325703)(70,0.1971014492753623)(80,0.13043478260869565)(90,0.13043478260869565)(100,0.13043478260869565)(110,0.13043478260869565)(120,0.13043478260869565)(130,0)(140,0)(150,0)(160,0)(170,0)(180,0)(190,0)(200,0)(210,0)(220,0)(230,0)(240,0)(250,0)
};
\addlegendentry{Russian}

\addplot[color=green,mark=*] coordinates {
(30,0.32387490465293667)(40,0.0782608695652174)(50,0.05080091533180777)(60,0.11746758199847443)(70,0.07536231884057971)(80,0.07536231884057971)(90,0.07536231884057971)(100,0.008695652173913044)(110,0)(120,0)(130,0)(140,0)(150,0)(160,0)(170,0)(180,0)(190,0)(200,0)(210,0)(220,0)(230,0)(240,0)(250,0)
};
\addlegendentry{Chinese}

