size	dial	Natural_Neg	All_together	Hungarian	Portuguese	Russian	Arabic
10	10	0.01111111111111111	0.023255813953488372	0.02857142857142857	0.00909090909090909	0.00625	0.008888888888888889
20	20	0.031161236424394317	0.054000000000000006	0.010526315789473684	0.020526315789473684	0.016216216216216217	0.019617224880382776
30	30	0.03663492063492064	0.09	0.059174964438122334	0.052784380305602716	0.03951048951048951	0.03850267379679144
40	40	0.030634920634920636	0.06320015667841755	0.019221967963386728	0.030050125313283205	0.02691511387163561	0.024338624338624337
50	50	0.031161236424394317	0.06245059288537549	0.02874577748719625	0.0291410344041923	0.02691511387163561	0.05092592592592593
60	60	0.03216374269005848	0.06383022774327121	0.0291410344041923	0.02957393483709273	0.02791762013729977	0.03663492063492064
70	70	0.06222910216718266	0.09092536284129024	0.0743859649122807	0.0693358395989975	0.06662729755665461	0.06938345864661655
80	80	0.06007702182284981	0.112651919654208	0.06527867580499161	0.07063492063492063	0.06721209287829204	0.06152380952380952
90	90	0.06914786967418546	0.11800441388676683	0.061426748689906586	0.08174603174603175	0.07132233883058471	0.05588235294117647
100	100	0.11359231411862988	0.1537908496732026	0.10733428942503354	0.09206349206349206	0.12858729609554195	0.1089246809835045