\addplot[color=green,mark=*] coordinates {
(10,10)(20,20)(30,30)(40,40)(50,50)(60,60)(70,70)(80,80)(90,90)(100,100)(110,110)(120,120)(130,130)(140,140)(150,150)(160,160)(170,170)
};
\addlegendentry{dial}

\addplot[color=green,mark=*] coordinates {
(10,0.33147829412889657)(20,0.42671014506491745)(30,0.4449117498290473)(40,0.5834489572854353)(50,0.6232096906168992)(60,0.6618207995228124)(70,0.6660621040982595)(80,0.6895717220609429)(90,0.6932566187877665)(100,0.6505208188139191)(110,0.6412638991845812)(120,0.6692959098182979)(130,0.6704904303633026)(140,0.7102998749369717)(150,0.7183579029842067)(160,0.6865229146150199)(170,0.6936662770533738)
};
\addlegendentry{Natural\_Neg}

\addplot[color=green,mark=*] coordinates {
(10,0.3639899411829236)(20,0.46617417670049244)(30,0.49755183858662894)(40,0.6375827859666793)(50,0.6432272580659676)(60,0.6786779646627418)(70,0.6888874250594681)(80,0.6926165255664964)(90,0.7642678327160207)(100,0.7578388230571758)(110,0.7361696798141473)(120,0.751218976297877)(130,0.7514382565337202)(140,0.7778403517135442)(150,0.7817093993325918)(160,0.7725665421897346)(170,0.7724754585217953)
};
\addlegendentry{All\_together}

\addplot[color=green,mark=*] coordinates {
(10,0.35417043059319486)(20,0.44909031697844765)(30,0.45798118998119)(40,0.6390224012728549)(50,0.6394898372878319)(60,0.6782047852823009)(70,0.6797365868141024)(80,0.6813939867590122)(90,0.7083101047107201)(100,0.7097844565877353)(110,0.7022443403590943)(120,0.710273864294339)(130,0.7174211997175365)(140,0.7414854986205451)(150,0.743336664855273)(160,0.7400917319725412)(170,0.7448493888265405)
};
\addlegendentry{Hungarian}

\addplot[color=green,mark=*] coordinates {
(10,0.3340077179573639)(20,0.42718663450370775)(30,0.46766368068680036)(40,0.6114171612324975)(50,0.6305880293939996)(60,0.6362984679490387)(70,0.654080742201901)(80,0.6835635901436442)(90,0.6808166957879346)(100,0.6749694749694749)(110,0.6773504273504274)(120,0.6916706788637457)(130,0.6921501970086121)(140,0.7196108279221743)(150,0.7211540377987176)(160,0.7150204399151197)(170,0.720507314151994)
};
\addlegendentry{Portuguese}

\addplot[color=green,mark=*] coordinates {
(10,0.33133504696236915)(20,0.44173400982130123)(30,0.4561476860698878)(40,0.6000903738781826)(50,0.6265775705775705)(60,0.6595464448405626)(70,0.6654124307065483)(80,0.6718571230899998)(90,0.6894999263032051)(100,0.686191984245263)(110,0.6688380452258589)(120,0.6723264741346933)(130,0.6749171706413086)(140,0.706577498492012)(150,0.7166532414921335)(160,0.7175096466030401)(170,0.7229890986578347)
};
\addlegendentry{Russian}

\addplot[color=green,mark=*] coordinates {
(10,0.3380925248470329)(20,0.44168307332842716)(30,0.465356803690137)(40,0.6029542829542829)(50,0.6244751538869185)(60,0.6652419237947294)(70,0.6652419237947294)(80,0.6611992626110272)(90,0.6932378686438333)(100,0.6863892334081012)(110,0.6797058316080055)(120,0.6944588645875335)(130,0.6998656309867675)(140,0.7175868444562363)(150,0.7159291867985786)(160,0.713706934679498)(170,0.7186817003608246)
};
\addlegendentry{Arabic}

