size	dial	Natural_Neg	All_together	Hungarian	French	Portuguese	Russian	Arabic	German
10	10	0	0	0	0	0	0	0	0
20	20	0	0	0	0	0	0	0	0
30	30	0	0	0	0	0	0	0	0
40	40	0.05	0.05	0.08333333333333333	0.05	0.05	0.05	0.05	0.05
50	50	0.05	0.05	0.05	0.05	0.05	0.05	0.05	0.05
60	60	0.05	0.05	0.05	0.05	0.05	0.05	0.05	0.05
70	70	0.05	0.05	0.05	0	0.05	0.05	0.05	0.05
80	80	0.05	0.05	0.05	0.05	0.05	0.05	0.05	0.05
90	90	0.05	0.05	0.05	0.05	0.05	0.05	0.05	0.05
100	100	0.05	0.05	0.05	0.05	0.05	0.05	0.05	0.05
110	110	0.05	0.05	0.05	0.05	0.05	0.05	0.05	0.05
120	120	0.05	0.05	0.05	0.05	0.05	0.05	0.05	0.05