\addplot[color=green,mark=*] coordinates {
(30,30)(40,40)(50,50)(60,60)(70,70)(80,80)(90,90)(100,100)(110,110)(120,120)(130,130)(140,140)(150,150)
};
\addlegendentry{dial}

\addplot[color=green,mark=*] coordinates {
(30,0.659130126417584)(40,0.6801013176205964)(50,0.6629039295827222)(60,0.6740201345460728)(70,0.6744355079101645)(80,0.6880412373868935)(90,0.6946284950060285)(100,0.7027725055405419)(110,0.7114628439743332)(120,0.7098619027118012)(130,0.7146064296328237)(140,0.7075360987477279)(150,0.7126335378392279)
};
\addlegendentry{Natural\_Neg}

\addplot[color=green,mark=*] coordinates {
(30,0.6620086034395105)(40,0.6838232550567604)(50,0.6738310094159552)(60,0.6850695919704786)(70,0.6950172980818237)(80,0.6992580064857974)(90,0.7013249969260749)(100,0.7055879656795814)(110,0.7073084206898288)(120,0.7084855019077242)(130,0.7201583329315854)(140,0.7163682502459816)(150,0.7176067069502186)
};
\addlegendentry{All\_together}

\addplot[color=green,mark=*] coordinates {
(30,0.6630159337845802)(40,0.6643710567816663)(50,0.6730364823501949)(60,0.6833674334148315)(70,0.6873560275040876)(80,0.689155199889775)(90,0.6869229386350584)(100,0.690743787043526)(110,0.698120817025158)(120,0.7013977077316038)(130,0.7093196841122652)(140,0.7131541415600655)(150,0.7183541175733417)
};
\addlegendentry{Hungarian}

\addplot[color=green,mark=*] coordinates {
(30,0.6367950861895315)(40,0.6774696745995762)(50,0.665558546242583)(60,0.6704367718189961)(70,0.6778388737643857)(80,0.6861304515324854)(90,0.6964873318727998)(100,0.6981118551619405)(110,0.7091466660704299)(120,0.7115611253362617)(130,0.7185095252594664)(140,0.7060155867533069)(150,0.7186476660283618)
};
\addlegendentry{Portuguese}

\addplot[color=green,mark=*] coordinates {
(30,0.6515506571033225)(40,0.6887410710262449)(50,0.6789971325628985)(60,0.6807895446567028)(70,0.6909692888602643)(80,0.6931630043413713)(90,0.6963849916348483)(100,0.7008143367359697)(110,0.709648574405309)(120,0.7135884322602803)(130,0.7229443621039121)(140,0.7133610784870593)(150,0.719900636189301)
};
\addlegendentry{Russian}

