size	dial	Natural_Neg	All_together	Hungarian	Portuguese	Russian	Arabic
10	10	0	0	0	0	0	0
20	20	0.01818181818181818	0.01818181818181818	0.01818181818181818	0.01818181818181818	0.01818181818181818	0.01818181818181818
30	30	0.033566433566433566	0.033566433566433566	0.033566433566433566	0.033566433566433566	0.033566433566433566	0.033566433566433566
40	40	0.033566433566433566	0.033566433566433566	0.033566433566433566	0.033566433566433566	0.033566433566433566	0.033566433566433566
50	50	0.033566433566433566	0.033566433566433566	0.033566433566433566	0.033566433566433566	0.033566433566433566	0.033566433566433566
60	60	0.033566433566433566	0.033566433566433566	0.033566433566433566	0.033566433566433566	0.033566433566433566	0.033566433566433566
70	70	0.033566433566433566	0.033566433566433566	0.033566433566433566	0.033566433566433566	0.05174825174825175	0.033566433566433566
80	80	0.033566433566433566	0.033566433566433566	0.033566433566433566	0.033566433566433566	0.033566433566433566	0.033566433566433566
90	90	0.033566433566433566	0.033566433566433566	0.033566433566433566	0.033566433566433566	0.033566433566433566	0.033566433566433566
100	100	0.033566433566433566	0.033566433566433566	0.033566433566433566	0.033566433566433566	0.033566433566433566	0.033566433566433566
110	110	0.033566433566433566	0.033566433566433566	0.033566433566433566	0.033566433566433566	0.015384615384615385	0.033566433566433566
120	120	0.033566433566433566	0.033566433566433566	0.033566433566433566	0.033566433566433566	0.015384615384615385	0.033566433566433566
130	130	0.033566433566433566	0.033566433566433566	0.033566433566433566	0.033566433566433566	0.015384615384615385	0.033566433566433566
140	140	0	0.033566433566433566	0.033566433566433566	0.015384615384615385	0.015384615384615385	0.033566433566433566
150	150	0	0.05356643356643357	0.05356643356643357	0.033566433566433566	0.015384615384615385	0.05356643356643357
160	160	0.01818181818181818	0.05356643356643357	0.05356643356643357	0.033566433566433566	0.033566433566433566	0.05356643356643357
170	170	0	0.05356643356643357	0.05356643356643357	0.05356643356643357	0.033566433566433566	0.05356643356643357