\addplot[color=green,mark=*] coordinates {
(10,10)(20,20)(30,30)(40,40)(50,50)(60,60)(70,70)(80,80)(90,90)(100,100)(110,110)(120,120)
};
\addlegendentry{dial}

\addplot[color=green,mark=*] coordinates {
(10,0.007272727272727273)(20,0.0058823529411764705)(30,0.013793103448275862)(40,0.016896551724137933)(50,0.017707362534948742)(60,0.01800766283524904)(70,0.02491125760649087)(80,0.024833965844402277)(90,0.0244551779656144)(100,0.025324675324675326)(110,0.0125)(120,0.013348164627363737)
};
\addlegendentry{Natural\_Neg}

\addplot[color=green,mark=*] coordinates {
(10,0.006779661016949152)(20,0.025096525096525095)(30,0.02284237726098191)(40,0.023044397463002114)(50,0.02771867055832784)(60,0.02889083173048901)(70,0.03546582536430618)(80,0.023440285204991085)(90,0.030209022843946276)(100,0.025611276768772024)(110,0.016180119690556122)(120,0.023053311630897837)
};
\addlegendentry{All\_together}

\addplot[color=green,mark=*] coordinates {
(10,0.006666666666666666)(20,0.007017543859649122)(30,0.006557377049180328)(40,0.006557377049180328)(50,0.012145748987854251)(60,0.013859020310633213)(70,0.02096141682479443)(80,0.021834415584415585)(90,0.022310606060606062)(100,0.018617511520737325)(110,0.006666666666666666)(120,0.014285714285714285)
};
\addlegendentry{Hungarian}

\addplot[color=green,mark=*] coordinates {
(10,0.006666666666666666)(20,0.006896551724137931)(30,0.006666666666666666)(40,0.006557377049180328)(50,0.011272863008585293)(60,0.012081632653061225)(70,0.018259803921568625)(80,0.024809657905715477)(90,0.024804338756779305)(100,0.026652943255775267)(110,0.020183905047606625)(120,0.023751467653906677)
};
\addlegendentry{French}

\addplot[color=green,mark=*] coordinates {
(10,0.006666666666666666)(20,0.02142857142857143)(30,0.02095238095238095)(40,0.02119152339064374)(50,0.026708663550768813)(60,0.02640770082630548)(70,0.032542188993801895)(80,0.034271988174427205)(90,0.03498046668778376)(100,0.030487527021544992)(110,0.01645196908354803)(120,0.023965265174430327)
};
\addlegendentry{Portuguese}

\addplot[color=green,mark=*] coordinates {
(10,0.006666666666666666)(20,0.021832884097035037)(30,0.02095238095238095)(40,0.021558441558441558)(50,0.027194595091460615)(60,0.02748414376321353)(70,0.03425288140216872)(80,0.03478883124044414)(90,0.0362781171483347)(100,0.03116550299698311)(110,0.017512218963831865)(120,0.026063422445001393)
};
\addlegendentry{Russian}

\addplot[color=green,mark=*] coordinates {
(10,0.006666666666666666)(20,0.012840267077555211)(30,0.012727272727272726)(40,0.013267543859649122)(50,0.018797169811320756)(60,0.014760638297872341)(70,0.021561653116531167)(80,0.02763620763620763)(90,0.026825396825396825)(100,0.026949574008397537)(110,0.030552184062620495)(120,0.02553742904786548)
};
\addlegendentry{Arabic}

\addplot[color=green,mark=*] coordinates {
(10,0.006666666666666666)(20,0.006779661016949152)(30,0.006666666666666666)(40,0.012271662763466043)(50,0.011896551724137932)(60,0.022547169811320756)(70,0.02476621417797888)(80,0.031715126978284866)(90,0.030813330813330812)(100,0.032518643044958835)(110,0.02351242371403662)(120,0.030519881799080904)
};
\addlegendentry{German}

