\addplot[color=green,mark=*] coordinates {
(30,30)(60,60)(90,90)(120,120)(150,150)(180,180)(210,210)(240,240)(270,270)(300,300)(330,330)(360,360)
};
\addlegendentry{dial}

\addplot[color=green,mark=*] coordinates {
(30,0.15189500426666544)(60,0.20157632398925326)(90,0.22639269489322383)(120,0.2580902887142206)(150,0.2429590607888811)(180,0.263859322192286)(210,0.2767851465616143)(240,0.317776463472386)(270,0.2958255962563192)(300,0.28785379843022174)(330,0.28040801888507727)(360,0.27817514733128434)
};
\addlegendentry{Natural\_Neg}

\addplot[color=green,mark=*] coordinates {
(30,0.16078712299356743)(60,0.22682981567660612)(90,0.28235049533190576)(120,0.3310026400350289)(150,0.35328361591898977)(180,0.3618388461552092)(210,0.3664753731584519)(240,0.3783235178616709)(270,0.4026389836401891)(300,0.4118347297043153)(330,0.3892444611805511)(360,0.4061945641045302)
};
\addlegendentry{\_All\_together}

\addplot[color=green,mark=*] coordinates {
(30,0.15872667836019685)(60,0.20689926762675537)(90,0.24585322783027724)(120,0.30281757121950736)(150,0.304917678010357)(180,0.3218542662904537)(210,0.35628088230249566)(240,0.3449808937468637)(270,0.3588637772055986)(300,0.3551850449698216)(330,0.34580630600164075)(360,0.3515885020607395)
};
\addlegendentry{\_Hungarian}

\addplot[color=green,mark=*] coordinates {
(30,0.15530690895052013)(60,0.21331975953383128)(90,0.2467006526038927)(120,0.29138392703780364)(150,0.31957979150472354)(180,0.3251890915754382)(210,0.34105367119219465)(240,0.35260706403062514)(270,0.36005669881286595)(300,0.3532815200695715)(330,0.3680945342558091)(360,0.3780896033689638)
};
\addlegendentry{\_Portuguese}

\addplot[color=green,mark=*] coordinates {
(30,0.16131907928610814)(60,0.21223886671659958)(90,0.24899874852361537)(120,0.2883026255189966)(150,0.3100389783253749)(180,0.32800744480766325)(210,0.35147705726759587)(240,0.3603307234524869)(270,0.3408468379733752)(300,0.34039848404711515)(330,0.3346070432900061)(360,0.3669669339317929)
};
\addlegendentry{\_Russian}

