size	dial	Natural_Neg	All_together	Hungarian	Portuguese	Russian	Arabic
10	10	0.3733668232329018	0.419513117195555	0.40729583381066936	0.3876987436514301	0.39016878603887417	0.4224552258754343
20	20	0.4883363500973766	0.5145661205941879	0.4854148623362737	0.5236675067781724	0.5300182533318059	0.5037192881964334
30	30	0.4784679421086799	0.5329191201741321	0.44708026883568175	0.47488295719250007	0.5194879138503838	0.5043882460762974
40	40	0.5607484247909268	0.593555771947913	0.5521588956352388	0.5567689311490435	0.582971627143239	0.5724297934089433
50	50	0.5402865162103334	0.5776382174361324	0.5569957994424715	0.5806119066712491	0.5545954481231146	0.5312963302401955
60	60	0.6239939282850269	0.6446848436246994	0.6137859243135907	0.637322526444419	0.6215889563523886	0.628664910069882
70	70	0.6503829380990567	0.6715886508572956	0.6429320655286974	0.6718608087982587	0.6525991140642303	0.6326488333906137
80	80	0.6670872188490472	0.6631137205483637	0.6453043112994997	0.6965453851147516	0.6532534463665177	0.6481570244777943
90	90	0.6705553137052737	0.6688811242219421	0.6568421735975866	0.6850736625042959	0.654964218887234	0.653342689120556
100	100	0.65106728529423	0.6528277771413298	0.6425227021040973	0.6529575743689617	0.6458811624088288	0.6482100278764272
110	110	0.6527218849047237	0.6556752969030435	0.64882166723947	0.6597685110932905	0.6459013250849658	0.6441175010501394
120	120	0.6750973001871158	0.6854557223049604	0.6865792186962998	0.6785825027685493	0.6682700576621988	0.6486259594455264
130	130	0.6923625844884866	0.683236491388857	0.687788330087448	0.6947346011379691	0.6843859166762134	0.677934051246802
140	140	0.7037512888074235	0.6964454882193454	0.702748081108947	0.6957775613854202	0.7003591858555771	0.6836716691488143
150	150	0.7089075113605988	0.7050734333829763	0.7096351242983159	0.7140799251537022	0.7072561958223545	0.7031965097185626
160	160	0.7094758849810976	0.6964457173406652	0.7050276854928017	0.7193360446022836	0.7193258487035552	0.698083896589911
170	170	0.7152796425707412	0.709658227364723	0.7124627105052126	0.732528621071524	0.7119304616794592	0.7015422537900485