size	dial	Natural_Neg	All_together	Hungarian	French	Portuguese	Russian	Arabic
20	20	0.08636750626769474	0.17436436514271245	0.10171865073667279	0.13438701690753427	0.12257967832374303	0.11700664122581084	0.08157717727112745
30	30	0.10299675455586195	0.15220212054525137	0.10899203333329843	0.1280244708018696	0.1243968775983206	0.12456746908222979	0.10343204870622744
40	40	0.14296536691798556	0.18889431245725818	0.1385268575010265	0.1663672902964189	0.14237957612857138	0.1689227886611136	0.14401645618770606
50	50	0.19262241836858868	0.21966431294475736	0.18625282502004153	0.199697563133111	0.17685114643737884	0.21380138834982612	0.16683980619493197
60	60	0.19420081256459382	0.2123492220115349	0.18445453579252546	0.20082814424195689	0.182864607825742	0.21262608427469093	0.16827409193435483
70	70	0.210645486819449	0.22683280805644718	0.22579624715799368	0.21819016653089457	0.2037402961252281	0.2243078408740648	0.20440392735366092
80	80	0.22519631158975706	0.23418944138905862	0.2432709384847275	0.2352976049857694	0.23238338271756528	0.24316133574996596	0.2319047180521126
90	90	0.21472140164286832	0.23666373838641558	0.24647115136102657	0.24255419179729532	0.23184576195070844	0.22245304887668219	0.2236645682283883
100	100	0.21739784127498113	0.2493606110634817	0.26366424047096315	0.24759527138768647	0.2398067398597717	0.24223762023699075	0.23391291593843314
110	110	0.22967783824961896	0.25332817153683296	0.24824047748482977	0.26005826720788805	0.2359035557400498	0.24388870063007428	0.24825003377822913
120	120	0.24612246758277528	0.2575989421798234	0.2665801975115042	0.27397939093632323	0.25682451462950084	0.26217294567486427	0.2661746131378159
130	130	0.2729678866466062	0.28774228435386	0.2919836011980669	0.29945957804641987	0.2941809923977305	0.29369063935224937	0.284306145378043
140	140	0.2776407197026573	0.29008476172733627	0.2857541851001524	0.29323526379296405	0.29544946861299926	0.29316934468339095	0.28065839110456403
150	150	0.2945636950799007	0.3177414004668661	0.29963536923848527	0.3044925984781301	0.31122458766859307	0.3016957601042563	0.2950857304467543
160	160	0.3027183309703699	0.3277882353695933	0.2967374607931883	0.32201572917347127	0.32330137439610507	0.3156140492040696	0.3248038124229474
170	170	0.3033772372520413	0.3344609533687879	0.3097799517681241	0.32365377405494283	0.3419346151344885	0.3410639897249058	0.3283786572634031