\addplot[color=green,mark=*] coordinates {
(10,10)(20,20)(30,30)(40,40)(50,50)(60,60)(70,70)(80,80)(90,90)(100,100)(110,110)(120,120)(130,130)(140,140)(150,150)(160,160)(170,170)(180,180)(190,190)(200,200)(210,210)(220,220)(230,230)(240,240)(250,250)(260,260)(270,270)(280,280)(290,290)(300,300)(310,310)(320,320)(330,330)(340,340)(350,350)
};
\addlegendentry{dial}

\addplot[color=green,mark=*] coordinates {
(10,0)(20,0.1)(30,0.2)(40,0.3)(50,0.3)(60,0.2)(70,0.2)(80,0.2)(90,0.3)(100,0.1)(110,0.1)(120,0)(130,0.1)(140,0.1)(150,0.2)(160,0.3)(170,0.2)(180,0.2)(190,0.2)(200,0.3)(210,0.3)(220,0.3)(230,0.3)(240,0.3)(250,0.3)(260,0.3)(270,0.3)(280,0.3)(290,0.3)(300,0.3)(310,0.3)(320,0.3)(330,0.2)(340,0.2)(350,0.2)
};
\addlegendentry{Natural\_Neg}

\addplot[color=green,mark=*] coordinates {
(10,0.1)(20,0.2)(30,0.3)(40,0.4)(50,0.4)(60,0.4)(70,0.4)(80,0.4)(90,0.4)(100,0.3)(110,0.3)(120,0.1)(130,0.2)(140,0.4)(150,0.5)(160,0.5)(170,0.4)(180,0.5)(190,0.5)(200,0.5)(210,0.5)(220,0.6)(230,0.5)(240,0.5)(250,0.5)(260,0.4)(270,0.4)(280,0.4)(290,0.4)(300,0.4)(310,0.5)(320,0.4)(330,0.4)(340,0.3)(350,0.3)
};
\addlegendentry{All\_together}

\addplot[color=green,mark=*] coordinates {
(10,0.1)(20,0.2)(30,0.3)(40,0.4)(50,0.4)(60,0.4)(70,0.4)(80,0.4)(90,0.3)(100,0.1)(110,0.1)(120,0)(130,0.2)(140,0.4)(150,0.5)(160,0.5)(170,0.4)(180,0.5)(190,0.4)(200,0.4)(210,0.3)(220,0.3)(230,0.3)(240,0.3)(250,0.3)(260,0.3)(270,0.3)(280,0.3)(290,0.3)(300,0.3)(310,0.3)(320,0.3)(330,0.3)(340,0.2)(350,0.2)
};
\addlegendentry{Hungarian}

\addplot[color=green,mark=*] coordinates {
(10,0.1)(20,0.2)(30,0.3)(40,0.4)(50,0.4)(60,0.4)(70,0.4)(80,0.4)(90,0.4)(100,0.4)(110,0.4)(120,0.3)(130,0.4)(140,0.6)(150,0.6)(160,0.5)(170,0.5)(180,0.6)(190,0.6)(200,0.6)(210,0.6)(220,0.6)(230,0.5)(240,0.5)(250,0.6)(260,0.5)(270,0.5)(280,0.5)(290,0.5)(300,0.5)(310,0.5)(320,0.5)(330,0.5)(340,0.4)(350,0.4)
};
\addlegendentry{French}

\addplot[color=green,mark=*] coordinates {
(10,0.1)(20,0.2)(30,0.3)(40,0.4)(50,0.4)(60,0.4)(70,0.4)(80,0.3)(90,0.3)(100,0.3)(110,0.3)(120,0.2)(130,0.3)(140,0.5)(150,0.6)(160,0.5)(170,0.4)(180,0.5)(190,0.4)(200,0.4)(210,0.4)(220,0.5)(230,0.5)(240,0.5)(250,0.5)(260,0.4)(270,0.4)(280,0.4)(290,0.4)(300,0.4)(310,0.5)(320,0.4)(330,0.4)(340,0.4)(350,0.4)
};
\addlegendentry{Portuguese}

\addplot[color=green,mark=*] coordinates {
(10,0.1)(20,0.2)(30,0.3)(40,0.4)(50,0.4)(60,0.4)(70,0.4)(80,0.4)(90,0.4)(100,0.3)(110,0.3)(120,0.1)(130,0.2)(140,0.3)(150,0.4)(160,0.4)(170,0.3)(180,0.4)(190,0.4)(200,0.4)(210,0.4)(220,0.5)(230,0.4)(240,0.5)(250,0.4)(260,0.4)(270,0.4)(280,0.4)(290,0.4)(300,0.4)(310,0.5)(320,0.4)(330,0.4)(340,0.3)(350,0.3)
};
\addlegendentry{Russian}

\addplot[color=green,mark=*] coordinates {
(10,0)(20,0.1)(30,0.2)(40,0.3)(50,0.3)(60,0.2)(70,0.2)(80,0.2)(90,0.3)(100,0.1)(110,0.1)(120,0)(130,0.2)(140,0.3)(150,0.4)(160,0.4)(170,0.3)(180,0.4)(190,0.4)(200,0.4)(210,0.4)(220,0.5)(230,0.4)(240,0.5)(250,0.4)(260,0.4)(270,0.4)(280,0.4)(290,0.4)(300,0.4)(310,0.5)(320,0.4)(330,0.4)(340,0.3)(350,0.3)
};
\addlegendentry{Arabic}

\addplot[color=green,mark=*] coordinates {
(10,0)(20,0.1)(30,0.2)(40,0.3)(50,0.3)(60,0.2)(70,0.2)(80,0.2)(90,0.3)(100,0.1)(110,0.1)(120,0)(130,0.2)(140,0.3)(150,0.4)(160,0.4)(170,0.3)(180,0.4)(190,0.4)(200,0.4)(210,0.4)(220,0.5)(230,0.4)(240,0.5)(250,0.4)(260,0.4)(270,0.4)(280,0.4)(290,0.4)(300,0.4)(310,0.5)(320,0.4)(330,0.4)(340,0.3)(350,0.3)
};
\addlegendentry{German}

