size	dial	Natural_Neg	All_together	Hungarian	French	Portuguese	Russian	Arabic	German
20	20	0.5970822714364505	0.6055655884407848	0.6172606248716208	0.6102703246093423	0.6193544430975191	0.6060203370477106	0.6053720859207982	0.5891070984382032
40	40	0.6169772088252966	0.6212618978029153	0.6102969056273655	0.6352472447061704	0.6218230221576808	0.6382530417664968	0.6201613340950333	0.6262887222551581
60	60	0.6336190848436036	0.6410420942728341	0.6350128303885321	0.6363426114344195	0.6388949529763981	0.6346139895646166	0.6448462125591479	0.6476170230324617
80	80	0.6240038927360889	0.6447529754997696	0.6428033565747613	0.6322727474286639	0.6386902570590397	0.6435530735910928	0.6351366933101505	0.6420920843918034
100	100	0.6455690808359434	0.6577362304969417	0.6588918251366133	0.6429868231506248	0.6479802262340374	0.6455758966585483	0.639809926890215	0.6530415948079048
120	120	0.6501322715248596	0.6639059201858858	0.6699180063341491	0.6515339155692621	0.65692784475737	0.6564800198747848	0.653020937170923	0.6596931960815796
140	140	0.6478966643900647	0.6700376016131225	0.6715118790987251	0.6531810321073823	0.6591010311786837	0.6592569139859307	0.6608335866720425	0.6556780151422322
160	160	0.655731796338299	0.6740865762718109	0.6720164909855249	0.6624357505071486	0.6632771040857799	0.6720607921498201	0.6606437388651921	0.662662242849734
180	180	0.6617667049845543	0.6796206389865632	0.6715563358162331	0.6696219970936589	0.6740618087916441	0.6732609441922277	0.6703074310675615	0.6734647771111872
200	200	0.6710786693782395	0.689160750039019	0.6800199376311218	0.6775555542326795	0.6835275171228102	0.6792061145771727	0.6764547514671104	0.6745658724960226
220	220	0.6665144303637925	0.6882321451461545	0.6733343261077827	0.6761500508032402	0.679503503457733	0.6810442923954282	0.679643641891343	0.6777451412712863
240	240	0.6722739508668809	0.6883807153880122	0.6767681537869008	0.6788574304636791	0.6806834540086202	0.6807151914825148	0.6831005647438063	0.6786876101584972