\addplot[color=green,mark=*] coordinates {
(30,30)(40,40)(50,50)(60,60)(70,70)(80,80)(90,90)(100,100)(110,110)(120,120)(130,130)(140,140)(150,150)(160,160)(170,170)(180,180)(190,190)(200,200)(210,210)(220,220)(230,230)(240,240)(250,250)
};
\addlegendentry{dial}

\addplot[color=green,mark=*] coordinates {
(30,0.11677375256322624)(40,0.12895126058979087)(50,0.11272863008585292)(60,0.16753725973892486)(70,0.1642528456933991)(80,0.06783755397362586)(90,0.04952859836580767)(100,0.04895960832313341)(110,0.12105263157894737)(120,0.17629072681704258)(130,0.1943191311612364)(140,0.19620618234225423)(150,0.10613199665831244)(160,0.08421052631578947)(170,0.10644490644490645)(180,0.07648351648351649)(190,0.06676691729323309)(200,0.06777532065457763)(210,0.06777532065457763)(220,0.05721603956898075)(230,0.05753349988644106)(240,0.06723550958845077)(250,0.06723550958845077)
};
\addlegendentry{Natural\_Neg}

\addplot[color=green,mark=*] coordinates {
(30,0.11020998511645139)(40,0.13036682615629985)(50,0.1544850896179673)(60,0.21894556233790957)(70,0.23712827451957885)(80,0.2118498228644871)(90,0.22758053681484366)(100,0.2392169004512073)(110,0.26594471159124344)(120,0.24933333333333335)(130,0.2393550441453177)(140,0.24864937388193203)(150,0.23094296690442526)(160,0.27984047741718254)(170,0.291725517997295)(180,0.3218866733685344)(190,0.3238852303670914)(200,0.32598499061913694)(210,0.32598499061913694)(220,0.33122907699665227)(230,0.3369606003752345)(240,0.33687902465134645)(250,0.33769466509267226)
};
\addlegendentry{All\_together}

\addplot[color=green,mark=*] coordinates {
(30,0.18421164021164022)(40,0.18962440544530096)(50,0.17407407407407408)(60,0.17922837486865323)(70,0.22044656427207418)(80,0.21178565500068247)(90,0.17199886776430626)(100,0.18060576693324149)(110,0.25403381642512074)(120,0.23391759449775332)(130,0.23376751366067325)(140,0.22843067957458735)(150,0.22804751736409412)(160,0.24285983865641364)(170,0.21530122993537626)(180,0.24692503207879662)(190,0.247854184227461)(200,0.24529168449579228)(210,0.23993434679802905)(220,0.23358514044882273)(230,0.23358514044882273)(240,0.235968119172227)(250,0.235968119172227)
};
\addlegendentry{Hungarian}

\addplot[color=green,mark=*] coordinates {
(30,0.11320285948669868)(40,0.11670329670329668)(50,0.17585948477751753)(60,0.24310975188333678)(70,0.23662322401452837)(80,0.2361731695065028)(90,0.20890765549150644)(100,0.24259832239371876)(110,0.24094765041190805)(120,0.20469489480716901)(130,0.21312986196707126)(140,0.22352941176470584)(150,0.1968067226890756)(160,0.23283275842884166)(170,0.28533010628222666)(180,0.275440351701067)(190,0.29724342425040823)(200,0.23989576160567933)(210,0.23423347646917775)(220,0.238137541406872)(230,0.24052052013027625)(240,0.26014998870092126)(250,0.2377723663232989)
};
\addlegendentry{French}

\addplot[color=green,mark=*] coordinates {
(30,0.17679950571516836)(40,0.1840909090909091)(50,0.15792682926829268)(60,0.29500629394246414)(70,0.2604283590537795)(80,0.21166828692024658)(90,0.23302672098399438)(100,0.3055775245414468)(110,0.3556794854852209)(120,0.33052684919961806)(130,0.33330546374262543)(140,0.3517948717948718)(150,0.2958144123095803)(160,0.26932086469563177)(170,0.2811078871969399)(180,0.2997332938531996)(190,0.2973249742035006)(200,0.30340869309095975)(210,0.23541154412445936)(220,0.24598103730264817)(230,0.24561860903324315)(240,0.24489133630597043)(250,0.24489133630597043)
};
\addlegendentry{Portuguese}

\addplot[color=green,mark=*] coordinates {
(30,0.13282403870639165)(40,0.09930069930069929)(50,0.1188861985472155)(60,0.16551162790697677)(70,0.24047619047619045)(80,0.20890908920274312)(90,0.20242930671939238)(100,0.22123243763908723)(110,0.22879548794442411)(120,0.2267173252279635)(130,0.19948900929474472)(140,0.1983789260385005)(150,0.15939105811446236)(160,0.1620197852048206)(170,0.18444154653062395)(180,0.18596505596505597)(190,0.187985257985258)(200,0.1521978021978022)(210,0.14712533842968625)(220,0.18740782756664776)(230,0.18952498762988618)(240,0.21696405919661732)(250,0.21696405919661732)
};
\addlegendentry{Russian}

\addplot[color=green,mark=*] coordinates {
(30,0.12440913604766632)(40,0.21326315789473682)(50,0.2561464228807028)(60,0.23221347861178368)(70,0.275457336523126)(80,0.276087543272898)(90,0.27308695652173914)(100,0.30489247311827955)(110,0.30580900339651196)(120,0.2816425120772946)(130,0.25555555555555554)(140,0.2451077943615257)(150,0.2346753327662734)(160,0.25617309519748543)(170,0.2654038644282547)(180,0.2960286225402504)(190,0.2760075155984118)(200,0.28422131730058553)(210,0.21062151502787976)(220,0.20942985663661862)(230,0.2092601067887109)(240,0.22570892640406046)(250,0.20828720642962129)
};
\addlegendentry{Arabic}

