size	dial	Natural_Neg	All_together	Hungarian	French	Portuguese	Russian	Chinese
30	30	0.2891270695014998	0.33217206754646267	0.3031906145926168	0.2932434291671719	0.2956818052819213	0.3217260743396274	0.30626895315040004
40	40	0.32442277484675464	0.3660987194094266	0.3458123135414542	0.33706449394999793	0.33954938044991545	0.35451684580677256	0.3497533518751372
50	50	0.34292371464784777	0.4028958134082927	0.37212233957031154	0.3568006270798968	0.3665098375424106	0.3792949201919243	0.3725182792161536
60	60	0.3704202731379637	0.4637064329895232	0.4297643011545788	0.4181641450255963	0.4189713733430809	0.41001620479139006	0.4202195373141964
70	70	0.40311180241978184	0.4882035755144167	0.46524091165913495	0.42208143636676426	0.43828876899188857	0.4355684345618462	0.42953227239225605
80	80	0.40235683695682367	0.5102206696804106	0.4809139337939848	0.4277960146517922	0.4467335090146959	0.4359723973152018	0.43926261489405916
90	90	0.41686237826584877	0.5201744327435879	0.49736463260833874	0.4495063469183104	0.4624322171994583	0.45259813147402583	0.46812696039178237
100	100	0.42131313847439766	0.531860732730036	0.5081566354276692	0.46044085428878107	0.4744502166802171	0.4668525000253642	0.48724730884582923
110	110	0.42384295750905937	0.531466822978972	0.51281286241889	0.47300818758636354	0.47697943615111027	0.47779149231816415	0.49427048781517496
120	120	0.4282336683588987	0.5463151771111536	0.5256578359447013	0.4917955632811205	0.49045471830795007	0.4987857052265786	0.5060667061784552
127	127	0.3449085948640924	0.4760530184672581	0.46006470961580215	0.40870360917961684	0.45474916041769653	0.446404048222161	0.4442026604776822
130	130	0.43181681419533324	0.5599738046898952	0.5340354778285241	0.4990830806219974	0.49728638563976646	0.5049240838146384	0.5141202226225551
131	131	0.3905725711935631	0.5675624611538641	0.5210285135314462	0.494951921976792	0.4849951673285935	0.4838454372180012	0.5364297378233824
132	132	0.46700844482708054	0.5562528106890475	0.5160089553970135	0.5012117769416988	0.5338557128749242	0.5138635767589348	0.5185328767907912
133	133	0.4471690097582375	0.5490332242616323	0.5473023658867578	0.5188749263483552	0.5196207007730258	0.5042443767356157	0.4906420124714016
134	134	0.39395342601308786	0.5874245891476498	0.5629746568508951	0.517712785644989	0.4696778637725011	0.5231779835809031	0.5114316097929861
135	135	0.47209040887544484	0.5407377526412391	0.5015650464749466	0.5180474422149421	0.508477843981504	0.5226649572213294	0.5251288609558105