\addplot[color=green,mark=*] coordinates {
(10,10)(20,20)(30,30)(40,40)(50,50)(60,60)(70,70)(80,80)(90,90)(100,100)(110,110)(120,120)(130,130)(140,140)(150,150)(160,160)(170,170)
};
\addlegendentry{dial}

\addplot[color=green,mark=*] coordinates {
(10,0)(20,0)(30,0.03529411764705882)(40,0.011764705882352941)(50,0.011764705882352941)(60,0.011764705882352941)(70,0.011764705882352941)(80,0.011764705882352941)(90,0)(100,0)(110,0)(120,0)(130,0)(140,0)(150,0)(160,0)(170,0)
};
\addlegendentry{Natural\_Neg}

\addplot[color=green,mark=*] coordinates {
(10,0)(20,0)(30,0.011764705882352941)(40,0.07058823529411765)(50,0.011764705882352941)(60,0.011764705882352941)(70,0.011764705882352941)(80,0.011764705882352941)(90,0.011764705882352941)(100,0.03176470588235294)(110,0.03176470588235294)(120,0.03176470588235294)(130,0.03176470588235294)(140,0.03176470588235294)(150,0.05176470588235295)(160,0.05176470588235295)(170,0.05176470588235295)
};
\addlegendentry{All\_together}

\addplot[color=green,mark=*] coordinates {
(10,0)(20,0)(30,0.011764705882352941)(40,0.011764705882352941)(50,0.011764705882352941)(60,0.011764705882352941)(70,0.011764705882352941)(80,0.011764705882352941)(90,0.011764705882352941)(100,0.03176470588235294)(110,0.03176470588235294)(120,0.03176470588235294)(130,0.03176470588235294)(140,0.02)(150,0.02)(160,0.02)(170,0.02)
};
\addlegendentry{Hungarian}

\addplot[color=green,mark=*] coordinates {
(10,0)(20,0)(30,0.11176470588235295)(40,0.19411764705882353)(50,0.07058823529411765)(60,0.07058823529411765)(70,0.011764705882352941)(80,0.011764705882352941)(90,0.011764705882352941)(100,0.011764705882352941)(110,0.011764705882352941)(120,0.011764705882352941)(130,0.011764705882352941)(140,0.011764705882352941)(150,0.03176470588235294)(160,0.03176470588235294)(170,0.03176470588235294)
};
\addlegendentry{Portuguese}

\addplot[color=green,mark=*] coordinates {
(10,0)(20,0)(30,0.011764705882352941)(40,0.011764705882352941)(50,0.011764705882352941)(60,0.011764705882352941)(70,0.011764705882352941)(80,0.011764705882352941)(90,0.011764705882352941)(100,0.03176470588235294)(110,0.03176470588235294)(120,0.03176470588235294)(130,0.03176470588235294)(140,0.03176470588235294)(150,0.03176470588235294)(160,0.03176470588235294)(170,0.011764705882352941)
};
\addlegendentry{Russian}

\addplot[color=green,mark=*] coordinates {
(10,0)(20,0)(30,0.011764705882352941)(40,0.011764705882352941)(50,0.011764705882352941)(60,0.011764705882352941)(70,0.011764705882352941)(80,0.011764705882352941)(90,0.011764705882352941)(100,0.03176470588235294)(110,0.03176470588235294)(120,0.03176470588235294)(130,0.03176470588235294)(140,0.03176470588235294)(150,0.03176470588235294)(160,0.03176470588235294)(170,0.03176470588235294)
};
\addlegendentry{Arabic}

