\addplot[color=green,mark=*] coordinates {
(10,10)(20,20)(30,30)(40,40)(50,50)(60,60)(70,70)(80,80)(90,90)(100,100)(110,110)(120,120)(130,130)(140,140)(150,150)(160,160)(170,170)
};
\addlegendentry{dial}

\addplot[color=green,mark=*] coordinates {
(10,0.24892703862660945)(20,0.3399141630901288)(30,0.3645207439198856)(40,0.41459227467811155)(50,0.43147353361945634)(60,0.4824034334763949)(70,0.49957081545064375)(80,0.5195994277539342)(90,0.5370529327610873)(100,0.5181688125894135)(110,0.5141630901287554)(120,0.515307582260372)(130,0.529041487839771)(140,0.5404864091559369)(150,0.5628040057224607)(160,0.5516452074391989)(170,0.553934191702432)
};
\addlegendentry{Natural\_Neg}

\addplot[color=green,mark=*] coordinates {
(10,0.31931330472103003)(20,0.3896995708154506)(30,0.39256080114449216)(40,0.44549356223175973)(50,0.45836909871244635)(60,0.5084406294706725)(70,0.5256080114449213)(80,0.5496423462088698)(90,0.5565092989985694)(100,0.555650929899857)(110,0.5573676680972819)(120,0.5725321888412017)(130,0.5705293276108726)(140,0.5854077253218885)(150,0.5905579399141632)(160,0.5851216022889842)(170,0.5882689556509298)
};
\addlegendentry{All\_together}

\addplot[color=green,mark=*] coordinates {
(10,0.2680972818311874)(20,0.3321888412017167)(30,0.3490701001430615)(40,0.4243204577968527)(50,0.4452074391988555)(60,0.4861230329041488)(70,0.5070100143061517)(80,0.5241773962804006)(90,0.5407725321888412)(100,0.5427753934191702)(110,0.5467811158798284)(120,0.5639484978540772)(130,0.5670958512160229)(140,0.574821173104435)(150,0.5834048640915593)(160,0.5776824034334764)(170,0.5799713876967095)
};
\addlegendentry{Hungarian}

\addplot[color=green,mark=*] coordinates {
(10,0.2821173104434907)(20,0.3482117310443491)(30,0.3579399141630901)(40,0.413447782546495)(50,0.4440629470672389)(60,0.4898426323319027)(70,0.515307582260372)(80,0.5393419170243204)(90,0.5410586552217453)(100,0.5353361945636623)(110,0.5370529327610872)(120,0.5419170243204579)(130,0.5482117310443491)(140,0.5576537911301861)(150,0.5708154506437768)(160,0.5728183118741059)(170,0.5753934191702432)
};
\addlegendentry{Portuguese}

\addplot[color=green,mark=*] coordinates {
(10,0.2864091559370529)(20,0.3708154506437768)(30,0.3748211731044349)(40,0.42632331902718174)(50,0.43605150214592275)(60,0.4866952789699571)(70,0.5130185979971388)(80,0.5304721030042918)(90,0.5336194563662375)(100,0.5393419170243204)(110,0.5396280400572246)(120,0.5467811158798284)(130,0.557653791130186)(140,0.5702432045779686)(150,0.5796852646638055)(160,0.5845493562231759)(170,0.5739628040057224)
};
\addlegendentry{Russian}

\addplot[color=green,mark=*] coordinates {
(10,0.29499284692417743)(20,0.3536480686695279)(30,0.3702432045779685)(40,0.42060085836909866)(50,0.42346208869814017)(60,0.48040057224606575)(70,0.48726752503576537)(80,0.515307582260372)(90,0.5233190271816881)(100,0.5298998569384835)(110,0.5281831187410587)(120,0.5261802575107296)(130,0.5507868383404864)(140,0.5547925608011445)(150,0.5665236051502145)(160,0.5613733905579399)(170,0.5636623748211731)
};
\addlegendentry{Arabic}

