\addplot[color=green,mark=*] coordinates {
(10,10)(20,20)(30,30)(40,40)(50,50)(60,60)(70,70)(80,80)(90,90)(100,100)(110,110)(120,120)(130,130)(140,140)(150,150)(160,160)(170,170)(180,180)(190,190)(200,200)(210,210)(220,220)(230,230)(240,240)(250,250)(260,260)(270,270)(280,280)(290,290)(300,300)(310,310)(320,320)(330,330)(340,340)(350,350)
};
\addlegendentry{dial}

\addplot[color=green,mark=*] coordinates {
(10,0)(20,0.06259541984732825)(30,0.12390928846046693)(40,0.1843744047395367)(50,0.18484678846046693)(60,0.12390928846046693)(70,0.12390928846046693)(80,0.12390928846046693)(90,0.18857094259580526)(100,0.06564885496183206)(110,0.06564885496183206)(120,0)(130,0.06451612903225806)(140,0.06721311475409836)(150,0.12813750000000002)(160,0.18997092366757)(170,0.12167824074074074)(180,0.12167824074074074)(190,0.1212058570198105)(200,0.18538496149742242)(210,0.18685471198164255)(220,0.18685471198164255)(230,0.18444115113745757)(240,0.18444115113745757)(250,0.18787252368647717)(260,0.18787252368647717)(270,0.18787252368647717)(280,0.18787252368647717)(290,0.1883933570198105)(300,0.1883933570198105)(310,0.1889223924528814)(320,0.1889223924528814)(330,0.1212058570198105)(340,0.1212058570198105)(350,0.1212058570198105)
};
\addlegendentry{Natural\_Neg}

\addplot[color=green,mark=*] coordinates {
(10,0.057931034482758624)(20,0.10348258706467661)(30,0.154894012207917)(40,0.21025076697345604)(50,0.2249996508136043)(60,0.23351938239759978)(70,0.23567833296646853)(80,0.23318679277276386)(90,0.23293002339834742)(100,0.19090931788674723)(110,0.19090931788674723)(120,0.06451612903225806)(130,0.12593345186690375)(140,0.24735348191366188)(150,0.3114852144483144)(160,0.30032998393829224)(170,0.24089139404656645)(180,0.3056551501237099)(190,0.30659896048367485)(200,0.3102615258730104)(210,0.31484869613867955)(220,0.3841068413981109)(230,0.32192830984779613)(240,0.3219684000469071)(250,0.32137859067162344)(260,0.25580482017982015)(270,0.25580482017982015)(280,0.25580482017982015)(290,0.25630005827505825)(300,0.2568032840815099)(310,0.32400328408150986)(320,0.2578344845045665)(330,0.2573146924213997)(340,0.1916350539936697)(350,0.19211655722326454)
};
\addlegendentry{All\_together}

\addplot[color=green,mark=*] coordinates {
(10,0.03853211009174312)(20,0.07266807995154452)(30,0.12947301840940112)(40,0.16723160818047733)(50,0.21195965563113087)(60,0.20273663918333967)(70,0.23133080528429364)(80,0.24274156185332013)(90,0.16930810466806956)(100,0.06323529411764706)(110,0.06323529411764706)(120,0)(130,0.12541732283464566)(140,0.24973360441374762)(150,0.3073539882935856)(160,0.3092351783063857)(170,0.24104290685778246)(180,0.30442221898365973)(190,0.23879168992714103)(200,0.2459319829594191)(210,0.1775422247499387)(220,0.1854805047934819)(230,0.18453654188948304)(240,0.1868988905831011)(250,0.1854364540931705)(260,0.18588752973508585)(270,0.1863455450022614)(280,0.1863455450022614)(290,0.1863455450022614)(300,0.18681066128133117)(310,0.18730800109164808)(320,0.188260207647224)(330,0.19032788811846282)(340,0.12261135268539194)(350,0.12261135268539194)
};
\addlegendentry{Hungarian}

\addplot[color=green,mark=*] coordinates {
(10,0.06461538461538462)(20,0.0964314231312573)(30,0.16334191607807938)(40,0.22231896412377647)(50,0.22231896412377647)(60,0.22534591133677023)(70,0.22516768921114533)(80,0.22626260408818996)(90,0.2255442632238637)(100,0.24980187695516162)(110,0.24980187695516162)(120,0.1889280695097823)(130,0.2521894184681314)(140,0.3781591908859247)(150,0.3748741184968615)(160,0.3136014138039097)(170,0.31791254519077095)(180,0.3816862801686331)(190,0.38077808558504134)(200,0.380871315869856)(210,0.3819639987966853)(220,0.3768830729395834)(230,0.3151228191544212)(240,0.3128830729395834)(250,0.37974175841387164)(260,0.31522562938161364)(270,0.3147357683654368)(280,0.3142325425589852)(290,0.3142325425589852)(300,0.3147357683654368)(310,0.31184171151789164)(320,0.31524448929566934)(330,0.31628615596233606)(340,0.2516245018269977)(350,0.2521578351603311)
};
\addlegendentry{French}

\addplot[color=green,mark=*] coordinates {
(10,0.06363636363636363)(20,0.09728572328232257)(30,0.16295916775843783)(40,0.2358999412916459)(50,0.24134386445708805)(60,0.24868228966577027)(70,0.25103771558889404)(80,0.18844229574156582)(90,0.18772395487723953)(100,0.18990214975616435)(110,0.18990214975616435)(120,0.1306920634920635)(130,0.19210938632670915)(140,0.29356610155054996)(150,0.3503228583073067)(160,0.2854545329290189)(170,0.23406555017708844)(180,0.29378777239931064)(190,0.23447218139385412)(200,0.23654401154401153)(210,0.23734398904029547)(220,0.30200637958532695)(230,0.30356629857751133)(240,0.30404884823523776)(250,0.30500382553048433)(260,0.24147620925141458)(270,0.2427782743572217)(280,0.24524772884009902)(290,0.2448808384597858)(300,0.246378555354763)(310,0.3114948344245304)(320,0.246378555354763)(330,0.2467658959310502)(340,0.24774170464088865)(350,0.2510439951014977)
};
\addlegendentry{Portuguese}

\addplot[color=green,mark=*] coordinates {
(10,0.06268656716417911)(20,0.12434343434343434)(30,0.18613151068268916)(40,0.24659662696175894)(50,0.24659662696175894)(60,0.24962357417475264)(70,0.24962357417475264)(80,0.24962357417475264)(90,0.24890523331042638)(100,0.18848800834202292)(110,0.18848800834202292)(120,0.064)(130,0.1244295634920635)(140,0.18684444444444442)(150,0.2490666666666667)(160,0.24774621578099837)(170,0.18639782135076252)(180,0.24917154397849978)(190,0.24963311546840963)(200,0.24963311546840963)(210,0.25007973856209154)(220,0.31469512317747605)(230,0.25145982905982905)(240,0.3142335516875662)(250,0.25145982905982905)(260,0.25145982905982905)(270,0.2519607235142119)(280,0.2519607235142119)(290,0.2519607235142119)(300,0.25351111111111113)(310,0.320186176727909)(320,0.25404444444444446)(330,0.25404444444444446)(340,0.1908826762246117)(350,0.1908826762246117)
};
\addlegendentry{Russian}

\addplot[color=green,mark=*] coordinates {
(10,0)(20,0.06212121212121212)(30,0.1234350807343508)(40,0.18390019701342059)(50,0.18435103428263483)(60,0.1234350807343508)(70,0.1234350807343508)(80,0.1234350807343508)(90,0.18620880336208803)(100,0.06277372262773723)(110,0.06277372262773723)(120,0)(130,0.12395717977113326)(140,0.18586751115514882)(150,0.24808973337737106)(160,0.24808973337737106)(170,0.18586751115514882)(180,0.2486412337828861)(190,0.2486412337828861)(200,0.2486412337828861)(210,0.2486412337828861)(220,0.3117991285197282)(230,0.2495038747915125)(240,0.3122775974192497)(250,0.2495038747915125)(260,0.2504828957705335)(270,0.2504828957705335)(280,0.2504828957705335)(290,0.2504828957705335)(300,0.2504828957705335)(310,0.31716790723385657)(320,0.2505012405671899)(330,0.2509837902249163)(340,0.18632213608957796)(350,0.18632213608957796)
};
\addlegendentry{Arabic}

\addplot[color=green,mark=*] coordinates {
(10,0)(20,0.06212121212121212)(30,0.1234350807343508)(40,0.18390019701342059)(50,0.18435103428263483)(60,0.12388591800356505)(70,0.12434343434343434)(80,0.12434343434343434)(90,0.1875787284610814)(100,0.06323529411764706)(110,0.06323529411764706)(120,0)(130,0.12593345186690375)(140,0.18586176727909012)(150,0.24998390468367027)(160,0.2514698076554762)(170,0.1878009593609016)(180,0.25103625347854863)(190,0.2519800638385135)(200,0.2519800638385135)(210,0.251981499353691)(220,0.31660686256472276)(230,0.2524277580871109)(240,0.31660686256472276)(250,0.25143875851244274)(260,0.25143875851244274)(270,0.25143875851244274)(280,0.25281922989291405)(290,0.25281922989291405)(300,0.2538082294675822)(310,0.3210082294675822)(320,0.2538082294675822)(330,0.2538082294675822)(340,0.18914657533224388)(350,0.18914657533224388)
};
\addlegendentry{German}

