\addplot[color=green,mark=*] coordinates {
(10,10)(20,20)(30,30)(40,40)(50,50)(60,60)(70,70)(80,80)(90,90)(100,100)(110,110)(120,120)
};
\addlegendentry{dial}

\addplot[color=green,mark=*] coordinates {
(10,0)(20,0)(30,0)(40,0)(50,0)(60,0)(70,0)(80,0)(90,0.0005277044854881266)(100,0.0003773584905660377)(110,0.0002607561929595828)(120,0.00022831050228310502)
};
\addlegendentry{Natural\_Neg}

\addplot[color=green,mark=*] coordinates {
(10,0)(20,0)(30,0)(40,0)(50,0)(60,0)(70,0)(80,0)(90,0)(100,0.000390625)(110,0.0002967359050445104)(120,0.00025348542458808617)
};
\addlegendentry{All\_together}

\addplot[color=green,mark=*] coordinates {
(10,0)(20,0)(30,0)(40,0)(50,0)(60,0)(70,0)(80,0)(90,0)(100,0.0002743484224965706)(110,0.0002103049421661409)(120,0.0001998001998001998)
};
\addlegendentry{Hungarian}

\addplot[color=green,mark=*] coordinates {
(10,0)(20,0)(30,0)(40,0)(50,0)(60,0)(70,0)(80,0)(90,0.0004464285714285714)(100,0.00029069767441860465)(110,0.00023781212841854932)(120,0.000205761316872428)
};
\addlegendentry{French}

\addplot[color=green,mark=*] coordinates {
(10,0)(20,0)(30,0)(40,0)(50,0)(60,0)(70,0)(80,0)(90,0)(100,0.0003305785123966942)(110,0.00027063599458728013)(120,0.0002460024600246003)
};
\addlegendentry{Portuguese}

\addplot[color=green,mark=*] coordinates {
(10,0)(20,0)(30,0)(40,0)(50,0)(60,0)(70,0)(80,0)(90,0)(100,0.00035398230088495576)(110,0.0002754820936639119)(120,0.00024968789013732833)
};
\addlegendentry{Russian}

\addplot[color=green,mark=*] coordinates {
(10,0)(20,0)(30,0)(40,0)(50,0)(60,0)(70,0)(80,0)(90,0.0006389776357827476)(100,0.0004310344827586207)(110,0.00030165912518853697)(120,0.0002528445006321113)
};
\addlegendentry{Arabic}

\addplot[color=green,mark=*] coordinates {
(10,0)(20,0)(30,0)(40,0)(50,0)(60,0)(70,0)(80,0)(90,0.0005037783375314861)(100,0.00038095238095238096)(110,0.0002785515320334262)(120,0.0002551020408163265)
};
\addlegendentry{German}

