size	dial	Natural_Neg	All_together	Hungarian	French	Portuguese	Russian	Arabic
30	30	0.07207792207792207	0.07207792207792207	0.07207792207792207	0.07207792207792207	0.07207792207792207	0.07207792207792207	0.07207792207792207
40	40	0.07754010695187166	0.041176470588235294	0.041176470588235294	0.07754010695187166	0.041176470588235294	0.041176470588235294	0.041176470588235294
50	50	0.11087344028520499	0.03333333333333333	0.03333333333333333	0.11087344028520499	0.03333333333333333	0.03333333333333333	0.03333333333333333
60	60	0.11754010695187164	0.04	0	0.07636363636363637	0	0	0
70	70	0.03636363636363636	0.03636363636363636	0.03636363636363636	0.07636363636363637	0.03636363636363636	0.03636363636363636	0.03636363636363636
80	80	0.03636363636363636	0.0680709534368071	0.03636363636363636	0.1080709534368071	0.03636363636363636	0.03636363636363636	0.03636363636363636
90	90	0.03636363636363636	0.0680709534368071	0.03636363636363636	0.14140428677014044	0.03636363636363636	0.03636363636363636	0.03636363636363636
100	100	0.0696969696969697	0.10140428677014042	0.0696969696969697	0.14140428677014044	0.0696969696969697	0.03636363636363636	0.0696969696969697
110	110	0.0696969696969697	0	0	0.0696969696969697	0	0	0
120	120	0.0696969696969697	0.0064516129032258064	0	0.0761485826001955	0.0064516129032258064	0	0