size	dial	Natural_Neg	All_together	Hungarian	Portuguese	Russian	Arabic	Chinese
10	10	0	0	0	0	0	0	0
20	20	0	0	0	0	0	0	0
30	30	0.025	0.02222222222222222	0.02222222222222222	0.025	0.025	0.023529411764705882	0.025
40	40	0.025	0.02222222222222222	0.02222222222222222	0.025	0.025	0.023529411764705882	0.023529411764705882
50	50	0.025	0.02222222222222222	0.02222222222222222	0.025	0.025	0.023529411764705882	0.023529411764705882
60	60	0.025	0.023529411764705882	0.02222222222222222	0.025	0	0.023529411764705882	0.023529411764705882
70	70	0.025	0.026666666666666665	0.02222222222222222	0.025	0	0.023529411764705882	0
80	80	0.025	0.02857142857142857	0.023529411764705882	0.025	0	0.023529411764705882	0
90	90	0.025	0.02857142857142857	0.023529411764705882	0.025	0	0.023529411764705882	0
100	100	0.025	0.02857142857142857	0.023529411764705882	0.025	0	0.023529411764705882	0
110	110	0.025	0.02857142857142857	0.023529411764705882	0.025	0	0.023529411764705882	0
120	120	0.026666666666666665	0.02857142857142857	0.023529411764705882	0.026666666666666665	0	0.023529411764705882	0
130	130	0	0.02857142857142857	0.023529411764705882	0	0	0.025	0
140	140	0.02857142857142857	0.05	0.04444444444444444	0.02857142857142857	0	0.05	0.02857142857142857
150	150	0.02857142857142857	0.026666666666666665	0.04444444444444444	0.02857142857142857	0	0.05	0.02857142857142857
160	160	0.02857142857142857	0.02857142857142857	0.04444444444444444	0.02857142857142857	0	0.05	0.02857142857142857
170	170	0.05714285714285714	0.05523809523809524	0.07058823529411765	0.05210084033613445	0.023529411764705882	0.08076923076923077	0.05934065934065934