size	dial	Natural_Neg	_All_together	_Hungarian	_Portuguese	_Russian
30	30	0.7466430355712406	0.6878332589571905	0.7029734980468538	0.7558122692846126	0.7449924364332035
60	60	0.7836584409194356	0.7162132599702061	0.7454062004183992	0.7864479255843004	0.7691008421711939
90	90	0.7816388269765976	0.748573695179934	0.7656914565101237	0.7888333334679584	0.7727893755353512
120	120	0.7884401106074561	0.7559644855085764	0.7860380884699081	0.7869188532326976	0.78317049517521
150	150	0.7966114995460867	0.7769232923085891	0.7906377166930036	0.7893499068089526	0.7891914596427857
180	180	0.796972793104005	0.7771755483245713	0.7867596444490512	0.7867726899143092	0.7873310517343313
210	210	0.7992632378363747	0.7793092308261077	0.7875111237182425	0.786744402618814	0.7869910433833753
240	240	0.8012825808814134	0.7819452685209872	0.7882990840747615	0.7900302054813817	0.7889750150779623
270	270	0.8017255939893341	0.7822593500039919	0.78891787464725	0.7880086355814532	0.7885227792737861
300	300	0.8014231144494163	0.7824713224043361	0.7881092230861382	0.7881258834896847	0.7881116185701822
330	330	0.8020544176620327	0.7826817130045324	0.788820625474524	0.7892037666437174	0.7898063127032171
360	360	0.8009498953801897	0.7831122817196757	0.7882705650325574	0.7906265311998937	0.79033156297687