\addplot[color=green,mark=*] coordinates {
(10,10)(20,20)(30,30)(40,40)(50,50)(60,60)(70,70)(80,80)(90,90)
};
\addlegendentry{dial}

\addplot[color=green,mark=*] coordinates {
(10,0.2566380766183464)(20,0.3932849529491184)(30,0.47228495294911843)(40,0.3932849529491184)(50,0.471856381520547)(60,0.5499088286300441)(70,0.6297098635074011)(80,0.7101029767103471)(90,0.6293147993704455)
};
\addlegendentry{Natural\_Neg}

\addplot[color=green,mark=*] coordinates {
(10,0.2325620956957916)(20,0.3798901976099626)(30,0.38276761528430425)(40,0.5154606663393818)(50,0.6016132484271011)(60,0.60554814580722)(70,0.6901434969259955)(80,0.6924752004123412)(90,0.7737071416457434)
};
\addlegendentry{All\_together}

\addplot[color=green,mark=*] coordinates {
(10,0.22982017187213977)(20,0.37938486303048724)(30,0.4683917227406815)(40,0.5490259170156304)(50,0.6248455094537172)(60,0.626381528721231)(70,0.7061837565671067)(80,0.7073535843129013)(90,0.7077350789250534)
};
\addlegendentry{Hungarian}

\addplot[color=green,mark=*] coordinates {
(10,0.24313819477784637)(20,0.39211170155901015)(30,0.471106726434632)(40,0.5513503359731463)(50,0.6276538228851525)(60,0.6307069562331906)(70,0.7097069562331907)(80,0.7097069562331907)(90,0.789118720939073)
};
\addlegendentry{French}

\addplot[color=green,mark=*] coordinates {
(10,0.2522595704948646)(20,0.3917168905043006)(30,0.47071191537992246)(40,0.5513503359731463)(50,0.6299191103526105)(60,0.6299191103526105)(70,0.7089191103526105)(80,0.7089217645445749)(90,0.7887256861132024)
};
\addlegendentry{Portuguese}

\addplot[color=green,mark=*] coordinates {
(10,0.16615169076722344)(20,0.3298397165887039)(30,0.4500616935397376)(40,0.5474720490938135)(50,0.6256446379263008)(60,0.6256446379263008)(70,0.7034730376793079)(80,0.7034730376793079)(90,0.7034730376793079)
};
\addlegendentry{Russian}

\addplot[color=green,mark=*] coordinates {
(10,0.16528497791118082)(20,0.3084000882361383)(30,0.3984800524910917)(40,0.3388078790607654)(50,0.4252833785719902)(60,0.4235493520129481)(70,0.4368180424091097)(80,0.5811053048433621)(90,0.5860965992030717)
};
\addlegendentry{Arabic}

\addplot[color=green,mark=*] coordinates {
(10,0.25758186217467216)(20,0.3917168905043006)(30,0.47111170155901017)(40,0.5513503359731463)(50,0.6283457609772097)(60,0.6287382256553886)(70,0.7089227304481777)(80,0.7097069562331907)(90,0.789118720939073)
};
\addlegendentry{German}

