\addplot[color=green,mark=*] coordinates {
(20,20)(40,40)(60,60)(80,80)(100,100)(120,120)(140,140)(160,160)(180,180)(200,200)(220,220)(240,240)
};
\addlegendentry{dial}

\addplot[color=green,mark=*] coordinates {
(20,0)(40,0)(60,0)(80,0)(100,0)(120,0)(140,0)(160,0)(180,0)(200,0)(220,0)(240,0)
};
\addlegendentry{Natural\_Neg}

\addplot[color=green,mark=*] coordinates {
(20,0)(40,0)(60,0)(80,0)(100,0)(120,0.08888888888888888)(140,0.1)(160,0.11428571428571428)(180,0.1)(200,0.1)(220,0.1)(240,0.06666666666666667)
};
\addlegendentry{All\_together}

\addplot[color=green,mark=*] coordinates {
(20,0)(40,0.008888888888888889)(60,0)(80,0)(100,0)(120,0.13333333333333333)(140,0.13333333333333333)(160,0.13333333333333333)(180,0.13333333333333333)(200,0.13333333333333333)(220,0)(240,0)
};
\addlegendentry{Hungarian}

\addplot[color=green,mark=*] coordinates {
(20,0)(40,0)(60,0)(80,0)(100,0)(120,0.04444444444444444)(140,0.05714285714285714)(160,0.13333333333333333)(180,0)(200,0)(220,0)(240,0)
};
\addlegendentry{French}

\addplot[color=green,mark=*] coordinates {
(20,0)(40,0)(60,0)(80,0)(100,0)(120,0.04444444444444444)(140,0.08)(160,0.13333333333333333)(180,0.13333333333333333)(200,0)(220,0.1)(240,0)
};
\addlegendentry{Portuguese}

\addplot[color=green,mark=*] coordinates {
(20,0)(40,0)(60,0)(80,0)(100,0)(120,0.05)(140,0.1)(160,0.13333333333333333)(180,0.2333333333333333)(200,0.2333333333333333)(220,0.1)(240,0.1)
};
\addlegendentry{Russian}

\addplot[color=green,mark=*] coordinates {
(20,0)(40,0)(60,0)(80,0)(100,0)(120,0.05)(140,0.13333333333333333)(160,0)(180,0.08)(200,0.08)(220,0.1)(240,0.13333333333333333)
};
\addlegendentry{Arabic}

\addplot[color=green,mark=*] coordinates {
(20,0)(40,0)(60,0)(80,0)(100,0)(120,0.06666666666666667)(140,0.13333333333333333)(160,0.13333333333333333)(180,0.21333333333333332)(200,0.21333333333333332)(220,0.08)(240,0.08)
};
\addlegendentry{German}

