size	dial	Natural_Neg	All_together	Hungarian	French	Portuguese	Russian	Arabic	German
20	20	0.08253968253968254	0.14007936507936508	0.1399273893954745	0.07539682539682539	0.11825396825396825	0.12182539682539684	0.10780423280423282	0.11825396825396825
40	40	0.1449287402904424	0.4088684003152088	0.21056895193065403	0.1881827085444107	0.21975413711583922	0.3519715186310931	0.3563788134639198	0.31634988179669027
60	60	0.2914621866231662	0.6302966255238436	0.37233650028993265	0.3250582732758566	0.43066494193912896	0.44592141019840736	0.5047468070238043	0.4663270737618389
80	80	0.33791825811014886	0.647428788081538	0.3650613680148004	0.39654614389580267	0.4224096227901928	0.5051250576148207	0.4969628142795545	0.4400759474850201
100	100	0.3128628438038314	0.6826565264582125	0.5085781469374404	0.49524850095263584	0.5428609066714245	0.5403927089904609	0.5003759906032086	0.5068572193228957
120	120	0.42959620984751457	0.7194318275952158	0.5417806962206801	0.5523356060654334	0.6066428773213197	0.5604921399578163	0.5809238061253316	0.5920424045080809
140	140	0.43211472836603304	0.6990914594126154	0.5281651957629476	0.5565909252143697	0.5995606702648052	0.5630209877251227	0.5692490064762245	0.613509111106863
160	160	0.40538186784593844	0.6784987542454423	0.5241651957629476	0.57236451012003	0.5847458554499904	0.5394495591536941	0.5806564138836319	0.6219376825354345
180	180	0.3543573499518903	0.6735595445189985	0.5284205149118838	0.5678660574895018	0.5881532628573978	0.5355818342859692	0.5634831616039967	0.6016413862391381
200	200	0.30858218900210066	0.6917464459355266	0.5486348569134598	0.5846031108817138	0.5674085820063339	0.5489496154409843	0.5680347770492291	0.5990091673941534
220	220	0.2934179681775025	0.6926567516073738	0.5114142319758539	0.5765742068271174	0.5263519782327489	0.5454145187224272	0.5715045783869549	0.5399035936779815
240	240	0.2361144904725796	0.6772279805182253	0.5010476551564468	0.5711620075658614	0.6156941752212728	0.5255676116559296	0.5912336920851573	0.5027539480755057