\addplot[color=green,mark=*] coordinates {
(10,10)(20,20)(30,30)(40,40)(50,50)(60,60)(70,70)(80,80)(90,90)
};
\addlegendentry{dial}

\addplot[color=green,mark=*] coordinates {
(10,0.015808080808080806)(20,0.020121389981991596)(30,0.02694028549877221)(40,0.038471981771847796)(50,0.03842470044797072)(60,0.03850729938061272)(70,0.052107090394196844)(80,0.07116449351082035)(90,0.07218290541688333)
};
\addlegendentry{Natural\_Neg}

\addplot[color=green,mark=*] coordinates {
(10,0.050469348659003835)(20,0.04808177149336357)(30,0.03928154475309089)(40,0.050837622774686154)(50,0.04644345622159906)(60,0.04759075571820794)(70,0.05887950528281958)(80,0.0700903714809262)(90,0.07581733256178928)
};
\addlegendentry{All\_together}

\addplot[color=green,mark=*] coordinates {
(10,0.049261619190404796)(20,0.039120348755345084)(30,0.037942517297121905)(40,0.05183356419791394)(50,0.042996051136262946)(60,0.04855490049946013)(70,0.06450381997911425)(80,0.07682595436646603)(90,0.0745561884723253)
};
\addlegendentry{Hungarian}

\addplot[color=green,mark=*] coordinates {
(10,0.03038249814486696)(20,0.041603451981294975)(30,0.04055378178093416)(40,0.04751128787637129)(50,0.045263813128896546)(60,0.04746297869762733)(70,0.06344808656277921)(80,0.09624240909848107)(90,0.09183004590208883)
};
\addlegendentry{Portuguese}

\addplot[color=green,mark=*] coordinates {
(10,0.029250123741956773)(20,0.040415712517693436)(30,0.03824383826784222)(40,0.0430775521330244)(50,0.04762387745521179)(60,0.04975750760983145)(70,0.05652518437750821)(80,0.08235326082928877)(90,0.07889864676911942)
};
\addlegendentry{Russian}

\addplot[color=green,mark=*] coordinates {
(10,0.02697143852316266)(20,0.03880321928010849)(30,0.02567781631428)(40,0.051997043064541226)(50,0.05203622801751928)(60,0.04856080099859805)(70,0.0645732871797499)(80,0.06545954859449708)(90,0.06886043786278159)
};
\addlegendentry{Arabic}

