\addplot[color=green,mark=*] coordinates {
(20,20)(40,40)(60,60)(80,80)(100,100)(120,120)(140,140)(160,160)(180,180)(200,200)(220,220)
};
\addlegendentry{dial}

\addplot[color=green,mark=*] coordinates {
(20,0)(40,0.005714285714285714)(60,0.005714285714285714)(80,0.005714285714285714)(100,0.005128205128205128)(120,0.005128205128205128)(140,0.005128205128205128)(160,0.01039136302294197)(180,0.01039136302294197)(200,0.01039136302294197)(220,0.01039136302294197)
};
\addlegendentry{Natural\_Neg}

\addplot[color=green,mark=*] coordinates {
(20,0)(40,0.005714285714285714)(60,0.005714285714285714)(80,0.010842490842490842)(100,0.015970695970695968)(120,0.015970695970695968)(140,0.010256410256410256)(160,0.015519568151147098)(180,0.01039136302294197)(200,0.01039136302294197)(220,0.01039136302294197)
};
\addlegendentry{All\_together}

\addplot[color=green,mark=*] coordinates {
(20,0.010526315789473684)(40,0.010977443609022555)(60,0.010977443609022555)(80,0.005714285714285714)(100,0.010842490842490842)(120,0.010842490842490842)(140,0.005128205128205128)(160,0.01039136302294197)(180,0.01039136302294197)(200,0.01039136302294197)(220,0.01039136302294197)
};
\addlegendentry{Hungarian}

\addplot[color=green,mark=*] coordinates {
(20,0)(40,0.005714285714285714)(60,0.005714285714285714)(80,0.005714285714285714)(100,0.010842490842490842)(120,0.010842490842490842)(140,0.005128205128205128)(160,0.01627371596411844)(180,0.01039136302294197)(200,0.015519568151147098)(220,0.01039136302294197)
};
\addlegendentry{French}

\addplot[color=green,mark=*] coordinates {
(20,0)(40,0.005714285714285714)(60,0.005714285714285714)(80,0.010842490842490842)(100,0.010842490842490842)(120,0.010842490842490842)(140,0.005128205128205128)(160,0.01039136302294197)(180,0.01039136302294197)(200,0.01039136302294197)(220,0.01039136302294197)
};
\addlegendentry{Portuguese}

\addplot[color=green,mark=*] coordinates {
(20,0)(40,0.005714285714285714)(60,0.005714285714285714)(80,0.010842490842490842)(100,0.010842490842490842)(120,0.010842490842490842)(140,0.005128205128205128)(160,0.01039136302294197)(180,0.01039136302294197)(200,0.01039136302294197)(220,0.01039136302294197)
};
\addlegendentry{Russian}

\addplot[color=green,mark=*] coordinates {
(20,0)(40,0.005714285714285714)(60,0.005714285714285714)(80,0.005714285714285714)(100,0.005128205128205128)(120,0.005128205128205128)(140,0.005128205128205128)(160,0.01039136302294197)(180,0.01039136302294197)(200,0.01039136302294197)(220,0.01039136302294197)
};
\addlegendentry{Arabic}

\addplot[color=green,mark=*] coordinates {
(20,0)(40,0.005714285714285714)(60,0.005714285714285714)(80,0.005714285714285714)(100,0.010842490842490842)(120,0.010842490842490842)(140,0.005128205128205128)(160,0.01039136302294197)(180,0.01039136302294197)(200,0.015519568151147098)(220,0.015519568151147098)
};
\addlegendentry{German}

