size	dial	Natural_Neg	All_together	Hungarian	French	Portuguese	Russian	Arabic	German
20	20	0	0	0	0	0	0	0	0
40	40	0	0.03333333333333333	0	0	0	0	0	0
60	60	0.042105263157894736	0.09649122807017543	0.05263157894736842	0.05263157894736842	0.042105263157894736	0.042105263157894736	0.05263157894736842	0.031578947368421054
80	80	0.031578947368421054	0.09649122807017543	0.06315789473684211	0.042105263157894736	0.042105263157894736	0.042105263157894736	0.05263157894736842	0.05263157894736842
100	100	0.03216374269005848	0.1298245614035088	0.08596491228070176	0.07543859649122805	0.07543859649122805	0.07543859649122805	0.07543859649122805	0.08596491228070176
120	120	0.0654970760233918	0.15915429599640124	0.15146198830409358	0.14520917678812414	0.12923976608187132	0.14804318488529014	0.11812865497076022	0.15573549257759783
140	140	0.043859649122807015	0.18626540710751233	0.15146198830409358	0.14520917678812414	0.14035087719298245	0.14804318488529014	0.11812865497076022	0.12640575798470535
160	160	0.021052631578947368	0.17026540710751237	0.10760233918128655	0.15573549257759783	0.1298245614035088	0.14035087719298245	0.10701754385964912	0.14804318488529014
180	180	0.010526315789473684	0.15973909131803868	0.06432748538011696	0.14804318488529014	0.0976608187134503	0.1298245614035088	0.08596491228070176	0.12923976608187132
200	200	0.03333333333333333	0.1409356725146199	0.10877192982456138	0.1298245614035088	0.09707602339181286	0.1298245614035088	0.09707602339181286	0.11812865497076022
220	220	0.043859649122807015	0.1286549707602339	0.10760233918128655	0.12923976608187132	0.11812865497076022	0.10760233918128655	0.09707602339181286	0.11812865497076022
240	240	0.03333333333333333	0.1446549707602339	0.09396491228070175	0.14523976608187134	0.11560233918128655	0.12360233918128656	0.10196491228070174	0.13412865497076024