size	dial	Natural_Neg	All_together	Hungarian	Portuguese	Russian	Arabic
10	10	0.26168782451259986	0.20133305758716333	0.2553291563213452	0.2501707755327073	0.2255246197262691	0.21442819423966358
20	20	0.3152757821824457	0.30444064299330814	0.3063996696062081	0.3258115435057996	0.3029304739093393	0.28912925265858497
30	30	0.34655207713179287	0.3562561446038761	0.3525630567565658	0.35884708060048864	0.34733877488518194	0.3310404120422609
40	40	0.41325437320674263	0.38730023043022654	0.39672565419820727	0.4070419733515768	0.3885557711415116	0.392729498319723
50	50	0.4202147427616373	0.4093564569474911	0.4165041732569721	0.420443940721387	0.4109948256270536	0.41157290599709606
60	60	0.43236379944226383	0.4388043870265047	0.43325724004855104	0.429793515114274	0.4171659735873873	0.4358096820403984
70	70	0.4638421232456672	0.4619823373084212	0.47372910522472483	0.44950494212521697	0.445453529326061	0.44956690212414874
80	80	0.48838344161493497	0.4914945514740091	0.5022499497814977	0.4674378388257746	0.4634824586367531	0.4797956761108009
90	90	0.4976106275947794	0.5167090019688196	0.49052337349141173	0.4808428548164388	0.4807784788115832	0.49378234650886565
100	100	0.5123922277397971	0.5342339671839209	0.5068270375749714	0.49972069198809893	0.5021693837961072	0.5141824838037785
110	110	0.5308120625322374	0.5670907562917238	0.5519694094239782	0.527565492209608	0.5293074948283361	0.5383863334495097
120	120	0.5277168441182958	0.5482927297925688	0.5468449017102832	0.5219386321919633	0.5277740229358299	0.5317728520260061
130	130	0.5028465951399437	0.5735851008173263	0.5601759023735999	0.5402708260384708	0.5333338106283579	0.5353975783300332
140	140	0.4866449191551173	0.5942724592615409	0.584029070444416	0.558935204940371	0.5574633624134804	0.5621952724419599
150	150	0.5251392068831281	0.6229830632041162	0.6114869142058745	0.5974001942279307	0.5969110944687077	0.5835847592173579
160	160	0.5433341542549623	0.6317011640468408	0.6165226198207583	0.5930303279082845	0.6008274583573349	0.5930895993699736
170	170	0.569451377350382	0.6350674386866737	0.6311512986855061	0.6129955413646007	0.6136920198793397	0.6135410242012569
180	180	0.6028261302552033	0.6505229368138523	0.6507434517195825	0.6435362569329268	0.6332202300191051	0.6279721103231222
190	190	0.6210196975612118	0.6574183362721862	0.6622258795110092	0.6554319326140963	0.6412862126570603	0.6419054409971965
200	200	0.6147376407819584	0.6611391870729889	0.678664245176247	0.6705443221657381	0.6461104796113346	0.6430903947471271
210	210	0.5956320688242493	0.6666850530291893	0.6937880501815525	0.6863075694958238	0.6632220665219103	0.6589010820254909
220	220	0.6120556876717307	0.6722874915391511	0.6982524474573999	0.6866929799614777	0.6607614027924494	0.6606315939891123
230	230	0.6218966868107328	0.6829350742609996	0.706284173672324	0.6835375830494305	0.6647220531877017	0.6803304884909275
240	240	0.6262353630932959	0.6901761985226657	0.7122583956668851	0.6885088431590891	0.6714409469991314	0.6854523884867415