\addplot[color=green,mark=*] coordinates {
(20,20)(40,40)(60,60)(80,80)(100,100)(120,120)(140,140)(160,160)(180,180)(200,200)(220,220)(240,240)(260,260)
};
\addlegendentry{dial}

\addplot[color=green,mark=*] coordinates {
(20,0.2522347371743849)(40,0.3276659098419609)(60,0.33456158139534387)(80,0.36668883789527856)(100,0.3575121072439507)(120,0.3583540774759998)(140,0.3432079891841485)(160,0.3574781081704256)(180,0.3975585403828611)(200,0.42217056009477183)(220,0.42585738533135525)(240,0.4330629456827186)(260,0.4385148101865034)
};
\addlegendentry{Natural\_Neg}

\addplot[color=green,mark=*] coordinates {
(20,0.277918495235272)(40,0.36795982279070516)(60,0.4057287215116629)(80,0.4863011801106065)(100,0.5092198591286412)(120,0.5029058621438166)(140,0.534064398617021)(160,0.5312507579240691)(180,0.5344923537714779)(200,0.5514650175651398)(220,0.5536698837826498)(240,0.5577604408523862)(260,0.5622114909387913)
};
\addlegendentry{All\_together}

\addplot[color=green,mark=*] coordinates {
(20,0.2461710708321207)(40,0.30956954172593787)(60,0.3630745411365585)(80,0.4343143313058423)(100,0.46411945208188665)(120,0.45420225903813183)(140,0.4641634116655081)(160,0.4749911525844559)(180,0.47124211832791013)(200,0.5249848634251532)(220,0.5379923259919879)(240,0.5381386620441507)(260,0.5387668163183037)
};
\addlegendentry{Hungarian}

\addplot[color=green,mark=*] coordinates {
(20,0.2434483881528285)(40,0.33855157523353274)(60,0.37415400195785453)(80,0.40769005697432326)(100,0.4573758453424416)(120,0.4741178658479207)(140,0.4991496801494769)(160,0.5185151857866679)(180,0.5156709234371502)(200,0.528258297069583)(220,0.5371944263002597)(240,0.531243893101746)(260,0.5428978496830899)
};
\addlegendentry{French}

\addplot[color=green,mark=*] coordinates {
(20,0.2528254178210969)(40,0.34824183576036477)(60,0.37014864263006475)(80,0.38866766013958537)(100,0.4324894892077946)(120,0.43926994053044044)(140,0.4263341592947058)(160,0.4785837366264386)(180,0.5136854594269019)(200,0.5362693290185911)(220,0.5452372253902409)(240,0.5406085263132233)(260,0.5412512382004321)
};
\addlegendentry{Portuguese}

\addplot[color=green,mark=*] coordinates {
(20,0.2704609791517622)(40,0.3188727835173556)(60,0.3712898857430143)(80,0.4081943570296268)(100,0.44337641113928594)(120,0.4583415415325113)(140,0.4648970232869331)(160,0.48891711223867607)(180,0.5025642804158439)(200,0.5308898352093696)(220,0.5281070693922403)(240,0.5326814255988815)(260,0.5225070043799055)
};
\addlegendentry{Russian}

\addplot[color=green,mark=*] coordinates {
(20,0.24245160384378667)(40,0.3338370947187305)(60,0.35526196109036945)(80,0.3949457258751736)(100,0.44043270359576087)(120,0.4603359640818942)(140,0.47904985591490784)(160,0.5241759508184118)(180,0.516107133429629)(200,0.5343073747029105)(220,0.5380455614724561)(240,0.5407351593433838)(260,0.5482851953349377)
};
\addlegendentry{Arabic}

