size	dial	Natural_Neg	All_together	Hungarian	Portuguese	Russian	Arabic	Chinese
10	10	null	null	null	null	null	null	null
20	20	null	null	null	null	null	null	null
30	30	null	null	null	null	null	null	null
40	40	null	null	null	null	null	null	null
50	50	0.5086111760579846	0.6578963784547198	0.6263466553397433	0.5375268633805219	0.5418913877450462	0.5389126204805648	0.6982223695844386
60	60	0.5399883259218298	0.7040307548928239	0.6319184952978056	0.547415853846762	0.5589214629330161	0.5595754290876243	0.7179624911649857
70	70	0.592253407940923	0.6769393310863365	0.6356040257131959	0.555237315648604	0.5676430217319745	0.5714284806647385	0.6783375497259344
80	80	0.6464386844276399	0.7449055392516508	0.7321839080459771	0.6405069541968053	0.6368777056277055	0.6390797004256403	0.7144171879971705
90	90	null	0.7456444555078084	0.7526384535005224	0.6498130766457848	0.6423287397514568	0.6438719257441814	0.7174152537611936
100	100	0.5949591836734693	0.7164096947427925	0.7082962550982573	0.6358451763290472	0.6343327137835567	0.6238356920401512	0.6991113219481341
110	110	0.62325	0.7288485221674877	0.7276652939830702	0.6358451763290472	0.643632266689667	0.6487322210025577	0.705646300346273
120	120	0.561275095471904	0.7578051899254201	0.7379514275120505	0.6563114439324117	0.6517483390191134	0.6818847818847817	0.7273706896551724
130	130	0.5833159099067773	0.7697270944947107	0.7535864323223663	0.6692777306168647	0.6647203504043127	0.6982982916330374	0.7432046094299789
140	140	0.5611242346685607	0.7594448654793482	0.7201256114433876	0.6548798328108673	0.6436659663865546	0.6772978335478336	0.6946549773755656
150	150	0.6423917857131423	0.7793956043956044	0.7682918586789554	0.6780934343434343	0.6871805273833671	0.7190148626427696	0.734376152861745
160	160	0.6934275612643733	0.7706189213085765	0.7700197044334975	0.700992282946577	0.695858040941982	0.7439107559107558	0.7536795131845841
170	170	0.681167024865906	0.7759062776304155	0.7744620778413882	0.7187595785440613	0.7092156022828922	0.7436437154942268	0.7518846413897123