\addplot[color=green,mark=*] coordinates {
(20,20)(40,40)(60,60)(80,80)(100,100)(120,120)(140,140)(160,160)(180,180)(200,200)(220,220)(240,240)
};
\addlegendentry{dial}

\addplot[color=green,mark=*] coordinates {
(20,0.5970822714364505)(40,0.6169772088252966)(60,0.6336190848436036)(80,0.6240038927360889)(100,0.6455690808359434)(120,0.6501322715248596)(140,0.6478966643900647)(160,0.655731796338299)(180,0.6617667049845543)(200,0.6710786693782395)(220,0.6665144303637925)(240,0.6722739508668809)
};
\addlegendentry{Natural\_Neg}

\addplot[color=green,mark=*] coordinates {
(20,0.6055655884407848)(40,0.6212618978029153)(60,0.6410420942728341)(80,0.6447529754997696)(100,0.6577362304969417)(120,0.6639059201858858)(140,0.6700376016131225)(160,0.6740865762718109)(180,0.6796206389865632)(200,0.689160750039019)(220,0.6882321451461545)(240,0.6883807153880122)
};
\addlegendentry{All\_together}

\addplot[color=green,mark=*] coordinates {
(20,0.6172606248716208)(40,0.6102969056273655)(60,0.6350128303885321)(80,0.6428033565747613)(100,0.6588918251366133)(120,0.6699180063341491)(140,0.6715118790987251)(160,0.6720164909855249)(180,0.6715563358162331)(200,0.6800199376311218)(220,0.6733343261077827)(240,0.6767681537869008)
};
\addlegendentry{Hungarian}

\addplot[color=green,mark=*] coordinates {
(20,0.6102703246093423)(40,0.6352472447061704)(60,0.6363426114344195)(80,0.6322727474286639)(100,0.6429868231506248)(120,0.6515339155692621)(140,0.6531810321073823)(160,0.6624357505071486)(180,0.6696219970936589)(200,0.6775555542326795)(220,0.6761500508032402)(240,0.6788574304636791)
};
\addlegendentry{French}

\addplot[color=green,mark=*] coordinates {
(20,0.6193544430975191)(40,0.6218230221576808)(60,0.6388949529763981)(80,0.6386902570590397)(100,0.6479802262340374)(120,0.65692784475737)(140,0.6591010311786837)(160,0.6632771040857799)(180,0.6740618087916441)(200,0.6835275171228102)(220,0.679503503457733)(240,0.6806834540086202)
};
\addlegendentry{Portuguese}

\addplot[color=green,mark=*] coordinates {
(20,0.6060203370477106)(40,0.6382530417664968)(60,0.6346139895646166)(80,0.6435530735910928)(100,0.6455758966585483)(120,0.6564800198747848)(140,0.6592569139859307)(160,0.6720607921498201)(180,0.6732609441922277)(200,0.6792061145771727)(220,0.6810442923954282)(240,0.6807151914825148)
};
\addlegendentry{Russian}

\addplot[color=green,mark=*] coordinates {
(20,0.6053720859207982)(40,0.6201613340950333)(60,0.6448462125591479)(80,0.6351366933101505)(100,0.639809926890215)(120,0.653020937170923)(140,0.6608335866720425)(160,0.6606437388651921)(180,0.6703074310675615)(200,0.6764547514671104)(220,0.679643641891343)(240,0.6831005647438063)
};
\addlegendentry{Arabic}

\addplot[color=green,mark=*] coordinates {
(20,0.5891070984382032)(40,0.6262887222551581)(60,0.6476170230324617)(80,0.6420920843918034)(100,0.6530415948079048)(120,0.6596931960815796)(140,0.6556780151422322)(160,0.662662242849734)(180,0.6734647771111872)(200,0.6745658724960226)(220,0.6777451412712863)(240,0.6786876101584972)
};
\addlegendentry{German}

