\addplot[color=green,mark=*] coordinates {
(20,20)(40,40)(60,60)(80,80)(100,100)(120,120)(140,140)(160,160)(180,180)(200,200)(220,220)(240,240)
};
\addlegendentry{dial}

\addplot[color=green,mark=*] coordinates {
(20,0)(40,0)(60,0)(80,0.013793103448275862)(100,0)(120,0)(140,0)(160,0)(180,0)(200,0)(220,0)(240,0)
};
\addlegendentry{Natural\_Neg}

\addplot[color=green,mark=*] coordinates {
(20,0)(40,0)(60,0.03076923076923077)(80,0.04444444444444444)(100,0.10412163581193137)(120,0.10745762711864407)(140,0.10098887064404305)(160,0.06247035212552454)(180,0.08604381569898811)(200,0.08295613585936165)(220,0.07619047619047618)(240,0.07770844736361977)
};
\addlegendentry{All\_together}

\addplot[color=green,mark=*] coordinates {
(20,0)(40,0)(60,0.0125)(80,0.0125)(100,0.011764705882352941)(120,0.011764705882352941)(140,0.011764705882352941)(160,0.012121212121212121)(180,0.015384615384615385)(200,0.015384615384615385)(220,0.015384615384615385)(240,0)
};
\addlegendentry{Hungarian}

\addplot[color=green,mark=*] coordinates {
(20,0)(40,0)(60,0)(80,0.012121212121212121)(100,0.04037262414544361)(120,0.04139433551198257)(140,0.02776470588235294)(160,0.02776470588235294)(180,0.05853858784893266)(200,0.045584045584045586)(220,0.02857142857142857)(240,0.047619047619047616)
};
\addlegendentry{French}

\addplot[color=green,mark=*] coordinates {
(20,0)(40,0)(60,0)(80,0.012121212121212121)(100,0.026579520697167756)(120,0.011764705882352941)(140,0.049484004127966975)(160,0.048431372549019615)(180,0.0302945301542777)(200,0.013333333333333332)(220,0.03238095238095238)(240,0.03197492163009404)
};
\addlegendentry{Portuguese}

\addplot[color=green,mark=*] coordinates {
(20,0)(40,0)(60,0.016666666666666666)(80,0.012121212121212121)(100,0.025925925925925925)(120,0.011428571428571429)(140,0.01111111111111111)(160,0.01111111111111111)(180,0.014814814814814814)(200,0.015384615384615385)(220,0)(240,0)
};
\addlegendentry{Russian}

\addplot[color=green,mark=*] coordinates {
(20,0)(40,0)(60,0.0125)(80,0)(100,0.014814814814814814)(120,0)(140,0.03538461538461539)(160,0.02)(180,0)(200,0)(220,0)(240,0)
};
\addlegendentry{Arabic}

\addplot[color=green,mark=*] coordinates {
(20,0)(40,0)(60,0.012903225806451613)(80,0.0125)(100,0.04281318681318681)(120,0.02742857142857143)(140,0.028095238095238097)(160,0.028095238095238097)(180,0.05785773366418527)(200,0.060622710622710616)(220,0.07486772486772486)(240,0.029629629629629627)
};
\addlegendentry{German}

