\addplot[color=green,mark=*] coordinates {
(20,20)(40,40)(60,60)(80,80)(100,100)(120,120)(140,140)(160,160)(180,180)(200,200)
};
\addlegendentry{dial}

\addplot[color=green,mark=*] coordinates {
(20,null)(40,0.5348597137302581)(60,0.5779990547587761)(80,0.6275639480703108)(100,0.5664748753356348)(120,0.5837359704518558)(140,0.6550989685797226)(160,0.6758279899332531)(180,0.663418256124036)(200,0.6845613328618947)
};
\addlegendentry{Natural\_Neg}

\addplot[color=green,mark=*] coordinates {
(20,null)(40,0.5307103494975349)(60,0.5248817361422329)(80,0.5223666438911223)(100,0.5520765709529755)(120,0.6003361344537815)(140,0.5650285352205539)(160,0.6156708003457426)(180,0.6102543480874468)(200,0.6400274152771204)
};
\addlegendentry{All\_together}

\addplot[color=green,mark=*] coordinates {
(20,null)(40,0.5487989735631245)(60,0.5744338270425227)(80,0.5914376625632488)(100,0.5768318331109029)(120,0.6177704914543896)(140,0.5881584010685936)(160,0.6126667993669282)(180,0.6268307876106041)(200,0.6530304486801416)
};
\addlegendentry{Hungarian}

\addplot[color=green,mark=*] coordinates {
(20,null)(40,0.5512129259858001)(60,0.5673379224875568)(80,0.5474746186177104)(100,0.5677922077922078)(120,0.5860238034390859)(140,0.6329828011073805)(160,0.6485392178362048)(180,0.6286047086712201)(200,0.6526414086854464)
};
\addlegendentry{French}

\addplot[color=green,mark=*] coordinates {
(20,null)(40,0.5150147108755421)(60,0.5430257908586082)(80,0.5744184946756832)(100,0.5736013334310733)(120,0.5812185566613005)(140,0.6050964221032036)(160,0.617709955216263)(180,0.6235681940027105)(200,0.6632107211799023)
};
\addlegendentry{Portuguese}

\addplot[color=green,mark=*] coordinates {
(20,null)(40,0.5241145182793413)(60,0.5254072626402724)(80,0.5411564631187272)(100,0.5369386438895294)(120,0.565599076001811)(140,0.5446397215814709)(160,0.5881177745008834)(180,0.6289282626009784)(200,0.6668029744001175)
};
\addlegendentry{Russian}

\addplot[color=green,mark=*] coordinates {
(20,null)(40,0.5314725728908491)(60,0.5557755771497334)(80,0.5960905753904072)(100,0.6273142135642136)(120,0.6440288538432818)(140,0.672039182848133)(160,0.6979695963021386)(180,0.7016367185776163)(200,0.7166331479374374)
};
\addlegendentry{Arabic}

\addplot[color=green,mark=*] coordinates {
(20,null)(40,0.5094071900220102)(60,0.5712396299352822)(80,0.513681249365838)(100,0.5342806544419447)(120,0.5518850184994386)(140,0.582098003629764)(160,0.6040363625184151)(180,0.6310255118444773)(200,0.6695784388507502)
};
\addlegendentry{German}

