size	dial	Natural_Neg	All_together	Hungarian	Portuguese	Russian
30	30	0.026666666666666665	0.05333333333333333	0.06666666666666667	0.04	0.04
40	40	0.026666666666666665	0.05333333333333333	0.08205128205128205	0.04	0.04
50	50	0.026666666666666665	0.06666666666666667	0.06666666666666667	0.04	0.04
60	60	0.0882051282051282	0.13025641025641027	0.158974358974359	0.14974358974358976	0.16307692307692306
70	70	0.0882051282051282	0.11487179487179486	0.14358974358974358	0.14974358974358976	0.16307692307692306
80	80	0.10153846153846154	0.14153846153846153	0.17025641025641025	0.1764102564102564	0.18974358974358974
90	90	0.026666666666666665	0.08	0.09538461538461537	0.04	0.05333333333333333
100	100	0.026666666666666665	0.08	0.08	0.04	0.05333333333333333
110	110	0.05523809523809524	0.08	0.08	0.06857142857142857	0.09523809523809523
120	120	0.05523809523809524	0.08	0.08	0.06857142857142857	0.08095238095238096
130	130	0.04095238095238095	0.06666666666666668	0.08	0.0819047619047619	0.10761904761904761
140	140	0.04095238095238095	0.06666666666666668	0.08	0.0819047619047619	0.10761904761904761
150	150	0.055384615384615386	0.06666666666666668	0.09333333333333334	0.11062271062271063	0.10666666666666666