\addplot[color=green,mark=*] coordinates {
(10,10)(20,20)(30,30)(40,40)(50,50)(60,60)(70,70)(80,80)(90,90)(100,100)(110,110)(120,120)(130,130)(140,140)(150,150)(160,160)(170,170)(180,180)(190,190)(200,200)(210,210)(220,220)(230,230)(240,240)(250,250)(260,260)(270,270)(280,280)(290,290)(300,300)(310,310)(320,320)(330,330)(340,340)(350,350)(360,360)(370,370)
};
\addlegendentry{dial}

\addplot[color=green,mark=*] coordinates {
(10,0.016930638995084655)(20,0.016930638995084655)(30,0.016930638995084655)(40,0.016930638995084655)(50,0.016930638995084655)(60,0.01572413793103448)(70,0.018357366771159876)(80,0.019941275660958213)(90,0.01980931828740128)(100,0.021938995141750198)(110,0.02279417593321102)(120,0.02259100582806871)(130,0.02259100582806871)(140,0.02259100582806871)(150,0.022770848189046723)(160,0.022677243569767604)(170,0.02261718114135417)(180,0.017726887192536046)(190,0.017726887192536046)(200,0.017726887192536046)(210,0.01868547820725447)(220,0.01868547820725447)(230,0.02064183905507028)(240,0.02110768062945689)(250,0.02110768062945689)(260,0.021041938135596263)(270,0.021041938135596263)(280,0.022027017086776908)(290,0.02096375383682595)(300,0.021031883722723417)(310,0.021031883722723417)(320,0.020950730822978433)(330,0.02090244341633409)(340,0.020950730822978433)(350,0.020950730822978433)(360,0.020950730822978433)(370,0.020950730822978433)
};
\addlegendentry{Natural\_Neg}

\addplot[color=green,mark=*] coordinates {
(10,0.016930638995084655)(20,0.016930638995084655)(30,0.016930638995084655)(40,0.016930638995084655)(50,0.016930638995084655)(60,0.016045197740112992)(70,0.019961474386336997)(80,0.0209476340739564)(90,0.02093017330248963)(100,0.02239103461107093)(110,0.02332282799481487)(120,0.023296254611576795)(130,0.023013940115397875)(140,0.023088829354731076)(150,0.027926317268728927)(160,0.01956080604687175)(170,0.018452624270855637)(180,0.01585155632029598)(190,0.015493090317888161)(200,0.014799578059071731)(210,0.014897845503125059)(220,0.014918737598034585)(230,0.015119368499802143)(240,0.015699287822438002)(250,0.015903896199872255)(260,0.01576470588235294)(270,0.015626019312519054)(280,0.01669819161543396)(290,0.016572413667292993)(300,0.016604246497943367)(310,0.01653487721738079)(320,0.01651592015550059)(330,0.01651592015550059)(340,0.016760998475352555)(350,0.017087120246892608)(360,0.018128378333675164)(370,0.01822209244118138)
};
\addlegendentry{All\_together}

\addplot[color=green,mark=*] coordinates {
(10,0.016930638995084655)(20,0.016930638995084655)(30,0.016930638995084655)(40,0.016930638995084655)(50,0.016930638995084655)(60,0.015682766845557545)(70,0.023076377549088607)(80,0.019898983234374064)(90,0.020809194926518733)(100,0.021769639810959595)(110,0.022351704879005972)(120,0.02239544213823804)(130,0.022393047108403952)(140,0.022393047108403952)(150,0.02308702547328774)(160,0.021283906564905673)(170,0.021948632446859424)(180,0.016326599510637682)(190,0.016306052555772492)(200,0.016296980112311458)(210,0.016322166673474966)(220,0.016322166673474966)(230,0.01624758794252278)(240,0.016626474073705756)(250,0.016626474073705756)(260,0.016513378998948152)(270,0.016535114349322)(280,0.016484102891835755)(290,0.01623633477559589)(300,0.016273975238950543)(310,0.01623076222420728)(320,0.016210457354208608)(330,0.016056205717562305)(340,0.016965255570140097)(350,0.017775409499386656)(360,0.017775409499386656)(370,0.017771739130434783)
};
\addlegendentry{Hungarian}

\addplot[color=green,mark=*] coordinates {
(10,0.016930638995084655)(20,0.016930638995084655)(30,0.016930638995084655)(40,0.016930638995084655)(50,0.016930638995084655)(60,0.01627372052903968)(70,0.019011882861103287)(80,0.019841393432620553)(90,0.020990440175289504)(100,0.022623015059514202)(110,0.024282231497636322)(120,0.02435903545558521)(130,0.02435903545558521)(140,0.02435903545558521)(150,0.0242028146129064)(160,0.024251191704752078)(170,0.024162816162491278)(180,0.018926675811614082)(190,0.018924753199268736)(200,0.018924753199268736)(210,0.018944058769513314)(220,0.018944058769513314)(230,0.018967648513103057)(240,0.020654295326104195)(250,0.02065237797638169)(260,0.02053748701973001)(270,0.019832835009513456)(280,0.017841382018060466)(290,0.01792668347478191)(300,0.018085376052630005)(310,0.0180817989466526)(320,0.018058700592082044)(330,0.01821919429141004)(340,0.018350257968274657)(350,0.018251734757053606)(360,0.018483765723029528)(370,0.018483765723029528)
};
\addlegendentry{French}

\addplot[color=green,mark=*] coordinates {
(10,0.016930638995084655)(20,0.016930638995084655)(30,0.016930638995084655)(40,0.016930638995084655)(50,0.016930638995084655)(60,0.016264367816091953)(70,0.020360085407905553)(80,0.02084939303233289)(90,0.020754446356855995)(100,0.022068382646221102)(110,0.024151791355187264)(120,0.023033271205796062)(130,0.023033271205796062)(140,0.023033271205796062)(150,0.02320897821017337)(160,0.02342898891681547)(170,0.023266756678952127)(180,0.015215035939879612)(190,0.015201200741157606)(200,0.015183543785105941)(210,0.015101165046983283)(220,0.015101165046983283)(230,0.015424858232085692)(240,0.017053270352727076)(250,0.017053270352727076)(260,0.014191349734802256)(270,0.01473524856879361)(280,0.015085124047138992)(290,0.014984898126798846)(300,0.01496374053447654)(310,0.01489005153219779)(320,0.014864378957242241)(330,0.015645438421461034)(340,0.015456314813125321)(350,0.015716595916717202)(360,0.015611082859476369)(370,0.015611082859476369)
};
\addlegendentry{Portuguese}

\addplot[color=green,mark=*] coordinates {
(10,0.016930638995084655)(20,0.016930638995084655)(30,0.016930638995084655)(40,0.016930638995084655)(50,0.016930638995084655)(60,0.015758916228918993)(70,0.01986896175465116)(80,0.020511968012389074)(90,0.02047967673958854)(100,0.02135898899742499)(110,0.022523806420433532)(120,0.0229312458036869)(130,0.022933635899131378)(140,0.02270904797345316)(150,0.023112650892101835)(160,0.022310924214641946)(170,0.01630975177783172)(180,0.015663018830720694)(190,0.015663928541825595)(200,0.01565830557174835)(210,0.015626727334242047)(220,0.01560885690931232)(230,0.01564465343027747)(240,0.01595750312156511)(250,0.016188965979203076)(260,0.015984268536690806)(270,0.015926590342577387)(280,0.01645458259458902)(290,0.016329153605015675)(300,0.016119684759439822)(310,0.016079528088513966)(320,0.016079528088513966)(330,0.01620242903765001)(340,0.016780707642904534)(350,0.01774337706005525)(360,0.017324094880748105)(370,0.017324094880748105)
};
\addlegendentry{Russian}

\addplot[color=green,mark=*] coordinates {
(10,0.016930638995084655)(20,0.016930638995084655)(30,0.016930638995084655)(40,0.016930638995084655)(50,0.016930638995084655)(60,0.015763274336283186)(70,0.022703337427765834)(80,0.02050261082917418)(90,0.020443461543771486)(100,0.02161001453420226)(110,0.022769063785933037)(120,0.022622505080957225)(130,0.02261285038905856)(140,0.022610442956189823)(150,0.022773552621710883)(160,0.028748185050140977)(170,0.014059069116678504)(180,0.013728907585296119)(190,0.013676517155956127)(200,0.013815252923533177)(210,0.014028548267550503)(220,0.015433521396636151)(230,0.01560487356818673)(240,0.014532926889335223)(250,0.014931504514281494)(260,0.014824550238784331)(270,0.01489222530255965)(280,0.01647250776519505)(290,0.0171739974100355)(300,0.017974453530009087)(310,0.018215533790330484)(320,0.018181229470745474)(330,0.018673902766766053)(340,0.018966325575745152)(350,0.018110539189703845)(360,0.018895047084295912)(370,0.018823393563738862)
};
\addlegendentry{Arabic}

\addplot[color=green,mark=*] coordinates {
(10,0.016930638995084655)(20,0.016930638995084655)(30,0.016930638995084655)(40,0.016930638995084655)(50,0.016930638995084655)(60,0.015750207239568943)(70,0.019886460280931474)(80,0.02012075355785873)(90,0.02010420629304741)(100,0.022180521242249195)(110,0.022964394110103127)(120,0.02262621162613774)(130,0.02262621162613774)(140,0.02262621162613774)(150,0.02280956329463792)(160,0.02228924105603768)(170,0.023666824869482676)(180,0.01756452757713665)(190,0.018401207172022017)(200,0.018401207172022017)(210,0.01830966585246363)(220,0.01830966585246363)(230,0.018336668027233383)(240,0.017573355219537023)(250,0.017289647908384442)(260,0.01703619975074631)(270,0.0169390003096431)(280,0.017440214648795676)(290,0.017486939882474368)(300,0.01743465209974548)(310,0.017410513913824057)(320,0.01739758109619687)(330,0.017524152325247146)(340,0.01747585958342673)(350,0.0174496644295302)(360,0.017502157867850414)(370,0.017502157867850414)
};
\addlegendentry{German}

