size	dial	Natural_Neg	All_together	Hungarian	Portuguese	Russian
30	30	0.04444444444444444	0.08421052631578947	0.08695652173913043	0.06315789473684211	0.06315789473684211
40	40	0.04444444444444444	0.08	0.115527950310559	0.06315789473684211	0.06666666666666667
50	50	0.04444444444444444	0.09523809523809523	0.08695652173913043	0.06315789473684211	0.06666666666666667
60	60	0.13126934984520125	0.14481658692185007	0.18571428571428572	0.13856209150326798	0.16989247311827954
70	70	0.13126934984520125	0.1375438596491228	0.18333333333333335	0.13856209150326798	0.16989247311827954
80	80	0.15626934984520124	0.17333333333333334	0.22333333333333333	0.18562091503267975	0.21372549019607842
90	90	0.047058823529411764	0.1286549707602339	0.15488721804511277	0.07205882352941176	0.09411764705882353
100	100	0.047058823529411764	0.12631578947368421	0.1286549707602339	0.07205882352941176	0.09411764705882353
110	110	0.09705882352941177	0.12631578947368421	0.1286549707602339	0.1165032679738562	0.1500891265597148
120	120	0.09705882352941177	0.12631578947368421	0.1286549707602339	0.11911764705882352	0.1311167945439045
130	130	0.07372549019607844	0.10877192982456138	0.12705882352941175	0.14411764705882352	0.16445012787723784
140	140	0.07372549019607844	0.11111111111111112	0.13126934984520125	0.13856209150326798	0.1661064425770308
150	150	0.10063025210084034	0.10666666666666666	0.13796791443850268	0.18431372549019603	0.15140664961636827