\addplot[color=green,mark=*] coordinates {
(20,20)(40,40)(60,60)(80,80)(100,100)(120,120)(140,140)(160,160)(180,180)(200,200)(220,220)
};
\addlegendentry{dial}

\addplot[color=green,mark=*] coordinates {
(20,0)(40,0)(60,0.008333333333333333)(80,0.008333333333333333)(100,0.008333333333333333)(120,0.01574074074074074)(140,0.026190476190476188)(160,0)(180,0.008333333333333333)(200,0.034788359788359785)(220,0.027380952380952377)
};
\addlegendentry{Natural\_Neg}

\addplot[color=green,mark=*] coordinates {
(20,0.019047619047619046)(40,0.047619047619047616)(60,0.06243386243386243)(80,0.11243386243386244)(100,0.11574074074074073)(120,0.13624338624338622)(140,0.2689153439153439)(160,0.2445767195767196)(180,0.26719576719576715)(200,0.2746031746031746)(220,0.2746031746031746)
};
\addlegendentry{All\_together}

\addplot[color=green,mark=*] coordinates {
(20,0.019047619047619046)(40,0.03809523809523809)(60,0.061243386243386246)(80,0.09457671957671956)(100,0.06957671957671958)(120,0.08029100529100529)(140,0.17314814814814816)(160,0.1302910052910053)(180,0.1193121693121693)(200,0.10291005291005291)(220,0.11957671957671959)
};
\addlegendentry{Hungarian}

\addplot[color=green,mark=*] coordinates {
(20,0)(40,0)(60,0.014814814814814814)(80,0.03148148148148148)(100,0.03148148148148148)(120,0.05171957671957672)(140,0.13862433862433862)(160,0.10264550264550265)(180,0.11574074074074074)(200,0.16124338624338624)(220,0.18029100529100528)
};
\addlegendentry{French}

\addplot[color=green,mark=*] coordinates {
(20,0.019047619047619046)(40,0.03809523809523809)(60,0.061243386243386246)(80,0.08505291005291005)(100,0.05767195767195767)(120,0.06931216931216931)(140,0.16693121693121693)(160,0.14193121693121694)(180,0.16335978835978834)(200,0.17076719576719576)(220,0.155026455026455)
};
\addlegendentry{Portuguese}

\addplot[color=green,mark=*] coordinates {
(20,0.009523809523809523)(40,0.019047619047619046)(60,0.05291005291005291)(80,0.06957671957671958)(100,0.03359788359788359)(120,0.043121693121693117)(140,0.22050264550264548)(160,0.19193121693121692)(180,0.17526455026455026)(200,0.16362433862433862)(220,0.15767195767195769)
};
\addlegendentry{Russian}

\addplot[color=green,mark=*] coordinates {
(20,0.019047619047619046)(40,0.047619047619047616)(60,0.04219576719576719)(80,0.06719576719576718)(100,0.05886243386243386)(120,0.04219576719576719)(140,0.182010582010582)(160,0.09814814814814815)(180,0.1374338624338624)(200,0.1312169312169312)(220,0.10859788359788358)
};
\addlegendentry{Arabic}

\addplot[color=green,mark=*] coordinates {
(20,0.019047619047619046)(40,0.019047619047619046)(60,0.03386243386243386)(80,0.04219576719576719)(100,0.034788359788359785)(120,0.034788359788359785)(140,0.16574074074074074)(160,0.1562169312169312)(180,0.18597883597883597)(200,0.18597883597883597)(220,0.20833333333333334)
};
\addlegendentry{German}

