size	dial	Natural_Neg	All_together	Hungarian	French	Portuguese	Russian	Arabic	German
20	20	0.5827425746525112	0.5465288742338779	0.5267104317549332	0.5690687980490094	0.5632527997438908	0.48435578892903147	0.5124334334561389	0.5356286351004961
40	40	0.6577056640587717	0.6470411068565672	0.6227334101117581	0.6523153974469246	0.637873100866676	0.5984660396805037	0.623119451423574	0.6488843747528616
60	60	0.6836486155670516	0.6635902934500915	0.6785574182663778	0.6666394201535057	0.67044830546612	0.6338269690604458	0.639194929093111	0.6758624075006205
80	80	0.7057243629766456	0.6923895268417029	0.7066993419370646	0.7146681272305351	0.6956255234467987	0.6586464866139663	0.6646695393039551	0.6979853114928255
100	100	0.7027018995562182	0.6894140261706625	0.7088634445313837	0.6986560429922024	0.7054826229086846	0.6733926544307849	0.6901501903315853	0.69131814419744
120	120	0.7139717799953437	0.7052783184443259	0.7183260784384246	0.7061615559452611	0.7169343566254901	0.6978038411599072	0.6999375465269572	0.712163596314209
140	140	0.7181939637192993	0.7058319205972037	0.7273870436499623	0.7050590149878472	0.7085582440071134	0.6963008298672543	0.7050293559882663	0.7166730420263342
160	160	0.7297693495220658	0.7248804099500498	0.7431521099811575	0.7161852073795565	0.7212630816384982	0.7226401154280302	0.7297260360318085	0.7337847539771529
180	180	0.7393771070195303	0.734870618932389	0.7492681196451754	0.7428925279187502	0.7396610775179335	0.7375685218247221	0.7392040439410256	0.7422637816723827
200	200	0.750362269465191	0.742436050015878	0.7533719264100142	0.7442162027999547	0.7482614703771814	0.7409423204759976	0.7399765688010205	0.7489991849200147
220	220	0.7517076896581067	0.7559690227899389	0.769785065545834	0.7469938198183566	0.747449060821872	0.7482491486321525	0.7519347375342791	0.7470817505359378
240	240	0.7631552148938782	0.7612785174287543	0.7694911398639442	0.7556783318985574	0.7558548197959793	0.7524368919229818	0.7564162830158898	0.7552193195832514