size	dial	Natural_Neg	All_together	Hungarian	Portuguese	Russian
30	30	0.3575366735887025	0.4350779643800239	0.381977078687547	0.33019279435912297	0.3296933755643912
40	40	0.3413331050619186	0.45350307292779746	0.4324555296633562	0.3327090442743169	0.3456844035524179
50	50	0.4210014932496363	0.4287422443392434	0.462355403348554	0.3740495126057062	0.4036869859667672
60	60	0.43901242160562254	0.4635849533437472	0.4622977694060573	0.4285014328562716	0.4205397115937413
70	70	0.4222318495120536	0.4502502091988624	0.4689167304801611	0.38792737318599385	0.3997003839526304
80	80	0.4188743354645325	0.4337221258273889	0.4593390942523771	0.39707620281190426	0.4033932495347246
90	90	0.4072079878295467	0.41991566379557765	0.42399179032421525	0.38502917717203433	0.3771515540315794
100	100	0.423042325929717	0.44058735022746653	0.451244370349727	0.3892542050770566	0.39704472117981693
110	110	0.43266662882050005	0.4415240882838454	0.42829760898387137	0.3941213858150939	0.39058909472477754
120	120	0.41373026425479553	0.41418279841758654	0.4567021073811288	0.40337710542475264	0.4030576561199328
130	130	0.41273192965753314	0.43431534317191955	0.45495102657625014	0.4183811309959573	0.41586855126842004
140	140	0.42052985443567314	0.4385265534389225	0.4475516427927798	0.4240768214848819	0.4157413868354154
150	150	0.4326847283877305	0.4606437939024808	0.447502638289124	0.4376594279365028	0.42392876006892183