\addplot[color=green,mark=*] coordinates {
(10,10)(20,20)(30,30)(40,40)(50,50)(60,60)(70,70)(80,80)(90,90)(100,100)(110,110)(120,120)
};
\addlegendentry{dial}

\addplot[color=green,mark=*] coordinates {
(10,0.018854896513461304)(20,0.09425398369232818)(30,0.12301585120244711)(40,0.14142276819054206)(50,0.15718813051209504)(60,0.15618021804061005)(70,0.20605383558542498)(80,0.23428927441456276)(90,0.2849450369136859)(100,0.3003236152149714)(110,0.3159866264483306)(120,0.3312791593273273)
};
\addlegendentry{Natural\_Neg}

\addplot[color=green,mark=*] coordinates {
(10,0.09775210055644284)(20,0.15208771192275064)(30,0.1645835903399548)(40,0.19917358649254965)(50,0.2153984172984013)(60,0.18833578220668065)(70,0.25847391706965644)(80,0.32423610365973154)(90,0.38585255153420767)(100,0.37823077894436363)(110,0.38850345851059015)(120,0.415177432901282)
};
\addlegendentry{All\_together}

\addplot[color=green,mark=*] coordinates {
(10,0.062457103493677814)(20,0.1164103610353174)(30,0.1611447178369541)(40,0.1881732139865149)(50,0.1946834162640309)(60,0.19614788664459967)(70,0.2583740703787039)(80,0.3180473605913485)(90,0.3635614834356903)(100,0.3644191477117165)(110,0.3642986215906373)(120,0.3806347388622881)
};
\addlegendentry{Hungarian}

\addplot[color=green,mark=*] coordinates {
(10,0.03229919205641123)(20,0.11005655000939937)(30,0.140463852347391)(40,0.1607907834938096)(50,0.1697373644519549)(60,0.16079015586743622)(70,0.2262974695578534)(80,0.2764204522675614)(90,0.33537766033090144)(100,0.3527486014570127)(110,0.36593810523783477)(120,0.38588242938441975)
};
\addlegendentry{French}

\addplot[color=green,mark=*] coordinates {
(10,0.034503372720838255)(20,0.11997587421078763)(30,0.15278478361952633)(40,0.17407876832916885)(50,0.1865100783116247)(60,0.16913447971487755)(70,0.23735451881887784)(80,0.27953765216434956)(90,0.337601313144334)(100,0.3553422641536496)(110,0.3617308182965098)(120,0.3771825995313672)
};
\addlegendentry{Portuguese}

\addplot[color=green,mark=*] coordinates {
(10,0.05844798047248688)(20,0.12186775328918342)(30,0.13931446681411347)(40,0.18047004670833008)(50,0.1678521683841443)(60,0.15987075701650144)(70,0.2320074063952732)(80,0.28966367250035235)(90,0.3540142837233399)(100,0.36761903019898784)(110,0.3520880453022908)(120,0.38765241545153006)
};
\addlegendentry{Russian}

\addplot[color=green,mark=*] coordinates {
(10,0.057409532143345224)(20,0.1376254819875593)(30,0.15433268282907328)(40,0.1658362723704258)(50,0.17131704055944977)(60,0.1765041525569277)(70,0.2252968232830587)(80,0.27425916361850255)(90,0.343536967915398)(100,0.357284857815408)(110,0.3515137011697781)(120,0.3851069322616416)
};
\addlegendentry{Arabic}

\addplot[color=green,mark=*] coordinates {
(10,0.03382090413803372)(20,0.11259268754193305)(30,0.14362070765708004)(40,0.16479445952928579)(50,0.17337449620813178)(60,0.16402690699783878)(70,0.22678815954456563)(80,0.2651980089185509)(90,0.32241298951314984)(100,0.343763895232137)(110,0.3572892908957021)(120,0.36896962771540054)
};
\addlegendentry{German}

