\addplot[color=green,mark=*] coordinates {
(30,30)(60,60)(90,90)(120,120)(150,150)(180,180)(210,210)(240,240)(270,270)(300,300)(330,330)(360,360)
};
\addlegendentry{dial}

\addplot[color=green,mark=*] coordinates {
(30,0.11992605872613256)(60,0.1910498063348391)(90,0.17622277812245532)(120,0.2065905765583831)(150,0.2058101632188029)(180,0.22649233759935145)(210,0.21623990161879822)(240,0.22473095506388857)(270,0.23093167258178654)(300,0.23711464182581246)(330,0.24820973057920778)(360,0.26002527113559537)
};
\addlegendentry{Natural\_Neg}

\addplot[color=green,mark=*] coordinates {
(30,0.1396298949278098)(60,0.19845919647483035)(90,0.16923594475984863)(120,0.18372603860343578)(150,0.18878046096859097)(180,0.19321109568228373)(210,0.19122769385381694)(240,0.19372717337685047)(270,0.206890921400653)(300,0.2154915674701165)(330,0.21870808671866424)(360,0.22979095257473897)
};
\addlegendentry{\_All\_together}

\addplot[color=green,mark=*] coordinates {
(30,0.13934356847966217)(60,0.17864481909522803)(90,0.15593226260757026)(120,0.18215314798048043)(150,0.1943187269702336)(180,0.21506879792461014)(210,0.21200237434898814)(240,0.2168026847471629)(270,0.2196159269946402)(300,0.22353323489478766)(330,0.23454217893096435)(360,0.2471124603485111)
};
\addlegendentry{\_Hungarian}

\addplot[color=green,mark=*] coordinates {
(30,0.11648354414870943)(60,0.18413368914212921)(90,0.17507623668861855)(120,0.21216150831125707)(150,0.2009450717631278)(180,0.21945944705020448)(210,0.22595494819899656)(240,0.23313741724235865)(270,0.2364199405284142)(300,0.2426863531694814)(330,0.2543275435314777)(360,0.2659758649719259)
};
\addlegendentry{\_Portuguese}

\addplot[color=green,mark=*] coordinates {
(30,0.10895631602255618)(60,0.18814118933895788)(90,0.17492133752097802)(120,0.20078540796447744)(150,0.20000626700227286)(180,0.22675995884655942)(210,0.22115155032070488)(240,0.22269906564568287)(270,0.2335573875670101)(300,0.23512165380912467)(330,0.24177046568416313)(360,0.25556291984341667)
};
\addlegendentry{\_Russian}

