size	dial	Natural_Neg	All_together	Hungarian	French	Portuguese	Russian	Arabic
20	20	0.48065390083993503	0.4905182518028419	0.5026180115843902	0.48648553920734133	0.5039138391336213	0.5084193262120278	0.46011866211346375
40	40	0.4964779619335971	0.49962590651064137	0.4998294269363635	0.5039931488919669	0.5277286784176611	0.4803363350319829	0.48816471458453775
60	60	0.5107198872571495	0.4923634170987302	0.49241241965174937	0.5139377813660142	0.5132261617799347	0.4945477874908441	0.4806940909626259
80	80	0.5339288801895976	0.5350799738692824	0.5356755449310703	0.5281191676624731	0.5122279012820008	0.508003623854845	0.512127567249148
100	100	0.5259878817835066	0.5611969670613777	0.5432085829232707	0.5462758534142729	0.5394300896053169	0.5369602324504132	0.5344519129433044
120	120	0.5273213850054226	0.5598474693198081	0.5507802343497371	0.5502409900140179	0.5447055473965019	0.5405173931141382	0.5350111351820347
140	140	0.5311640157850159	0.5746041184461308	0.563876288965227	0.5701280748227832	0.5462473133696476	0.5475423325533688	0.5545247355988016
160	160	0.5383193199660579	0.5785607605942442	0.5739016067282448	0.5736975733973736	0.5596860955924498	0.5517058077296088	0.5772654344547881
180	180	0.56061048544369	0.5838164653283374	0.5791988281422101	0.5793514365680248	0.5808395326187823	0.5723132331091926	0.5895400006121119
200	200	0.5685647931085164	0.5993732788587571	0.6079274244837996	0.5890039764433912	0.5916426192549744	0.5880303732081206	0.5997684520973642
220	220	0.5782280122764748	0.6073396095376827	0.6211972170576461	0.5939471108632219	0.6041513982396127	0.5842399014403266	0.6009066599350116
240	240	0.5793757111539559	0.6137681845543407	0.6215853300443965	0.5981080365859293	0.5995987510399686	0.5965434016119191	0.6056486796342362
260	260	0.5742505225811723	0.6162302612755701	0.6255517593000924	0.6013334417182898	0.6037557598770207	0.5904835414192897	0.6139806874339487