\addplot[color=green,mark=*] coordinates {
(10,10)(20,20)(30,30)(40,40)(50,50)(60,60)(70,70)(80,80)(90,90)(100,100)(110,110)(120,120)(130,130)(140,140)(150,150)(160,160)(170,170)
};
\addlegendentry{dial}

\addplot[color=green,mark=*] coordinates {
(10,0.05566427484235703)(20,0.07595871398927426)(30,0.1628246213380899)(40,0.15935923463431964)(50,0.1906398385565052)(60,0.28184344678562573)(70,0.3115440115440115)(80,0.3737712060678201)(90,0.37994862064816104)(100,0.42445303266137707)(110,0.4207780056201109)(120,0.46213298004815584)(130,0.4930083725798012)(140,0.5104524840239126)(150,0.5590604756959897)(160,0.5375757575757575)(170,0.5338863915504957)
};
\addlegendentry{Natural\_Neg}

\addplot[color=green,mark=*] coordinates {
(10,0.14023444757101622)(20,0.2941250555929455)(30,0.30299979529932825)(40,0.3048359863038762)(50,0.3462492257964619)(60,0.37703099471409224)(70,0.4041228981632948)(80,0.5740279196458971)(90,0.5821891685736078)(100,0.6292048782341901)(110,0.6216016028440439)(120,0.6561700182987973)(130,0.6549585264330998)(140,0.6533523796292268)(150,0.6510009466144013)(160,0.6512142642835712)(170,0.6591724330804121)
};
\addlegendentry{All\_together}

\addplot[color=green,mark=*] coordinates {
(10,0.10592983921234016)(20,0.04357005002166293)(30,0.17643424376237984)(40,0.174440249072602)(50,0.2910426731078905)(60,0.33426574088658334)(70,0.3693058212655145)(80,0.5171348368651739)(90,0.5291024571825772)(100,0.589227100727402)(110,0.5938382005566876)(120,0.6279828219001854)(130,0.6331409197324406)(140,0.6377355909195079)(150,0.6598998909412794)(160,0.6420472752460331)(170,0.6480541357785928)
};
\addlegendentry{Hungarian}

\addplot[color=green,mark=*] coordinates {
(10,0.09415408439798684)(20,0.06574199572302039)(30,0.17491390992511785)(40,0.17005414825719029)(50,0.24776189115378497)(60,0.31944756452129075)(70,0.349090909090909)(80,0.4474276924473518)(90,0.46944152362084673)(100,0.5720065532922978)(110,0.586021011064692)(120,0.5967741241911306)(130,0.5962414548035398)(140,0.5637942003968506)(150,0.5970459729821727)(160,0.5931171309812087)(170,0.5742634041235627)
};
\addlegendentry{Portuguese}

\addplot[color=green,mark=*] coordinates {
(10,0.07872936820851326)(20,0.04916445561606852)(30,0.16282037394488402)(40,0.16019793004457206)(50,0.26020575837805476)(60,0.30465193320304235)(70,0.36887565034354025)(80,0.5181941932843742)(90,0.5240737285817599)(100,0.5854470740698581)(110,0.5853897139867006)(120,0.5918086511455449)(130,0.5952234083536784)(140,0.5604449440514866)(150,0.5886309666989209)(160,0.5710457348720767)(170,0.5621224375003643)
};
\addlegendentry{Russian}

\addplot[color=green,mark=*] coordinates {
(10,0.10728860587029679)(20,0.061116486170834004)(30,0.19205420325624928)(40,0.17547418181753055)(50,0.27629577733218447)(60,0.3262187856443194)(70,0.3568358878403689)(80,0.49569279869945015)(90,0.5267339371594709)(100,0.5705340252679703)(110,0.5714054834054834)(120,0.6004543217844669)(130,0.6196369636963696)(140,0.6141372912801484)(150,0.6194548915296834)(160,0.6123946695930053)(170,0.6084457188736594)
};
\addlegendentry{Arabic}

