size	dial	Natural_Neg	All_together	Hungarian	French	Portuguese	Russian	Arabic	German
20	20	0.12569660432790783	0.32678203485714524	0.25045823885268087	0.2136063971464397	0.19842601812950175	0.22161891517140112	0.22839260732452957	0.20345608274677945
40	40	0.15997414455195352	0.29981258248647713	0.2675966760982571	0.20502973047777603	0.20786201686064035	0.2530168634859661	0.27771599220710597	0.21012940873932803
60	60	0.24620457230443327	0.32021524410006397	0.33208889443707906	0.2720042153098496	0.24427296126977205	0.2563771717569897	0.27987251896552445	0.2711634436408056
80	80	0.28312120127868645	0.31832696531239574	0.3150606156913468	0.2867520929024636	0.27841817760825016	0.31814158214080523	0.32266507629643426	0.290378668120845
100	100	0.33417590055912577	0.3902741465588873	0.398325909725122	0.3541764157719835	0.3558031421094851	0.3958295493145572	0.391711171971462	0.3688356441029395
120	120	0.34669477172775437	0.4174684929364917	0.40806141606853047	0.37670135192452975	0.3757164307371198	0.37622618308747896	0.3959968438719325	0.37452336565195693
140	140	0.3429564946175233	0.4174177482142782	0.4347789453772526	0.3577841497759723	0.3700458837488086	0.36683912523446677	0.4076369160197051	0.38064400169421153
160	160	0.3425232859736894	0.42275309951456175	0.4544719234453602	0.3956564884169965	0.40835013641159035	0.3986115369937809	0.4120425821929256	0.4077508453085376
180	180	0.3509421423449254	0.4242259925785386	0.4542576377310744	0.406489383020621	0.42139388112841203	0.4117666686336615	0.4239879916463627	0.4050890530447583
200	200	0.371616758466415	0.45965930022112217	0.4781774499419786	0.4304661494668445	0.4463268582260024	0.43376560555782867	0.46022082906735096	0.44154192110293894
220	220	0.4267473701678576	0.48975072474273806	0.5136500147075298	0.48012090218564074	0.4933949732598536	0.4787791240542699	0.4917296113497798	0.4693551503013695
240	240	0.4079931454224236	0.47427950297535426	0.4926282424711526	0.46301107557873084	0.4768154405698974	0.4586098634506202	0.458511324198889	0.44424296824311815