size	dial	Natural_Neg	All_together	Hungarian	Portuguese	Russian
30	30	0.659130126417584	0.6620086034395105	0.6630159337845802	0.6367950861895315	0.6515506571033225
40	40	0.6801013176205964	0.6838232550567604	0.6643710567816663	0.6774696745995762	0.6887410710262449
50	50	0.6629039295827222	0.6738310094159552	0.6730364823501949	0.665558546242583	0.6789971325628985
60	60	0.6740201345460728	0.6850695919704786	0.6833674334148315	0.6704367718189961	0.6807895446567028
70	70	0.6744355079101645	0.6950172980818237	0.6873560275040876	0.6778388737643857	0.6909692888602643
80	80	0.6880412373868935	0.6992580064857974	0.689155199889775	0.6861304515324854	0.6931630043413713
90	90	0.6946284950060285	0.7013249969260749	0.6869229386350584	0.6964873318727998	0.6963849916348483
100	100	0.7027725055405419	0.7055879656795814	0.690743787043526	0.6981118551619405	0.7008143367359697
110	110	0.7114628439743332	0.7073084206898288	0.698120817025158	0.7091466660704299	0.709648574405309
120	120	0.7098619027118012	0.7084855019077242	0.7013977077316038	0.7115611253362617	0.7135884322602803
130	130	0.7146064296328237	0.7201583329315854	0.7093196841122652	0.7185095252594664	0.7229443621039121
140	140	0.7075360987477279	0.7163682502459816	0.7131541415600655	0.7060155867533069	0.7133610784870593
150	150	0.7126335378392279	0.7176067069502186	0.7183541175733417	0.7186476660283618	0.719900636189301