\addplot[color=green,mark=*] coordinates {
(30,30)(60,60)(90,90)(120,120)(150,150)(180,180)(210,210)(240,240)(270,270)(300,300)(330,330)(360,360)
};
\addlegendentry{dial}

\addplot[color=green,mark=*] coordinates {
(30,0.46705408707618357)(60,0.47566798365217433)(90,0.4833001694425339)(120,0.5077583485065572)(150,0.5093399469967295)(180,0.521026650975917)(210,0.5350772757239388)(240,0.5363243740755256)(270,0.5324910665355643)(300,0.5429475837249222)(330,0.5490211030411806)(360,0.5532019778609027)
};
\addlegendentry{Natural\_Neg}

\addplot[color=green,mark=*] coordinates {
(30,0.4216922097915473)(60,0.4808642099954664)(90,0.4732403225639433)(120,0.5139957204353417)(150,0.5117941180001149)(180,0.5297981176634423)(210,0.5401462695299051)(240,0.5244647006141253)(270,0.5449869033322471)(300,0.5651857644089571)(330,0.5492483792121783)(360,0.5552451414636119)
};
\addlegendentry{\_All\_together}

\addplot[color=green,mark=*] coordinates {
(30,0.42614010566802757)(60,0.458128481879179)(90,0.46712058981220916)(120,0.5123658991011598)(150,0.5133517131624138)(180,0.527933558627965)(210,0.5399203329734978)(240,0.530430461623722)(270,0.5411220830831531)(300,0.5512148000483508)(330,0.5564934487322482)(360,0.5566535035248956)
};
\addlegendentry{\_Hungarian}

\addplot[color=green,mark=*] coordinates {
(30,0.4336142978445839)(60,0.45404929217747625)(90,0.4638732920601284)(120,0.497801449358193)(150,0.5000086505012057)(180,0.5152242156861283)(210,0.5401452105708928)(240,0.5358482885133053)(270,0.5396760474604543)(300,0.5392321852609738)(330,0.5369990730252944)(360,0.5404788852236602)
};
\addlegendentry{\_Portuguese}

\addplot[color=green,mark=*] coordinates {
(30,0.41506204071909625)(60,0.4530556560002215)(90,0.4422640959212433)(120,0.4850189657810355)(150,0.5017458728691404)(180,0.5204926947495248)(210,0.5388178105326183)(240,0.5332350113895955)(270,0.5553965997595365)(300,0.5515157268743208)(330,0.5590455383722217)(360,0.5588439702596244)
};
\addlegendentry{\_Russian}

