size	dial	Natural_Neg	All_together	Hungarian	French	Portuguese	Russian	Arabic	German
10	10	0.016930638995084655	0.016930638995084655	0.016930638995084655	0.016930638995084655	0.016930638995084655	0.016930638995084655	0.016930638995084655	0.016930638995084655
20	20	0.016930638995084655	0.016930638995084655	0.016930638995084655	0.016930638995084655	0.016930638995084655	0.016930638995084655	0.016930638995084655	0.016930638995084655
30	30	0.016930638995084655	0.016930638995084655	0.016930638995084655	0.016930638995084655	0.016930638995084655	0.016930638995084655	0.016930638995084655	0.016930638995084655
40	40	0.016930638995084655	0.016930638995084655	0.016930638995084655	0.016930638995084655	0.016930638995084655	0.016930638995084655	0.016930638995084655	0.016930638995084655
50	50	0.016930638995084655	0.016930638995084655	0.016930638995084655	0.016930638995084655	0.016930638995084655	0.016930638995084655	0.016930638995084655	0.016930638995084655
60	60	0.01572413793103448	0.016045197740112992	0.015682766845557545	0.01627372052903968	0.016264367816091953	0.015758916228918993	0.015763274336283186	0.015750207239568943
70	70	0.018357366771159876	0.019961474386336997	0.023076377549088607	0.019011882861103287	0.020360085407905553	0.01986896175465116	0.022703337427765834	0.019886460280931474
80	80	0.019941275660958213	0.0209476340739564	0.019898983234374064	0.019841393432620553	0.02084939303233289	0.020511968012389074	0.02050261082917418	0.02012075355785873
90	90	0.01980931828740128	0.02093017330248963	0.020809194926518733	0.020990440175289504	0.020754446356855995	0.02047967673958854	0.020443461543771486	0.02010420629304741
100	100	0.021938995141750198	0.02239103461107093	0.021769639810959595	0.022623015059514202	0.022068382646221102	0.02135898899742499	0.02161001453420226	0.022180521242249195
110	110	0.02279417593321102	0.02332282799481487	0.022351704879005972	0.024282231497636322	0.024151791355187264	0.022523806420433532	0.022769063785933037	0.022964394110103127
120	120	0.02259100582806871	0.023296254611576795	0.02239544213823804	0.02435903545558521	0.023033271205796062	0.0229312458036869	0.022622505080957225	0.02262621162613774
130	130	0.02259100582806871	0.023013940115397875	0.022393047108403952	0.02435903545558521	0.023033271205796062	0.022933635899131378	0.02261285038905856	0.02262621162613774
140	140	0.02259100582806871	0.023088829354731076	0.022393047108403952	0.02435903545558521	0.023033271205796062	0.02270904797345316	0.022610442956189823	0.02262621162613774
150	150	0.022770848189046723	0.027926317268728927	0.02308702547328774	0.0242028146129064	0.02320897821017337	0.023112650892101835	0.022773552621710883	0.02280956329463792
160	160	0.022677243569767604	0.01956080604687175	0.021283906564905673	0.024251191704752078	0.02342898891681547	0.022310924214641946	0.028748185050140977	0.02228924105603768
170	170	0.02261718114135417	0.018452624270855637	0.021948632446859424	0.024162816162491278	0.023266756678952127	0.01630975177783172	0.014059069116678504	0.023666824869482676
180	180	0.017726887192536046	0.01585155632029598	0.016326599510637682	0.018926675811614082	0.015215035939879612	0.015663018830720694	0.013728907585296119	0.01756452757713665
190	190	0.017726887192536046	0.015493090317888161	0.016306052555772492	0.018924753199268736	0.015201200741157606	0.015663928541825595	0.013676517155956127	0.018401207172022017
200	200	0.017726887192536046	0.014799578059071731	0.016296980112311458	0.018924753199268736	0.015183543785105941	0.01565830557174835	0.013815252923533177	0.018401207172022017
210	210	0.01868547820725447	0.014897845503125059	0.016322166673474966	0.018944058769513314	0.015101165046983283	0.015626727334242047	0.014028548267550503	0.01830966585246363
220	220	0.01868547820725447	0.014918737598034585	0.016322166673474966	0.018944058769513314	0.015101165046983283	0.01560885690931232	0.015433521396636151	0.01830966585246363
230	230	0.02064183905507028	0.015119368499802143	0.01624758794252278	0.018967648513103057	0.015424858232085692	0.01564465343027747	0.01560487356818673	0.018336668027233383
240	240	0.02110768062945689	0.015699287822438002	0.016626474073705756	0.020654295326104195	0.017053270352727076	0.01595750312156511	0.014532926889335223	0.017573355219537023
250	250	0.02110768062945689	0.015903896199872255	0.016626474073705756	0.02065237797638169	0.017053270352727076	0.016188965979203076	0.014931504514281494	0.017289647908384442
260	260	0.021041938135596263	0.01576470588235294	0.016513378998948152	0.02053748701973001	0.014191349734802256	0.015984268536690806	0.014824550238784331	0.01703619975074631
270	270	0.021041938135596263	0.015626019312519054	0.016535114349322	0.019832835009513456	0.01473524856879361	0.015926590342577387	0.01489222530255965	0.0169390003096431
280	280	0.022027017086776908	0.01669819161543396	0.016484102891835755	0.017841382018060466	0.015085124047138992	0.01645458259458902	0.01647250776519505	0.017440214648795676
290	290	0.02096375383682595	0.016572413667292993	0.01623633477559589	0.01792668347478191	0.014984898126798846	0.016329153605015675	0.0171739974100355	0.017486939882474368
300	300	0.021031883722723417	0.016604246497943367	0.016273975238950543	0.018085376052630005	0.01496374053447654	0.016119684759439822	0.017974453530009087	0.01743465209974548
310	310	0.021031883722723417	0.01653487721738079	0.01623076222420728	0.0180817989466526	0.01489005153219779	0.016079528088513966	0.018215533790330484	0.017410513913824057
320	320	0.020950730822978433	0.01651592015550059	0.016210457354208608	0.018058700592082044	0.014864378957242241	0.016079528088513966	0.018181229470745474	0.01739758109619687
330	330	0.02090244341633409	0.01651592015550059	0.016056205717562305	0.01821919429141004	0.015645438421461034	0.01620242903765001	0.018673902766766053	0.017524152325247146
340	340	0.020950730822978433	0.016760998475352555	0.016965255570140097	0.018350257968274657	0.015456314813125321	0.016780707642904534	0.018966325575745152	0.01747585958342673
350	350	0.020950730822978433	0.017087120246892608	0.017775409499386656	0.018251734757053606	0.015716595916717202	0.01774337706005525	0.018110539189703845	0.0174496644295302
360	360	0.020950730822978433	0.018128378333675164	0.017775409499386656	0.018483765723029528	0.015611082859476369	0.017324094880748105	0.018895047084295912	0.017502157867850414
370	370	0.020950730822978433	0.01822209244118138	0.017771739130434783	0.018483765723029528	0.015611082859476369	0.017324094880748105	0.018823393563738862	0.017502157867850414