size	dial	Natural_Neg	_All_together	_Hungarian	_Portuguese	_Russian
30	30	0.8033098074534012	0.9165658145821821	0.9104211008123633	0.8118634014548698	0.947612842859899
60	60	0.8935221218232666	0.9633657767731914	0.9128484206374144	0.9049040525224473	0.9515545739691993
90	90	0.9319541261248032	0.9515332687862591	0.9409100632710672	0.9504703098685775	0.9492080377788159
120	120	0.936752452509287	0.9688341722557755	0.954916601237322	0.9554105148258978	0.9541482427361363
150	150	0.9421395739297598	0.969386196327773	0.958554590622527	0.9575066613571908	0.9575066613571908
180	180	0.9469644863379051	0.9710656924789275	0.9616417296379416	0.9611593051463275	0.9598970330565659
210	210	0.9466127233399474	0.9721787444466964	0.9628312179313893	0.9622723571140963	0.9622723571140963
240	240	0.9568579456070596	0.9807401479554685	0.9708312690659013	0.9701326945080574	0.9701326945080574
270	270	0.9530062946808873	0.98678462755088	0.9701369191218593	0.9784842853173853	0.9695081282346362
300	300	0.9488731627356936	0.989091738764796	0.9729957821223743	0.9723669912351511	0.9723669912351511
330	330	0.950274704431559	0.989091738764796	0.9745297572128347	0.9739708963955416	0.9739708963955416
360	360	0.9551640915665913	0.9897912356213755	0.9752290579121354	0.9835764241076614	0.9835764241076614