size	dial	Natural_Neg	All_together	Hungarian	French	Portuguese	Russian	Arabic	German
20	20	0.029333333333333333	0.037141153420223186	0.03302127659574468	0.026256410256410255	0.026936026936026935	0.04331481481481482	0.02979310344827586	0.016
40	40	0.013793103448275862	0.08740031897926634	0.07096774193548387	0.05142857142857142	0.0392156862745098	0.02727272727272727	0.024242424242424242	0.019047619047619046
60	60	0.024242424242424242	0.07745901639344263	0.043478260869565216	0.03225806451612903	0.04897959183673469	0.037209302325581395	0.03333333333333333	0.021621621621621623
80	80	0.014814814814814814	0.07424242424242425	0.025	0.03404255319148936	0.06486486486486487	0.022857142857142857	0.0375	0.026666666666666665
100	100	0	0.03714565004887586	0.014814814814814814	0.035555555555555556	0.05714285714285714	0.010526315789473684	0.013333333333333332	0.027586206896551724
120	120	0.016666666666666666	0.053409090909090906	0.016	0.04523809523809523	0.03	0.028431372549019607	0	0.028500000000000004
140	140	0	0.057126436781609204	0.016	0.030459770114942532	0.016	0	0	0.016
160	160	0	0.03205128205128205	0.016666666666666666	0.03266666666666666	0.016666666666666666	0.016666666666666666	0	0.016
180	180	0	0.03266666666666666	0.013793103448275862	0.016	0.016666666666666666	0	0	0.016666666666666666
200	200	0.016	0.030814814814814816	0.030459770114942532	0.016	0.015384615384615385	0.016	0.014814814814814814	0.016
220	220	0	0.030814814814814816	0.013793103448275862	0	0.014814814814814814	0	0	0