size	dial	Natural_Neg	All_together	Hungarian	French	Portuguese	Russian	Chinese
30	30	0.3784965034965035	0.41573426573426575	0.40576923076923077	0.3888111888111888	0.3980769230769231	0.39562937062937065	0.40314685314685317
40	40	0.39895104895104894	0.45262237762237767	0.427972027972028	0.41625874125874124	0.4229020979020978	0.41940559440559444	0.4251748251748252
50	50	0.4015734265734266	0.42989510489510485	0.4173076923076923	0.4115384615384615	0.40681818181818186	0.4141608391608392	0.42272727272727273
60	60	0.42727272727272725	0.4342657342657342	0.43688811188811194	0.44125874125874126	0.43286713286713285	0.4491258741258742	0.4405594405594405
70	70	0.4377622377622378	0.459965034965035	0.45174825174825173	0.45174825174825173	0.45122377622377624	0.4694055944055943	0.46416083916083917
80	80	0.43076923076923074	0.47482517482517483	0.4540209790209791	0.45314685314685316	0.4505244755244755	0.46486013986013985	0.465034965034965
90	90	0.4456293706293707	0.4874125874125873	0.46765734265734266	0.47674825174825175	0.4608391608391608	0.48041958041958044	0.4784965034965035
100	100	0.4409090909090909	0.49073426573426576	0.469055944055944	0.48216783216783227	0.4725524475524476	0.5003496503496504	0.4965034965034965
110	110	0.43776223776223777	0.4921328671328672	0.4601398601398602	0.4704545454545455	0.46783216783216786	0.4914335664335664	0.48269230769230764
120	120	0.4370629370629371	0.4982517482517482	0.4666083916083917	0.47622377622377615	0.47989510489510484	0.4980769230769231	0.48339160839160844
130	130	0.4498251748251748	0.49667832167832177	0.4725524475524476	0.48566433566433564	0.4896853146853147	0.4867132867132867	0.48216783216783216
140	140	0.45489510489510493	0.5076923076923077	0.4784965034965036	0.49020979020979016	0.49370629370629365	0.4926573426573427	0.4914335664335664
150	150	0.45034965034965035	0.512062937062937	0.4854895104895105	0.4905594405594405	0.493006993006993	0.48723776223776216	0.48321678321678324
160	160	0.45664335664335665	0.5171328671328672	0.4865384615384616	0.49912587412587406	0.4933566433566433	0.4945804195804196	0.48776223776223776
170	170	0.4667832167832168	0.5194055944055944	0.49965034965034966	0.506993006993007	0.5101398601398601	0.5069930069930069	0.5015734265734266
180	180	0.48426573426573427	0.529020979020979	0.5043706293706294	0.5171328671328672	0.515034965034965	0.4996503496503496	0.5082167832167832
190	190	0.48409090909090907	0.5342657342657342	0.5106643356643357	0.5167832167832168	0.51993006993007	0.5082167832167832	0.5008741258741258
200	200	0.494055944055944	0.5416083916083916	0.5286713286713287	0.5216783216783216	0.5195804195804196	0.5145104895104895	0.5132867132867133
210	210	0.4881118881118881	0.5477272727272727	0.5342657342657342	0.5304195804195804	0.5304195804195804	0.5124125874125876	0.5131118881118881
220	220	0.49055944055944056	0.5536713286713286	0.5451048951048951	0.5260489510489511	0.5339160839160839	0.5225524475524475	0.5277972027972029
230	230	0.49615384615384617	0.5536713286713287	0.5419580419580419	0.5232517482517482	0.5344405594405595	0.5113636363636364	0.5211538461538461
240	240	0.49720279720279714	0.5594405594405595	0.5375874125874126	0.526923076923077	0.537062937062937	0.5138111888111888	0.5208041958041958
250	250	0.5003496503496503	0.561013986013986	0.5414335664335664	0.5325174825174825	0.5382867132867133	0.51993006993007	0.5256993006993007