\addplot[color=green,mark=*] coordinates {
(30,30)(40,40)(50,50)(60,60)(70,70)(80,80)(90,90)(100,100)(110,110)(120,120)(130,130)(140,140)(150,150)(160,160)(170,170)(180,180)(190,190)(200,200)(210,210)(220,220)(230,230)(240,240)(250,250)
};
\addlegendentry{dial}

\addplot[color=green,mark=*] coordinates {
(30,0.01568627450980392)(40,0.008)(50,0.023117842524850607)(60,0.015547169811320755)(70,0.02270871985157699)(80,0.02270871985157699)(90,0.1716648609606356)(100,0.19871516397832187)(110,0.2114402167033746)(120,0.20953498114788438)(130,0.3078951237441804)(140,0.30301285608583056)(150,0.2739618631932272)(160,0.2942521559662045)(170,0.29768973909208274)(180,0.28750663049513625)(190,0.33640657092167275)(200,0.36447539197828493)(210,0.42410258215136265)(220,0.4531379739683515)(230,0.4479839624145409)(240,0.45579177022234874)(250,0.455755622725656)
};
\addlegendentry{Natural\_Neg}

\addplot[color=green,mark=*] coordinates {
(30,0.26666666666666666)(40,0.2535511297460983)(50,0.31472090501757)(60,0.2539725855472354)(70,0.3599391131366104)(80,0.23692744823735273)(90,0.4514361113074621)(100,0.5408053157376596)(110,0.5308030005360864)(120,0.5289425633664683)(130,0.5539190288082831)(140,0.5541276040549008)(150,0.5489168072875937)(160,0.5492421478702685)(170,0.60355317171232)(180,0.6095165022530752)(190,0.6128867469606527)(200,0.6262025330990848)(210,0.642813977210529)(220,0.6608559241098408)(230,0.6431441519577022)(240,0.6417117549925312)(250,0.6494528187917383)
};
\addlegendentry{All\_together}

\addplot[color=green,mark=*] coordinates {
(30,0.12748597654258031)(40,0.11273328987614703)(50,0.12431649572350383)(60,0.13092800519215614)(70,0.1647193037805042)(80,0.1329251700680272)(90,0.33821005084277556)(100,0.3903152366758924)(110,0.4026109481915934)(120,0.40330485388498716)(130,0.47607756103584864)(140,0.46424346251128396)(150,0.45278399367175526)(160,0.47687589428705107)(170,0.5300016940836104)(180,0.529124671825466)(190,0.5261374741014262)(200,0.5320501774378731)(210,0.6043556811105489)(220,0.6681597178752947)(230,0.5858283212323171)(240,0.5829340688098499)(250,0.5842679634114611)
};
\addlegendentry{Hungarian}

\addplot[color=green,mark=*] coordinates {
(30,0.023407407407407408)(40,0.015570672713529854)(50,0.03783288409703504)(60,0.030255889662897745)(70,0.03025588966289775)(80,0.0301161272589844)(90,0.22209336592299822)(100,0.22899058056621016)(110,0.2409930542829696)(120,0.24761326334220302)(130,0.3852032486722189)(140,0.39530004822716486)(150,0.3772084984141089)(160,0.3895151843374749)(170,0.4790694772209873)(180,0.4834139696039058)(190,0.49009803921568623)(200,0.5086334615403176)(210,0.5410653024593095)(220,0.62301403931314)(230,0.5570607740529556)(240,0.5483545106242325)(250,0.5629507866376093)
};
\addlegendentry{French}

\addplot[color=green,mark=*] coordinates {
(30,0.07548930296756384)(40,0.04750752760120441)(50,0.0846717573113085)(60,0.07101799458993227)(70,0.0633147804576376)(80,0.06932570941938623)(90,0.18729301075268817)(100,0.2963301640370177)(110,0.2939841229812992)(120,0.31213221512234623)(130,0.3556698933114656)(140,0.4052645502645502)(150,0.39458887458887454)(160,0.39229276895943566)(170,0.4441699948796723)(180,0.4459745180175288)(190,0.453041668995758)(200,0.4963818210231712)(210,0.5446023790533745)(220,0.6120876408381583)(230,0.5644449439886104)(240,0.5654092094452184)(250,0.5717869966088671)
};
\addlegendentry{Portuguese}

\addplot[color=green,mark=*] coordinates {
(30,0.08587962962962963)(40,0.05863678804855275)(50,0.0782104351174432)(60,0.07285329226030034)(70,0.10422061297637333)(80,0.10422061297637333)(90,0.2124913733609386)(100,0.3748353416707847)(110,0.40095056142114965)(120,0.4100294266869609)(130,0.436248494739995)(140,0.4433688017894303)(150,0.42751962276539224)(160,0.43747723969993324)(170,0.5198179542680545)(180,0.48706878977510454)(190,0.4928366340433092)(200,0.501594011307319)(210,0.5312774766348826)(220,0.6079775585282469)(230,0.5531316201528969)(240,0.553938400950129)(250,0.553938400950129)
};
\addlegendentry{Russian}

\addplot[color=green,mark=*] coordinates {
(30,0.1276149255688898)(40,0.12689526934645884)(50,0.1205772176921176)(60,0.10107036247334752)(70,0.1339709557581898)(80,0.12050000000000001)(90,0.3233272181212576)(100,0.45067288223282703)(110,0.4479320434549302)(120,0.4413785500218281)(130,0.48955026455026446)(140,0.5019589556232955)(150,0.5202402871390214)(160,0.5000988130528471)(170,0.5786447063685289)(180,0.6048291967198913)(190,0.6048291967198913)(200,0.6059358895742045)(210,0.6317449379943227)(220,0.6378500602171747)(230,0.597532618254439)(240,0.5955285249681438)(250,0.6048475213839144)
};
\addlegendentry{Chinese}

