size	dial	Natural_Neg	All_together	Hungarian	French	Portuguese	Russian	Arabic	German
20	20	0	0	0	0	0	0	0	0
40	40	0	0	0	0	0	0	0	0
60	60	0	0	0	0	0	0	0	0
80	80	0	0	0	0	0	0	0	0
100	100	0.16	0.08	0.04	0.12	0.08	0.16	0.08	0.12
120	120	0.16	0.08	0.04	0.12	0.08	0.16	0.08	0.12
140	140	0.16	0.08	0.04	0.12	0.08	0.16	0.08	0.12
160	160	0.18666666666666668	0.04	0.1	0.12	0.08	0.32	0.04	0.24666666666666667
180	180	0.14666666666666667	0	0	0.12	0.08	0.32	0.04	0.15333333333333332
200	200	0.14666666666666667	0	0	0.12	0.08	0.32	0.04	0.15333333333333332
220	220	0.04	0	0	0.12	0.08	0.32	0.04	0.15333333333333332