size	dial	Natural_Neg	All_together	Hungarian	French	Portuguese	Russian	Arabic	German
20	20	0	0	0.010256410256410256	0	0	0	0	0
40	40	0.006779661016949152	0.005479452054794521	0.01505981703026038	0.007272727272727273	0.006153846153846154	0.008	0.0058823529411764705	0.006349206349206349
60	60	0.007017543859649122	0.007142857142857143	0.017465590887517795	0.008163265306122448	0.007692307692307693	0.008333333333333333	0.005970149253731343	0.006666666666666666
80	80	0.01	0.0186449864498645	0.00851063829787234	0.008888888888888889	0.018089430894308943	0.018219461697722567	0.0064516129032258064	0.006666666666666666
100	100	0.00975609756097561	0.02711528946066304	0.01730232558139535	0.016849495392716102	0.01714546283629731	0.01760154738878143	0.009302325581395349	0.01693121693121693
120	120	0.00975609756097561	0.027493540051679588	0.018826135105204873	0.017523809523809525	0.01768707482993197	0.018604651162790697	0.009302325581395349	0.017216117216117217
140	140	0.00975609756097561	0.018604651162790697	0.009302325581395349	0.009523809523809523	0.00975609756097561	0.009302325581395349	0.009302325581395349	0.009523809523809523
160	160	0.01951219512195122	0.02730030333670374	0.019523809523809523	0.029584738931844646	0.018451749734888653	0.018826135105204873	0.018847006651884702	0.0186449864498645
180	180	0.01951219512195122	0.01781296387926769	0.01851063829787234	0.01768707482993197	0.017584541062801932	0.018412698412698415	0.018614718614718615	0.01799797775530839
200	200	0.01951219512195122	0.017465590887517795	0.018695652173913044	0.025417439703153986	0.017777777777777778	0.01799797775530839	0.019279907084785133	0.026323602177140026
220	220	0.01975609756097561	0.01768707482993197	0.0189520624303233	0.01839323467230444	0.01818181818181818	0.018614718614718615	0.01951219512195122	0.027705627705627706