size	dial	Natural_Neg	All_together	Hungarian	Portuguese	Russian	Arabic
10	10	0	0	0	0	0	0
20	20	0	0	0	0	0	0
30	30	0	0	0	0	0	0
40	40	0.016666666666666666	0.03333333333333333	0.02222222222222222	0.016666666666666666	0.02222222222222222	0.02222222222222222
50	50	0.016666666666666666	0.03333333333333333	0.02222222222222222	0.016666666666666666	0.016666666666666666	0.02222222222222222
60	60	0.016666666666666666	0.03333333333333333	0.02222222222222222	0.016666666666666666	0.016666666666666666	0.016666666666666666
70	70	0.016666666666666666	0.03333333333333333	0.02222222222222222	0.016666666666666666	0.016666666666666666	0.016666666666666666
80	80	0.023333333333333334	0.03333333333333333	0.02777777777777778	0.016666666666666666	0.016666666666666666	0.016666666666666666
90	90	0.023333333333333334	0.03333333333333333	0.02777777777777778	0.016666666666666666	0.016666666666666666	0.016666666666666666
100	100	0.03	0.039999999999999994	0.02777777777777778	0.04111111111111111	0.05444444444444445	0.02222222222222222
110	110	0.03	0.039999999999999994	0.02777777777777778	0.04111111111111111	0.05444444444444445	0.016666666666666666
120	120	0.03431372549019608	0.09803921568627452	0.08660130718954248	0.07640522875816994	0.07640522875816994	0.04607843137254902
130	130	0.02287581699346405	0.09803921568627452	0.08660130718954248	0.07084967320261437	0.06973856209150327	0.04607843137254902
140	140	0.02287581699346405	0.10392156862745099	0.08660130718954248	0.07084967320261437	0.06973856209150327	0.04607843137254902
150	150	0.03032679738562092	0.13725490196078433	0.1266013071895425	0.09084967320261439	0.09640522875816995	0.0727450980392157
160	160	0.02366013071895425	0.13725490196078433	0.13215686274509805	0.09084967320261439	0.09640522875816995	0.0727450980392157
170	170	0.017777777777777774	0.10594771241830066	0.08784313725490196	0.07908496732026145	0.06732026143790851	0.07830065359477126
180	180	0.017777777777777774	0.08307189542483662	0.0822875816993464	0.07986928104575164	0.06843137254901961	0.06607843137254903
190	190	0.017777777777777774	0.0654248366013072	0.07640522875816994	0.07398692810457516	0.06254901960784313	0.060196078431372556
200	200	0.017777777777777774	0.06464052287581698	0.07640522875816994	0.07398692810457516	0.06333333333333332	0.05352941176470588
210	210	0.05444444444444444	0.08555555555555555	0.06	0.0811111111111111	0.08222222222222222	0.056666666666666664
220	220	0.04777777777777777	0.07999999999999999	0.06	0.08777777777777776	0.08222222222222222	0.056666666666666664
230	230	0.04777777777777777	0.07999999999999999	0.06	0.10027777777777777	0.09472222222222222	0.056666666666666664
240	240	0.06652777777777777	0.09874999999999999	0.059583333333333335	0.11902777777777777	0.11347222222222222	0.0625