size	dial	Natural_Neg	All_together	Hungarian	French	Portuguese	Russian	Arabic	German
20	20	0	0	0.04	0	0	0	0	0
40	40	0	0	0	0	0	0	0	0
60	60	0.05	0.03076923076923077	0.023529411764705882	0.04	0.03333333333333333	0.03333333333333333	0.03636363636363636	0.03636363636363636
80	80	0	0.03636363636363636	0.023529411764705882	0.04	0.03333333333333333	0.04444444444444444	0.03636363636363636	0.03636363636363636
100	100	0	0.03636363636363636	0.023529411764705882	0.04	0.03636363636363636	0.05	0.03636363636363636	0.03636363636363636
120	120	0	0.06666666666666667	0.03333333333333333	0.04	0	0.03333333333333333	0.04	0.03636363636363636
140	140	0	0.06666666666666667	0	0.05714285714285714	0	0.04444444444444444	0	0.05
160	160	0	0.05454545454545454	0	0	0	0	0	0
180	180	0	0.05454545454545454	0	0	0	0	0	0
200	200	0	0.04	0	0	0	0	0	0