\addplot[color=green,mark=*] coordinates {
(10,10)(20,20)(30,30)(40,40)(50,50)(60,60)(70,70)(80,80)(90,90)(100,100)(110,110)(120,120)(130,130)(140,140)(150,150)
};
\addlegendentry{dial}

\addplot[color=green,mark=*] coordinates {
(10,null)(20,null)(30,null)(40,null)(50,0.6677777777777778)(60,0.68328173374613)(70,0.7660150375939849)(80,0.8180952380952382)(90,0.8880952380952382)(100,0.9214285714285715)(110,1)(120,0.9355555555555555)(130,0.9647058823529411)(140,0.9512820512820512)(150,0.9264705882352942)
};
\addlegendentry{Natural\_Neg}

\addplot[color=green,mark=*] coordinates {
(10,null)(20,null)(30,null)(40,null)(50,0.6461986161986162)(60,0.6357933370976848)(70,0.6289145813536058)(80,0.6106128830519075)(90,0.7248809523809523)(100,0.7186904761904762)(110,0.6773160173160173)(120,0.7226524352840141)(130,0.7345990394045314)(140,0.7488939165409754)(150,0.7445488721804511)
};
\addlegendentry{All\_together}

\addplot[color=green,mark=*] coordinates {
(10,null)(20,null)(30,null)(40,null)(50,0.652920168067227)(60,0.7117346938775511)(70,0.7159090909090909)(80,0.741860465116279)(90,0.7601398601398601)(100,0.7505555555555555)(110,0.7865841073271413)(120,0.8568181818181818)(130,0.8355555555555554)(140,0.7920868347338935)(150,0.7980392156862746)
};
\addlegendentry{Hungarian}

\addplot[color=green,mark=*] coordinates {
(10,null)(20,null)(30,null)(40,null)(50,0.5972585136003427)(60,0.5956363636363637)(70,0.6138528138528139)(80,0.6164079822616408)(90,0.6683501683501684)(100,0.5914497354497354)(110,0.5965909090909091)(120,0.6173781291172596)(130,0.6490476190476191)(140,0.6635716432055105)(150,0.6805746249682176)
};
\addlegendentry{Portuguese}

\addplot[color=green,mark=*] coordinates {
(10,null)(20,null)(30,null)(40,null)(50,0.638397212543554)(60,0.6802008608321378)(70,0.7032142857142858)(80,0.7059873949579832)(90,0.6809117647058823)(100,0.6013869969040248)(110,0.683965811965812)(120,0.6763478260869565)(130,0.7041678321678322)(140,0.724025974025974)(150,0.6951190476190476)
};
\addlegendentry{Russian}

\addplot[color=green,mark=*] coordinates {
(10,null)(20,null)(30,null)(40,null)(50,0.6576959550643762)(60,0.6620745920745921)(70,0.6875438596491228)(80,0.6837606837606838)(90,0.7263157894736842)(100,0.6606015037593984)(110,0.6740430622009569)(120,0.6800301148127236)(130,0.7292929292929293)(140,0.7072053872053872)(150,0.7052248803827752)
};
\addlegendentry{Arabic}

