\addplot[color=green,mark=*] coordinates {
(20,20)(30,30)(40,40)(50,50)(60,60)(70,70)(80,80)(90,90)(100,100)
};
\addlegendentry{dial}

\addplot[color=green,mark=*] coordinates {
(20,0.011764705882352941)(30,0.021052631578947368)(40,0.03216374269005848)(50,0.03216374269005848)(60,0.07681159420289856)(70,0.07681159420289856)(80,0.0885763000852515)(90,0.045098039215686274)(100,0.045098039215686274)
};
\addlegendentry{Natural\_Neg}

\addplot[color=green,mark=*] coordinates {
(20,0.036)(30,0.04)(40,0.047619047619047616)(50,0.05545454545454546)(60,0.07702702702702703)(70,0.075)(80,0.10238816738816739)(90,0.09210526315789473)(100,0.09216374269005848)
};
\addlegendentry{All\_together}

\addplot[color=green,mark=*] coordinates {
(20,0.05)(30,0.04166666666666667)(40,0.0652777777777778)(50,0.05277777777777778)(60,0.10248015873015873)(70,0.09206349206349206)(80,0.13129794182425764)(90,0.09260025062656642)(100,0.08210526315789474)
};
\addlegendentry{Hungarian}

\addplot[color=green,mark=*] coordinates {
(20,0.02857142857142857)(30,0.031578947368421054)(40,0.039523809523809524)(50,0.04157894736842105)(60,0.07210526315789473)(70,0.07269005847953217)(80,0.11491228070175437)(90,0.10127591706539074)(100,0.10127591706539074)
};
\addlegendentry{French}

\addplot[color=green,mark=*] coordinates {
(20,0.01111111111111111)(30,0.03)(40,0.04)(50,0.04)(60,0.08344579397210976)(70,0.08344579397210976)(80,0.10566801619433197)(90,0.056862745098039215)(100,0.056862745098039215)
};
\addlegendentry{Portuguese}

\addplot[color=green,mark=*] coordinates {
(20,0.021052631578947368)(30,0.03)(40,0.042105263157894736)(50,0.04269005847953216)(60,0.09411862990810357)(70,0.09411862990810357)(80,0.11356092935040304)(90,0.06732026143790851)(100,0.06732026143790851)
};
\addlegendentry{Russian}

\addplot[color=green,mark=*] coordinates {
(20,0.009523809523809523)(30,0.01111111111111111)(40,0.019111111111111113)(50,0.021288515406162466)(60,0.07207326128207243)(70,0.06913147704222755)(80,0.09161203711869555)(90,0.06262032085561497)(100,0.05128851540616246)
};
\addlegendentry{Chinese}

