\addplot[color=green,mark=*] coordinates {
(10,10)(20,20)(30,30)(40,40)(50,50)(60,60)(70,70)(80,80)(90,90)(100,100)(110,110)(120,120)(130,130)(140,140)(150,150)(160,160)(170,170)
};
\addlegendentry{dial}

\addplot[color=green,mark=*] coordinates {
(10,0)(20,0)(30,0.023529411764705882)(40,0.023529411764705882)(50,0.09971988795518208)(60,0.08563467492260061)(70,0.06563467492260062)(80,0.06563467492260062)(90,0.0654970760233918)(100,0.0654970760233918)(110,0.0654970760233918)(120,0.06666666666666667)(130,0.06432748538011696)(140,0.046052631578947366)(150,0.046052631578947366)(160,0.046052631578947366)(170,0.046052631578947366)
};
\addlegendentry{Natural\_Neg}

\addplot[color=green,mark=*] coordinates {
(10,0)(20,0)(30,0.013793103448275862)(40,0.014285714285714285)(50,0.06187192118226601)(60,0.06187192118226601)(70,0.060919540229885064)(80,0.07216825024020497)(90,0.07203065134099616)(100,0.04980842911877394)(110,0.04980842911877394)(120,0.04758620689655173)(130,0.04758620689655173)(140,0.07484573502722322)(150,0.07797270955165692)(160,0.07797270955165692)(170,0.10193432298695457)
};
\addlegendentry{All\_together}

\addplot[color=green,mark=*] coordinates {
(10,0)(20,0)(30,0.019047619047619046)(40,0.02)(50,0.10914786967418547)(60,0.08581453634085212)(70,0.08790366721401204)(80,0.09210084033613446)(90,0.08991710044341623)(100,0.0964039056918314)(110,0.0964039056918314)(120,0.051821862348178135)(130,0.047719298245614036)(140,0.0868590831918506)(150,0.0881578947368421)(160,0.08896434634974533)(170,0.11745653727077876)
};
\addlegendentry{Hungarian}

\addplot[color=green,mark=*] coordinates {
(10,0)(20,0)(30,0.012903225806451613)(40,0.013333333333333332)(50,0.07668737060041407)(60,0.08246844319775595)(70,0.08447957839262187)(80,0.09272727272727273)(90,0.09523809523809523)(100,0.07914786967418545)(110,0.0831578947368421)(120,0.10020050125313282)(130,0.09272727272727273)(140,0.11177489177489178)(150,0.11177489177489178)(160,0.11282752335383914)(170,0.11399711399711401)
};
\addlegendentry{Portuguese}

\addplot[color=green,mark=*] coordinates {
(10,0)(20,0)(30,0.016666666666666666)(40,0.017391304347826087)(50,0.08708827404479579)(60,0.08787878787878789)(70,0.07548654244306419)(80,0.0777087646652864)(90,0.07844393592677346)(100,0.0796135265700483)(110,0.08171878972794304)(120,0.07915789473684211)(130,0.07888888888888888)(140,0.10335397316821467)(150,0.1045235638114895)(160,0.10321637426900584)(170,0.10204678362573098)
};
\addlegendentry{Russian}

\addplot[color=green,mark=*] coordinates {
(10,0)(20,0)(30,0.012121212121212121)(40,0.013333333333333332)(50,0.05904761904761905)(60,0.05910135841170324)(70,0.06008658008658009)(80,0.06156806156806156)(90,0.04781144781144781)(100,0.052000000000000005)(110,0.052000000000000005)(120,0.049391304347826084)(130,0.04781144781144781)(140,0.07227705627705627)(150,0.07628708133971292)(160,0.07628708133971292)(170,0.10048315977108546)
};
\addlegendentry{Arabic}

