\addplot[color=green,mark=*] coordinates {
(10,10)(20,20)(30,30)(40,40)(50,50)(60,60)(70,70)(80,80)(90,90)(100,100)(110,110)(120,120)(130,130)(140,140)(150,150)(160,160)(170,170)
};
\addlegendentry{dial}

\addplot[color=green,mark=*] coordinates {
(10,0)(20,0)(30,0)(40,0)(50,0.03076923076923077)(60,0.03076923076923077)(70,0.03076923076923077)(80,0.03076923076923077)(90,0.05429864253393666)(100,0.05429864253393666)(110,0.05429864253393666)(120,0.05429864253393666)(130,0.05429864253393666)(140,0.05429864253393666)(150,0.023529411764705882)(160,0)(170,0)
};
\addlegendentry{Natural\_Neg}

\addplot[color=green,mark=*] coordinates {
(10,0)(20,0)(30,0.023529411764705882)(40,0.011764705882352941)(50,0.03076923076923077)(60,0.03076923076923077)(70,0.03076923076923077)(80,0.03076923076923077)(90,0.05429864253393666)(100,0.05429864253393666)(110,0.05429864253393666)(120,0.05429864253393666)(130,0.05429864253393666)(140,0.05429864253393666)(150,0.07652086475615887)(160,0.07652086475615887)(170,0.07652086475615887)
};
\addlegendentry{All\_together}

\addplot[color=green,mark=*] coordinates {
(10,0)(20,0)(30,0)(40,0)(50,0.03076923076923077)(60,0.03076923076923077)(70,0.046153846153846156)(80,0.046153846153846156)(90,0.05429864253393666)(100,0.05429864253393666)(110,0.05429864253393666)(120,0.05429864253393666)(130,0.05429864253393666)(140,0.05429864253393666)(150,0.07652086475615887)(160,0.07652086475615887)(170,0.07652086475615887)
};
\addlegendentry{Hungarian}

\addplot[color=green,mark=*] coordinates {
(10,0)(20,0)(30,0)(40,0)(50,0.03076923076923077)(60,0.03076923076923077)(70,0.03076923076923077)(80,0.03076923076923077)(90,0.05429864253393666)(100,0.05429864253393666)(110,0.05429864253393666)(120,0.05429864253393666)(130,0.05429864253393666)(140,0.05429864253393666)(150,0.0882855706385118)(160,0.0882855706385118)(170,0.0882855706385118)
};
\addlegendentry{Portuguese}

\addplot[color=green,mark=*] coordinates {
(10,0)(20,0)(30,0)(40,0)(50,0.03076923076923077)(60,0.03076923076923077)(70,0.03076923076923077)(80,0.03076923076923077)(90,0.05429864253393666)(100,0.05429864253393666)(110,0.05429864253393666)(120,0.05429864253393666)(130,0.05429864253393666)(140,0.05429864253393666)(150,0.0882855706385118)(160,0.0882855706385118)(170,0.0882855706385118)
};
\addlegendentry{Russian}

\addplot[color=green,mark=*] coordinates {
(10,0)(20,0)(30,0)(40,0)(50,0.03076923076923077)(60,0.03076923076923077)(70,0.03076923076923077)(80,0.03076923076923077)(90,0.05429864253393666)(100,0.05429864253393666)(110,0.05429864253393666)(120,0.05429864253393666)(130,0.05429864253393666)(140,0.05429864253393666)(150,0.0882855706385118)(160,0.0882855706385118)(170,0.0882855706385118)
};
\addlegendentry{Arabic}

\addplot[color=green,mark=*] coordinates {
(10,0)(20,0)(30,0)(40,0)(50,0.03076923076923077)(60,0.03076923076923077)(70,0.03076923076923077)(80,0.03076923076923077)(90,0.05429864253393666)(100,0.05429864253393666)(110,0.05429864253393666)(120,0.05429864253393666)(130,0.023529411764705882)(140,0)(150,0.011764705882352941)(160,0.011764705882352941)(170,0.011764705882352941)
};
\addlegendentry{Chinese}

