\addplot[color=green,mark=*] coordinates {
(20,20)(30,30)(40,40)(50,50)(60,60)(70,70)(80,80)(90,90)(100,100)
};
\addlegendentry{dial}

\addplot[color=green,mark=*] coordinates {
(20,0.1351082490765973)(30,0.15124168696093457)(40,0.1704944268169488)(50,0.1805011402461211)(60,0.17141787852299556)(70,0.18178337868125133)(80,0.19305555133235425)(90,0.17932866520470891)(100,0.17433131597914672)
};
\addlegendentry{Natural\_Neg}

\addplot[color=green,mark=*] coordinates {
(20,0.18100907230647256)(30,0.19210817200653024)(40,0.20093138513310294)(50,0.19536417483080792)(60,0.18316986648030265)(70,0.189222638115453)(80,0.20479147292437197)(90,0.197378753281184)(100,0.19912613883996153)
};
\addlegendentry{All\_together}

\addplot[color=green,mark=*] coordinates {
(20,0.1342440604256526)(30,0.1652421350989675)(40,0.1580367349068246)(50,0.16248432051343661)(60,0.15459738884288746)(70,0.1768488890612859)(80,0.186339812153078)(90,0.18300214105504292)(100,0.18928987458773822)
};
\addlegendentry{Hungarian}

\addplot[color=green,mark=*] coordinates {
(20,0.14817408051227213)(30,0.16773348692833281)(40,0.1804988098826672)(50,0.17174905537290902)(60,0.1706903288765514)(70,0.18601854810617816)(80,0.19835818351295373)(90,0.196963990760373)(100,0.1894815285575589)
};
\addlegendentry{French}

\addplot[color=green,mark=*] coordinates {
(20,0.156228480906505)(30,0.16799458592657662)(40,0.1692609605514293)(50,0.165107410478205)(60,0.1669686387984421)(70,0.1754929399789737)(80,0.201327814168355)(90,0.19860279069653564)(100,0.19026982190823982)
};
\addlegendentry{Portuguese}

\addplot[color=green,mark=*] coordinates {
(20,0.1725895220574017)(30,0.18316187217990437)(40,0.18005363060812318)(50,0.18428762740235388)(60,0.18151403771560748)(70,0.19981958758793633)(80,0.21571429584197488)(90,0.18754307926475178)(100,0.19012715664292357)
};
\addlegendentry{Russian}

\addplot[color=green,mark=*] coordinates {
(20,0.17466091445546866)(30,0.19165456327333102)(40,0.19097088853317934)(50,0.21122925367092735)(60,0.18332191288625116)(70,0.1896502614257566)(80,0.20941427538504492)(90,0.2058841899407816)(100,0.20632020487433828)
};
\addlegendentry{Chinese}

