size	dial	Natural_Neg	All_together	Hungarian	French	Portuguese	Russian	Arabic	German
10	10	0.04627661697209057	0.11350675700368003	0.06673750340168384	0.05522355913406268	0.06264417000968528	0.07686321000523978	0.04249078535928674	0.060310071993662694
20	20	0.20431591510081262	0.2475665555987673	0.20322751670826378	0.250493802649807	0.20196772387037482	0.1929217194941222	0.16408439724059604	0.2485099551800011
30	30	0.2760490524634923	0.3182765253260095	0.3056966117211708	0.3118749707700011	0.2643869113709846	0.2724104156747269	0.24716691379631603	0.29769516839585075
40	40	0.2731004413317152	0.3045425035565711	0.30137272195869513	0.27439452708251205	0.28161363735432465	0.2694024505453582	0.25398529048637963	0.2901085540859082
50	50	0.3468067816765286	0.40734270963305647	0.3815559918934083	0.3618059137409649	0.35827122015986373	0.3578938626237036	0.33759571518933335	0.3769071674114787
60	60	0.3895134799386666	0.4241393984891936	0.43927600746956424	0.4085169924338282	0.3888111861124405	0.3975760148914001	0.3876695421674605	0.4152081783346553
70	70	0.413070793811106	0.43395879402355364	0.4490960414624251	0.42535836473305844	0.404939449347627	0.4138139547894375	0.4027879596636903	0.43124715027507454
80	80	0.41528977611339046	0.4285218263318263	0.4537678111329445	0.4207893077275002	0.40787235348228174	0.4084213181198632	0.41254901035256014	0.45383563820694695
90	90	0.4372350965850516	0.43840299891024737	0.4618102371853262	0.438819225858096	0.4301616809076906	0.42790866977439423	0.4267105306163203	0.4712162501185868
100	100	0.44250896289637864	0.4283272547470718	0.464484886170658	0.43023095751000556	0.43021360298430256	0.4248678268157243	0.4457956972711286	0.463291144326689
110	110	0.4551240329188492	0.4537638369316202	0.47024129993870145	0.4424187051525322	0.445923716036104	0.42992945096376156	0.4420200205853277	0.4787556044326082
120	120	0.46565864201597806	0.4580824999092991	0.4741515815060414	0.45243985493676886	0.45528721217364454	0.44060180260220755	0.449627632930908	0.4854056558948394
130	130	0.49309508231549354	0.4806596325886116	0.4908443108114972	0.471546165802204	0.46777018445053936	0.45865120452575414	0.4726832100484951	0.5021476044418762
140	140	0.5031464593106677	0.4836326039966309	0.49851700909762026	0.4741171841997563	0.4653002597956436	0.46500478543605084	0.46889903950995554	0.5004106231084402
150	150	0.4825751233386284	0.4769840204510495	0.4904257645343093	0.4775083844529492	0.46049736456539686	0.4556615206737928	0.45184136094980304	0.49142901903677305
160	160	0.49571576984689286	0.48018152097808037	0.49920311948584056	0.477438702558605	0.4722436465808918	0.4573314907893402	0.4438794288242991	0.49966446361491323
170	170	0.48577969490667405	0.4766039885370853	0.4943443786123655	0.47356736192092896	0.46483362632848235	0.4584939762791909	0.4526176324714467	0.4938599286599616
180	180	0.48937679032214315	0.4768845694010329	0.49538552952186865	0.47653577677379655	0.465028743920179	0.46298837761009126	0.4569917253538841	0.49589871314944844
190	190	0.5131599848588	0.5007747044453877	0.51500182353005	0.49731080601095	0.4866982368868582	0.47701547385656085	0.4848443003421498	0.5143347120429271
200	200	0.5126585481808542	0.489013041204832	0.513984574282009	0.4883271075444863	0.47557422082103207	0.4669347952312771	0.4762354467518433	0.5145753521137111
210	210	0.5086673761367391	0.49343081276845135	0.5163048570414042	0.4960908147268772	0.47818891099186034	0.47269675253379384	0.48246907344428747	0.5145944619967028
220	220	0.5084513310037718	0.48870538757513565	0.5193709122132439	0.4903020516286526	0.4787364623623076	0.4742771729250953	0.4752454630745036	0.5187001875592426
230	230	0.52668635261433	0.49713002990976485	0.5245058528382162	0.5061268452479619	0.491116553774589	0.4837353696297573	0.4901719393549938	0.5321677325015248
240	240	0.5390125856550161	0.49999469230025273	0.5342057591621352	0.5069261669782137	0.5036650810807102	0.4944923615859443	0.5014739276391789	0.5430074817061885
250	250	0.5376904788084731	0.5106042523345257	0.5381144491171242	0.5093408700881263	0.5056387307083812	0.4938007418910031	0.5117760011093837	0.5516610484222504
260	260	0.535697086831066	0.5121279385699729	0.5378442245762416	0.5058606402613602	0.5095034429856404	0.5016908265617289	0.5134173817941509	0.5481802830686601
270	270	0.5391450503470082	0.5096054601945788	0.5361719635046093	0.5092869990232247	0.5061488617188298	0.5099679339237133	0.5120954867377743	0.5485304606565703
280	280	0.5556138945519392	0.5187905211807373	0.5410491881419855	0.5228847196602374	0.5173227351760306	0.5098774081711059	0.5134095443165589	0.5574513994652917
290	290	0.547237300660525	0.5217562139913013	0.5481811835503392	0.5312859302027413	0.5255693079240419	0.517133947441416	0.5165539508899574	0.5550079373873587
300	300	0.5568003210916043	0.523675046271718	0.5537222016927843	0.5395017513017548	0.533049840540638	0.5214412668423096	0.5247323712126335	0.5664573180038238
310	310	0.5604258590759461	0.5265773929646184	0.5628320376809217	0.5489273561020882	0.5375464777867772	0.5214399358989431	0.514855457703321	0.5706541023792197
320	320	0.5663894080481573	0.5276703694840201	0.5645275184123396	0.5483959472865928	0.5394101584570186	0.5248015921837601	0.5175217080907494	0.5716353153158821
330	330	0.5677758088187016	0.5193068810335658	0.5609502306183186	0.545840168771495	0.537044920933224	0.5227760081666303	0.5092624040563528	0.5695156691379765
340	340	0.5726892774914865	0.5206420850561317	0.5580372031791674	0.5503788255858256	0.53486022786906	0.5267862404511101	0.5121596060077558	0.5684204861595953
350	350	0.5699566231930959	0.521758619677568	0.559562056288166	0.5525870567269238	0.5433320095737348	0.5271634122054806	0.5126133206879135	0.5673819774145243