size	dial	Natural_Neg	All_together	Hungarian	Portuguese	Russian	Arabic	Chinese
10	10	0.003389830508474576	0.13407076613824295	0.0067460317460317455	0.003389830508474576	0.00656443368307775	0.07109913147648997	0.013922518159806297
20	20	0.02997713209577616	0.42696864482921415	0.18224374495560935	0.06222087705138553	0.12485203120796343	0.10699679189445739	0.18993812214151198
30	30	0.11308178638687112	0.4731345272359023	0.3351291364003229	0.13638014527845038	0.2519572235673931	0.2780091217811077	0.2749596448748991
40	40	0.11553319484689309	0.4731345272359023	0.3565577078288943	0.12325127791229487	0.27691653766257823	0.2850001510352656	0.2787126715092817
50	50	0.10419979976801316	0.4920190219555347	0.3524007991637889	0.1541966022307784	0.27916517815795394	0.287511761403225	0.31776419375752524
60	60	0.09074885281850528	0.4228074193848229	0.3385119102749	0.12761678791511502	0.2914331361886238	0.3012415140440745	0.30503466696224646
70	70	0.12269894444240567	0.4615330612035672	0.4026628536711264	0.22086301509162679	0.32897431618263406	0.341135600876121	0.37037418300531216
80	80	0.17541756050002574	0.49468670001758336	0.43662511782206986	0.2512183178565874	0.3748432457819762	0.39141955965772335	0.46390033095446553
90	90	0.22758383684662994	0.5370169107904171	0.48302165354740234	0.30714467747147156	0.4138037536798723	0.4242064449036249	0.4795125821529906
100	100	0.2640016202797007	0.5962219589298915	0.537152540875011	0.42450937879070433	0.4424011432579064	0.4788521752531672	0.5212962241766103
110	110	0.3379811939874483	0.6069362446441773	0.5373546972092427	0.4805744245618791	0.4982201492527999	0.5206402880038639	0.5418373635616895
120	120	0.3603481874644724	0.590666403374336	0.5510489170355382	0.4770935797030572	0.5020404344290172	0.5295726030682543	0.5297244309569535
130	130	0.391926734415345	0.5738761353545596	0.537537337540352	0.5000134662709959	0.5145848639696511	0.5342445357479669	0.5357418652530764
140	140	0.4243227378973944	0.5778383749570715	0.5343627343657489	0.4977702285109478	0.535865466606186	0.5670200038927987	0.536737672380959
150	150	0.4010721215445274	0.5780465456570455	0.49888908569241674	0.4850452431755151	0.5261264297485051	0.5636301733843242	0.5294701716168371
160	160	0.41349731019922426	0.5910572144054191	0.518254975155739	0.4880311916532669	0.518983572605648	0.5801347579911594	0.5236364199199788
170	170	0.4060617130095287	0.5939320208992864	0.5573064974039825	0.4943868430059563	0.5321893410543559	0.5759778493260541	0.5533262147042443