\addplot[color=green,mark=*] coordinates {
(20,20)(30,30)(40,40)(50,50)(60,60)(70,70)(80,80)(90,90)(100,100)(110,110)(120,120)
};
\addlegendentry{dial}

\addplot[color=green,mark=*] coordinates {
(20,0.4291471504829449)(30,0.48042780486118086)(40,0.504318848445386)(50,0.5159386691610381)(60,0.5851828548141584)(70,0.6197869567123964)(80,0.605791625937205)(90,0.6237249493733816)(100,0.6509050663943337)(110,0.663356312188881)(120,0.6805080370415034)
};
\addlegendentry{Natural\_Neg}

\addplot[color=green,mark=*] coordinates {
(20,0.457116811952275)(30,0.489894275857753)(40,0.5246080124256997)(50,0.5578959098273715)(60,0.6280548838604127)(70,0.6257679024344449)(80,0.6365127178024134)(90,0.6428381394212315)(100,0.6476128508974275)(110,0.6530585318756783)(120,0.6695328605282637)
};
\addlegendentry{All\_together}

\addplot[color=green,mark=*] coordinates {
(20,0.43683264862345617)(30,0.4709826654525845)(40,0.5343321342056765)(50,0.5738288580579762)(60,0.6549549617828513)(70,0.665860000418649)(80,0.6430664521717037)(90,0.6627729859340553)(100,0.6668613055421229)(110,0.6759020232388212)(120,0.6944406846005454)
};
\addlegendentry{Hungarian}

\addplot[color=green,mark=*] coordinates {
(20,0.4329108617587153)(30,0.46895789791715475)(40,0.5065406120407914)(50,0.5144879339272862)(60,0.5953505027901898)(70,0.5963641786759301)(80,0.6012039710826612)(90,0.624710385266191)(100,0.6295327094548331)(110,0.646906185375691)(120,0.6571438185001837)
};
\addlegendentry{French}

\addplot[color=green,mark=*] coordinates {
(20,0.4495616654935575)(30,0.5088668479648295)(40,0.4978395094184518)(50,0.5563334660087559)(60,0.6094913892300536)(70,0.60839736258136)(80,0.6092195994663322)(90,0.6363097712109475)(100,0.6516401060334301)(110,0.6596520142059707)(120,0.6734214384318478)
};
\addlegendentry{Portuguese}

\addplot[color=green,mark=*] coordinates {
(20,0.4614920446390349)(30,0.49817458661072767)(40,0.522069986777861)(50,0.560230457744207)(60,0.6088177571488793)(70,0.5909609773280062)(80,0.5893576759754579)(90,0.6351338987549741)(100,0.6441800878986468)(110,0.6601027708136135)(120,0.6725703711331512)
};
\addlegendentry{Russian}

\addplot[color=green,mark=*] coordinates {
(20,0.4297684347439169)(30,0.47515675520284006)(40,0.516376609277154)(50,0.5152209926976712)(60,0.573405558880061)(70,0.608998821032093)(80,0.6164072521183684)(90,0.6369386396433848)(100,0.6485187763014808)(110,0.6455543834260481)(120,0.6538544276019224)
};
\addlegendentry{Arabic}

