size	dial	Natural_Neg	All_together	Hungarian	French	Portuguese	Russian	Chinese
30	30	0.06600784901887265	0.1177482314710661	0.07164604424446944	0.08821817272840896	0.08821807274090739	0.09223652043494564	0.09857977752780903
40	40	0.09931043619547557	0.13192185976752907	0.08983822022247219	0.1176472440944882	0.09226301712285964	0.12016102987126609	0.12159665041869765
50	50	0.13243784526934133	0.1507440069991251	0.11746611673540808	0.13720629921259841	0.11749081364829397	0.14758150231221095	0.15623607049118862
60	60	0.12772048493938257	0.139657792775903	0.11588506436695412	0.13481294838145233	0.11746571678540181	0.14520679915010623	0.14514370703662044
70	70	0.15005044369453818	0.15866116735408076	0.15308636420447447	0.15078130233720785	0.14210738657667793	0.16112425946756653	0.1635180102487189
80	80	0.16102367204099485	0.1665097862767154	0.16813538307711534	0.16739212598425196	0.16902962129733784	0.18004669416322958	0.18965919260092487
90	90	0.14985561804774403	0.17284024496937883	0.17840929883764528	0.17519690038745156	0.1689729783777028	0.1641978752655918	0.1816469941257343
100	100	0.15066226721659792	0.17995215598050246	0.18868361454818147	0.17760959880014998	0.17602844644419446	0.17839005124359453	0.18720284964379455
110	110	0.16259907511561053	0.18622607174103237	0.17677835270591175	0.1911151606049244	0.1735906511686039	0.18237110361204847	0.17047874015748032
120	120	0.18100442444694415	0.19506356705411823	0.19112110986126735	0.2071331083614548	0.19512050993625796	0.20141932258467693	0.1896402449693788
130	130	0.207379327584052	0.21828271466066745	0.21600304961879763	0.23184511936008004	0.2310448193975753	0.2302508686414198	0.2040843894513186
140	140	0.2120971878515186	0.2207012623422072	0.21202804649418824	0.2270638670166229	0.23179412573428318	0.23028231471066113	0.2080715910511186
150	150	0.2310326209223847	0.24687449068866396	0.22863252093488318	0.23971893513310838	0.24836090488688917	0.24048668916385454	0.2198509686289214
160	160	0.236556930383702	0.2603356080489939	0.2262641669791276	0.2572306461692288	0.2634538682664667	0.2540239970003749	0.2271140607424072
170	170	0.23833995750531184	0.2724240969878765	0.2375084114485689	0.26464461942257217	0.28747271591051116	0.28439860017497814	0.2424399450068741
180	180	0.23432705911761031	0.2812804399450069	0.23753965754280718	0.2694065241844769	0.28509771278590174	0.27881129858767656	0.24796415448068992
190	190	0.23360909886264217	0.272505536807899	0.23202199725034367	0.27016882889638794	0.2764302462192226	0.26928708911386073	0.23443369578802647
200	200	0.22250988626421692	0.25421892263467066	0.22005979252593427	0.2503388576427946	0.25018787651543556	0.2589060367454068	0.2328962879640045
210	210	0.2137164354455693	0.2581813273340833	0.2113227846519185	0.24794530683664542	0.2581060367454068	0.253312385951756	0.2233153355830521
220	220	0.20664241969753783	0.262105536807899	0.2097357830271216	0.24158955130608675	0.24935008123984498	0.2548494938132734	0.23202099737532808
230	230	0.19313745781777278	0.23745096862892137	0.20251068616422946	0.23518360204974376	0.24060087489063867	0.23348916385451818	0.21528438945131856
240	240	0.1883941007374078	0.23739402574678162	0.20007289088863894	0.2319270591176103	0.24376287964004498	0.2222954130733658	0.2041284339457568
250	250	0.18991206099237593	0.23176902887139103	0.20244134483189602	0.23265771778527683	0.24533768278965132	0.21515205599300086	0.20249718785151857