size	dial	Natural_Neg	_All_together	_Hungarian	_Portuguese	_Russian	_Arabic
10	10	0.008695652173913044	0.004347826086956522	0.008695652173913044	0.008695652173913044	0.004395604395604396	0.004395604395604396
20	20	0.07273626102002143	0.0928701864985553	0.061911551177792325	0.06961992809450436	0.0838345381207374	0.06686166797460227
30	30	0.08052545155993432	0.11864060098180196	0.0834089794806524	0.11445296898379145	0.11799882222417435	0.06513284421967377
40	40	0.09749727582691833	0.13948200967133842	0.0927523027651389	0.12331220315046462	0.13417969922759904	0.08612391193036353
50	50	0.10025554452168157	0.1558648516521727	0.09624803462099692	0.1177473661344629	0.13419103313840158	0.0936138671575395
60	60	0.09243865114499646	0.1453536401962189	0.11091830832033049	0.1421404663866558	0.14651235786161143	0.10921916666385001
70	70	0.11601057965301938	0.1530678459382641	0.11786486912425746	0.14449363608266869	0.16269931286616046	0.10798946620743262
80	80	0.1216114821214527	0.16624954624954627	0.1557275306583711	0.13524292242863076	0.1628938753687905	0.12789791626069252
90	90	0.12487597937725817	0.18051991369952175	0.14011152507596175	0.149574887587058	0.1622370165761513	0.13494397759103643
100	100	0.12323775268870944	0.16165644584498223	0.12688287660859238	0.12793530840995052	0.1437037705780297	0.11857340372046254
110	110	0.11205805465592127	0.14701738302321954	0.1440075285763847	0.1299626017355648	0.1396904391719945	0.10732828175376005
120	120	0.11138579016014125	0.14140914806191757	0.13223719390304847	0.13248455113730256	0.13944919965519278	0.10998946494118907
130	130	0.11072436879890295	0.14316922410264882	0.11588258610195093	0.13831120076738052	0.1341189783173171	0.11354896511944154
140	140	0.11954487617645512	0.14645051414352156	0.12577789578626214	0.13945645858076935	0.1487554410801283	0.11890662948289014
150	150	0.11457268292719511	0.15983819408011107	0.1409972576850051	0.15068923746647583	0.16425610047664757	0.1308907951082652
160	160	0.14152444937335962	0.16474146768264414	0.15248407694309332	0.17930102466493295	0.17529104504500986	0.14713657967895255
170	170	0.13392610740333982	0.16036321243100904	0.13886591759590433	0.1707642355406906	0.16595297713916418	0.14877407196211412
180	180	0.13048285351648223	0.15411170936504653	0.14535381957747012	0.17104601104601108	0.16407883926889014	0.14702526714234446
190	190	0.1360752338181742	0.15493981185037708	0.147724995170482	0.18106578449663097	0.16881429515757876	0.1648582826551095