size	dial	Natural_Neg	All_together	Hungarian	French	Portuguese	Russian	Arabic
30	30	0.2789321015305193	0.3100153973498983	0.3037960866502589	0.2922720224791359	0.34009810943565766	0.29009810943565767	0.29933084600854765
40	40	0.47219371813247707	0.5262076371389093	0.5216807829189605	0.537509659924308	0.5645492300268973	0.5057902923353753	0.524033724095431
50	50	0.5615554202601366	0.6173266495407752	0.615152736497297	0.6332543407753719	0.6219895186409845	0.5951519944630348	0.6128800092245699
60	60	0.5637293333036149	0.6149737083643046	0.6128800092245699	0.6015349731864391	0.6015349731864391	0.5951519944630348	0.6083345546791151
70	70	0.5289646818371079	0.6195993768135025	0.5271472948571245	0.5948991503179658	0.5184946559359433	0.5026999125066568	0.5229412962521488
80	80	0.5609783896833782	0.6259823555369067	0.612123950514819	0.6125436203590412	0.6125436203590412	0.5967488769297546	0.6169902606752468
90	90	0.550663866094109	0.6411997468412546	0.6227958872737122	0.627761011663389	0.627761011663389	0.6119662682341025	0.6322076519795945
100	100	0.536080975781169	0.6486968405403943	0.639285075834512	0.6418786587222125	0.6418786587222125	0.626083915292926	0.6354956799988083
110	110	0.496080975781169	0.6688704871185354	0.6530757436892487	0.666597759845808	0.666597759845808	0.6508030164165215	0.6602147811224038
120	120	0.4874252697850374	0.690609617553318	0.6530757436892487	0.6883368902805906	0.666597759845808	0.6725421468513041	0.6819539115571864