\addplot[color=green,mark=*] coordinates {
(20,20)(30,30)(40,40)(50,50)(60,60)(70,70)(80,80)(90,90)(100,100)(110,110)(120,120)(130,130)(140,140)(150,150)(160,160)(170,170)
};
\addlegendentry{dial}

\addplot[color=green,mark=*] coordinates {
(20,0)(30,0)(40,0)(50,0.04)(60,0.04)(70,0.04)(80,0.08)(90,0.08)(100,0.04)(110,0.04)(120,0.04)(130,0.04)(140,0.04)(150,0.04)(160,0.04)(170,0.04)
};
\addlegendentry{Natural\_Neg}

\addplot[color=green,mark=*] coordinates {
(20,0)(30,0)(40,0)(50,0.04)(60,0.04)(70,0.04)(80,0.08)(90,0.09904761904761905)(100,0.07238095238095238)(110,0.1457142857142857)(120,0.15904761904761905)(130,0.15904761904761905)(140,0.15904761904761905)(150,0.18571428571428572)(160,0.18571428571428572)(170,0.17619047619047618)
};
\addlegendentry{All\_together}

\addplot[color=green,mark=*] coordinates {
(20,0)(30,0)(40,0)(50,0.04)(60,0.04)(70,0.04)(80,0.06666666666666667)(90,0.06285714285714286)(100,0.06285714285714286)(110,0.08285714285714285)(120,0.10952380952380954)(130,0.10952380952380954)(140,0.1361904761904762)(150,0.12666666666666665)(160,0.12666666666666665)(170,0.12666666666666665)
};
\addlegendentry{Hungarian}

\addplot[color=green,mark=*] coordinates {
(20,0)(30,0)(40,0)(50,0.05333333333333333)(60,0.05333333333333333)(70,0.05333333333333333)(80,0.06666666666666667)(90,0.07619047619047618)(100,0.07619047619047618)(110,0.09619047619047619)(120,0.12285714285714286)(130,0.12285714285714286)(140,0.12285714285714286)(150,0.12285714285714286)(160,0.10952380952380954)(170,0.10952380952380954)
};
\addlegendentry{French}

\addplot[color=green,mark=*] coordinates {
(20,0)(30,0)(40,0)(50,0.04)(60,0.06666666666666667)(70,0.05333333333333333)(80,0.06666666666666667)(90,0.06285714285714286)(100,0.06285714285714286)(110,0.12285714285714286)(120,0.14952380952380953)(130,0.08952380952380953)(140,0.08952380952380953)(150,0.11619047619047618)(160,0.11619047619047618)(170,0.11619047619047618)
};
\addlegendentry{Portuguese}

\addplot[color=green,mark=*] coordinates {
(20,0)(30,0)(40,0)(50,0.04)(60,0.04)(70,0.04)(80,0.06666666666666667)(90,0.06285714285714286)(100,0.06285714285714286)(110,0.08285714285714285)(120,0.08952380952380953)(130,0.08952380952380953)(140,0.08952380952380953)(150,0.08952380952380953)(160,0.08952380952380953)(170,0.08952380952380953)
};
\addlegendentry{Russian}

\addplot[color=green,mark=*] coordinates {
(20,0)(30,0)(40,0)(50,0.04)(60,0.04)(70,0.04)(80,0.08)(90,0.08952380952380953)(100,0.08952380952380953)(110,0.10952380952380954)(120,0.11619047619047618)(130,0.11619047619047618)(140,0.11619047619047618)(150,0.11619047619047618)(160,0.049523809523809526)(170,0.049523809523809526)
};
\addlegendentry{Arabic}

