size	dial	Natural_Neg	All_together	Hungarian	French	Portuguese	Russian	Arabic	German
20	20	null	null	null	null	null	null	null	null
40	40	null	null	null	null	null	null	null	null
60	60	0.7780830280830281	0.7471009253903992	0.6849040691545435	0.7733640755379886	0.7217241379310345	0.783992673992674	0.80408733923677	0.7973586986490213
80	80	0.780064935064935	0.7352743218961239	0.7878477173774122	0.7530260047281323	0.7545390835579515	0.7797300396080884	0.8085805647122732	0.7832513588167156
100	100	0.799366575453532	0.7069582299421009	0.7892553475935828	0.7460696542850082	0.758162590098074	0.7807059796623363	0.816399018232819	0.7978069626850115
120	120	0.7857147067491896	0.7060976819877749	0.751213282247765	0.7282765433921409	0.7617313843078461	0.7403846033972261	0.77952082494777	0.7444212951443951
140	140	0.7887301587301586	0.7082802179778664	0.7532953072336012	0.7174353274490575	0.735475768321513	0.7382386992852108	0.7877988094508745	0.7421764705882353
160	160	0.7797192443279399	0.6997684814874064	0.7323659914565248	0.7114289369456868	0.7385773716156312	0.7362449860113932	0.788405490799424	0.7466450216450216
180	180	0.7755189255189255	0.7097713981924507	0.7312045000316522	0.7093386243386244	0.719990934629546	0.7274611617696725	0.7635156530461409	0.7536259293074214
200	200	0.776017316017316	0.7035985289161333	0.7776856763925729	0.7117919827384245	0.739913844325609	0.743220242970243	0.7663690476190477	0.7462937062937064
220	220	0.7736363636363637	0.7198079813704172	0.7792669340463458	0.7195868945868946	0.7344019508713495	0.7443002762184798	0.7713427991886409	0.7618403987611304
240	240	0.7640583554376659	0.7135451093205705	0.7861013789005675	0.7673460702081392	0.7656607376607377	0.7713505747126437	0.7822058823529412	0.7567479909096898