size	dial	Natural_Neg	All_together	Hungarian	Portuguese	Russian	Arabic
10	10	0.029411764705882353	0.03235294117647059	0.03235294117647059	0.029411764705882353	0.029411764705882353	0.029411764705882353
20	20	0.029411764705882353	0.03235294117647059	0.03235294117647059	0.029411764705882353	0.029411764705882353	0.029411764705882353
30	30	0.040222575516693164	0.06544057426410368	0.07084597966950909	0.061844197138314794	0.06790480319892085	0.040222575516693164
40	40	0.08726263555984919	0.12951359103061888	0.11708859154679589	0.12091634274296814	0.11476661012264726	0.09020381203043741
50	50	0.12059596889318251	0.15441121592824375	0.15345222791043225	0.14581396764059304	0.1480999434559806	0.12353714536377076
60	60	0.12968687798409162	0.16367528519231306	0.16557344003164437	0.15490487673150213	0.1349140302700674	0.13262805445467984
70	70	0.13271718101439461	0.15556717708420492	0.16557344003164437	0.15793517976180516	0.14400493936097652	0.13565835748498287
80	80	0.17863792693514055	0.20955730460374422	0.21415816214577826	0.20073649609253325	0.18452027987631703	0.18452027987631703
90	90	0.18253299847727095	0.2323712950647935	0.22592286802813116	0.21544237844547443	0.20463156763466359	0.1992261622292582
100	100	0.21366852961280208	0.2661908088843073	0.262772684877948	0.2494350524381484	0.23576709877019475	0.2244793404236129
110	110	0.18812740407167652	0.26316050585400425	0.265802987908251	0.2495241789978632	0.23282592229960652	0.22750964345391594
120	120	0.18812740407167652	0.25154514717982207	0.2655645141403655	0.24658300252727497	0.24666703614072033	0.22456846698332766
130	130	0.15735817330244575	0.25154514717982207	0.2601591087349601	0.24658300252727497	0.2333919963950924	0.22750964345391594
140	140	0.15735817330244575	0.24613974177441666	0.24664559522144663	0.2384748944191669	0.2333919963950924	0.22456846698332772
150	150	0.17964919497427237	0.2684307634462433	0.2658539101263559	0.26076591609099353	0.255683018066919	0.24685948865515428
160	160	0.17964919497427237	0.3062686012840811	0.2905265584832148	0.30130645663153405	0.2881154504993514	0.2792919210875867
170	170	0.22328301213750126	0.33098797306227645	0.31130323278930094	0.3193991482536374	0.309149318592043	0.2973846127096901
180	180	0.22065143319013286	0.33098797306227645	0.31130323278930094	0.3165420053964946	0.309149318592043	0.2973846127096901
190	190	0.2088867273077799	0.33098797306227645	0.31130323278930094	0.3165420053964946	0.309149318592043	0.3003257891802783
200	200	0.18887077834446253	0.33098797306227645	0.31424440925988917	0.30596966835356926	0.309149318592043	0.3003257891802783
210	210	0.18887077834446253	0.32585976793407134	0.31424440925988917	0.30596966835356926	0.309149318592043	0.3003257891802783
220	220	0.2115183062551483	0.36115388558113015	0.35247970337753615	0.3412637860006281	0.3444434362391019	0.33856108329792545
230	230	0.2115183062551483	0.36115388558113015	0.35247970337753615	0.34420496247121635	0.31495218027725763	0.34150225976851367
240	240	0.2115183062551483	0.36115388558113015	0.35247970337753615	0.34420496247121635	0.31495218027725763	0.34150225976851367