\addplot[color=green,mark=*] coordinates {
(10,10)(20,20)(30,30)(40,40)(50,50)(60,60)(70,70)(80,80)(90,90)(100,100)(110,110)(120,120)(130,130)(140,140)(150,150)(160,160)(170,170)(180,180)(190,190)(200,200)(210,210)
};
\addlegendentry{dial}

\addplot[color=green,mark=*] coordinates {
(10,0.2211874272409779)(20,0.250291036088475)(30,0.2579743888242142)(40,0.3224679860302678)(50,0.33876600698486614)(60,0.36717112922002326)(70,0.37671711292200233)(80,0.38090803259604195)(90,0.3813736903376018)(100,0.37345750873108263)(110,0.38603026775320143)(120,0.38719441210710126)(130,0.389988358556461)(140,0.40884749708963913)(150,0.4176949941792783)(160,0.4235157159487777)(170,0.42654249126891736)(180,0.4379511059371362)(190,0.44516880093131544)(200,0.4374854481955762)(210,0.4407450523864959)
};
\addlegendentry{Natural\_Neg}

\addplot[color=green,mark=*] coordinates {
(10,0.24307334109429565)(20,0.28428405122235156)(30,0.30104772991850987)(40,0.36973224679860306)(50,0.38486612339930154)(60,0.4051222351571595)(70,0.4174621653084983)(80,0.44493597206053553)(90,0.43236321303841674)(100,null)(110,null)(120,null)(130,null)(140,null)(150,null)(160,null)(170,null)(180,null)(190,null)(200,null)(210,null)
};
\addlegendentry{All\_together}

\addplot[color=green,mark=*] coordinates {
(10,0.2267753201396973)(20,0.26658905704307334)(30,0.2777648428405123)(40,0.3422584400465658)(50,0.360651920838184)(60,0.38020954598370194)(70,0.4041909196740396)(80,0.41885913853317813)(90,0.4111757857974389)(100,0.4253783469150174)(110,0.429336437718277)(120,0.4374854481955762)(130,0.44330616996507566)(140,0.45098952270081494)(150,0.4474970896391152)(160,0.45192083818393486)(170,0.46123399301513385)(180,0.4651920838183935)(190,0.4752037252619325)(200,0.4742724097788126)(210,0.4884749708963912)
};
\addlegendentry{Hungarian}

\addplot[color=green,mark=*] coordinates {
(10,0.22910360884749706)(20,0.2519208381839348)(30,0.2747380675203725)(40,0.3611175785797439)(50,0.3736903376018626)(60,0.3855646100116415)(70,0.39837019790454015)(80,0.41001164144353897)(90,0.4093131548311991)(100,0.4211874272409778)(110,0.430267753201397)(120,0.4295692665890571)(130,0.4337601862630966)(140,0.4575087310826542)(150,0.46426076833527363)(160,0.4633294528521536)(170,0.47473806752037256)(180,0.4821885913853318)(190,0.49592549476135045)(200,0.4952270081490105)(210,0.49988358556461004)
};
\addlegendentry{Portuguese}

\addplot[color=green,mark=*] coordinates {
(10,0.22887077997671712)(20,0.2647264260768335)(30,0.280093131548312)(40,0.3431897555296857)(50,0.35739231664726423)(60,0.3708963911525029)(70,0.39441210710128055)(80,0.41676367869615827)(90,0.4153667054714784)(100,0.42328288707799766)(110,0.4274738067520373)(120,0.440046565774156)(130,0.44842840512223514)(140,0.4572759022118743)(150,0.4703143189755529)(160,0.46542491268917346)(170,0.4742724097788126)(180,0.47729918509895225)(190,0.4842840512223516)(200,0.4835855646100116)(210,0.4952270081490105)
};
\addlegendentry{Russian}

\addplot[color=green,mark=*] coordinates {
(10,0.2139697322467986)(20,0.2672875436554133)(30,0.2589057043073341)(40,0.3287543655413271)(50,0.34970896391152506)(60,0.37997671711292197)(70,0.410710128055879)(80,0.42584400465657746)(90,0.420721769499418)(100,0.43515715948777645)(110,0.43864959254947616)(120,0.420721769499418)(130,0.4430733410942957)(140,0.4575087310826542)(150,0.45937136204889406)(160,0.4640279394644936)(170,0.45238649592549474)(180,0.46798603026775326)(190,0.4789289871944121)(200,0.47450523864959254)(210,0.4828870779976717)
};
\addlegendentry{Arabic}

