\addplot[color=green,mark=*] coordinates {
(10,10)(20,20)(30,30)(40,40)(50,50)(60,60)(70,70)(80,80)(90,90)(100,100)(110,110)(120,120)(130,130)(140,140)(150,150)(160,160)(170,170)(180,180)(190,190)(200,200)(210,210)(220,220)(230,230)(240,240)(250,250)(260,260)(270,270)(280,280)(290,290)(300,300)(310,310)(320,320)(330,330)(340,340)(350,350)
};
\addlegendentry{dial}

\addplot[color=green,mark=*] coordinates {
(10,0)(20,0)(30,0.05819845179451091)(40,0.06952783715958732)(50,0.06371343592739634)(60,0.07771343592739635)(70,0.08980431001287958)(80,0.11615317408681106)(90,0.10777562306640287)(100,0.12139229615073095)(110,0.15369418294318377)(120,0.15165336661665316)(130,0.16167986934526574)(140,0.15383328243463942)(150,0.15238500657257048)(160,0.1544070811148142)(170,0.15662136682909988)(180,0.1736927622057281)(190,0.17923286245635467)(200,0.17437712705874736)(210,0.18260354215308697)(220,0.18669380545424347)(230,0.18480701300141328)(240,0.18480701300141328)(250,0.2069695622316317)(260,0.2319695622316317)(270,0.2669555452904032)(280,0.265169831004689)(290,0.27825360233467766)(300,0.32248395584648953)(310,0.30389764843375283)(320,0.29997003965439206)(330,0.31637820291969815)(340,0.32203858027818877)(350,0.33200515311421974)
};
\addlegendentry{Natural\_Neg}

\addplot[color=green,mark=*] coordinates {
(10,0.007547169811320755)(20,0.03962264150943396)(30,0.12822288316758063)(40,0.2018775775762484)(50,0.20769197880843943)(60,0.20738393106103858)(70,0.22027081645930982)(80,0.22904552998818267)(90,0.2899840465789439)(100,0.29835311964733846)(110,0.2911312588796091)(120,0.29129391340140487)(130,0.296800266886195)(140,0.2862927847781923)(150,0.27907092401046296)(160,0.27907092401046296)(170,0.2807950619414975)(180,0.3128705336396107)(190,0.3374319371483826)(200,0.3223375975257411)(210,0.3205832115608288)(220,0.34904775287507733)(230,0.3544130692238543)(240,0.3562998616766845)(250,0.41594898448370204)(260,0.41594898448370204)(270,0.503668282729316)(280,0.4984353728684569)(290,0.5160094805514576)(300,0.5175795946087917)(310,0.5155906437019214)(320,0.5174774361547516)(330,0.5215590688078129)(340,0.5195182524812821)(350,0.5746322209207912)
};
\addlegendentry{All\_together}

\addplot[color=green,mark=*] coordinates {
(10,0.0018867924528301887)(20,0.0037735849056603774)(30,0.09537729210096531)(40,0.11695391233917118)(50,0.13959542177313347)(60,0.1981471459110645)(70,0.22436107976046632)(80,0.22263694182943183)(90,0.27588289538326716)(100,0.276362228300559)(110,0.2592443336475775)(120,0.25547937939001236)(130,0.25752019571654294)(140,0.2518684490061477)(150,0.25407191985447397)(160,0.2520311035279434)(170,0.25769148088643395)(180,0.290075000331948)(190,0.2954705647146028)(200,0.27865208716092676)(210,0.27881474168272247)(220,0.3033516742176102)(230,0.3071252591232706)(240,0.3071252591232706)(250,0.3217634555996833)(260,0.3236502480525135)(270,0.38101535894294714)(280,0.37195699875676735)(290,0.4562999315604747)(300,0.4599929753978776)(310,0.47363947430151737)(320,0.47363947430151737)(330,0.47772110695457853)(340,0.47756708308087814)(350,0.5156607720854324)
};
\addlegendentry{Hungarian}

\addplot[color=green,mark=*] coordinates {
(10,0.0037735849056603774)(20,0.0037735849056603774)(30,0.1088756257219869)(40,0.15054771420604676)(50,0.13545337458340526)(60,0.16956658213057507)(70,0.16645853969434227)(80,0.17445853969434227)(90,0.17237690704128106)(100,0.21577313345637536)(110,0.23127948694116554)(120,0.22644669578957152)(130,0.23961342663285223)(140,0.23599386560089225)(150,0.23599386560089225)(160,0.23952579235988472)(170,0.23371139112769374)(180,0.256352900561656)(190,0.2581072865265683)(200,0.24603832100932693)(210,0.24603832100932693)(220,0.2498119059149873)(230,0.23945844768068514)(240,0.23773430974965062)(250,0.29835461050153034)(260,0.29835461050153034)(270,0.3450408842302802)(280,0.3434189047532858)(290,0.4014546787314043)(300,0.4365423980296499)(310,0.4377671580428905)(320,0.43368552538982924)(330,0.43748072768127216)(340,0.43820761227820926)(350,0.4566353512487023)
};
\addlegendentry{French}

\addplot[color=green,mark=*] coordinates {
(10,0.0037735849056603774)(20,0.0037735849056603774)(30,0.06260539349116354)(40,0.08712506472986073)(50,0.07737442407021364)(60,0.10137442407021365)(70,0.10726647457942189)(80,0.14526647457942188)(90,0.13398024245482185)(100,0.1621689217001049)(110,0.16220049659421348)(120,0.15481598130468843)(130,0.16205510336860834)(140,0.16205510336860834)(150,0.1526211411044574)(160,0.15807936212871615)(170,0.15807936212871615)(180,0.1826076640155086)(190,0.2087910470012749)(200,0.2069042545484447)(210,0.20862839247947917)(220,0.22198996352299094)(230,0.21848119159316637)(240,0.2165943991403362)(250,0.28135898918688107)(260,0.2794721967340509)(270,0.3237506827063942)(280,0.3237506827063942)(290,0.3638036453015614)(300,0.39875895811188905)(310,0.3948313493325283)(320,0.3986265516239712)(330,0.40474900060356295)(340,0.4088306332566242)(350,0.44178318185903354)
};
\addlegendentry{Portuguese}

\addplot[color=green,mark=*] coordinates {
(10,0.0037735849056603774)(20,0.0037735849056603774)(30,0.060731878958479944)(40,0.07959980348678183)(50,0.07722504746856454)(60,0.116949185399599)(70,0.14683781020540942)(80,0.15476884468816804)(90,0.14635047734122927)(100,0.18035355781870327)(110,0.19194154395655466)(120,0.19015582967084038)(130,0.214376083810232)(140,0.21626287626306215)(150,0.21641690013676262)(160,0.22310249890457162)(170,0.2191748901252108)(180,0.24385721588570367)(190,0.24357078552408534)(200,0.24341676165038492)(210,0.24341676165038492)(220,0.2415299691975547)(230,0.24341676165038492)(240,0.2452024759360992)(250,0.29692553358020946)(260,0.29692553358020946)(270,0.36846827182744485)(280,0.3702226577923571)(290,0.4078592019830224)(300,0.4499644651409171)(310,0.4567171960247305)(320,0.4548304035719003)(330,0.4548304035719003)(340,0.46079882867779165)(350,0.4988340723287517)
};
\addlegendentry{Russian}

\addplot[color=green,mark=*] coordinates {
(10,0.007547169811320755)(20,0.009433962264150945)(30,0.08504972581094897)(40,0.12247752712015189)(50,0.10926997995034057)(60,0.1275687862653194)(70,0.14998619096304755)(80,0.178682697542257)(90,0.18502937739832434)(100,0.20994106595142936)(110,0.20594045516710263)(120,0.20594045516710263)(130,0.20022713210202756)(140,0.19850299417099304)(150,0.19295232562771367)(160,0.22509518277057086)(170,0.22494115889687039)(180,0.2554378858895543)(190,0.25515145552793594)(200,0.24760428571661514)(210,0.24760428571661514)(220,0.2626986253392567)(230,0.28712584905893324)(240,0.283044216405872)(250,0.31458288450469046)(260,0.31458288450469046)(270,0.35621932060842687)(280,0.35621932060842687)(290,0.3980381534047033)(300,0.4647653161391256)(310,0.4676293169255512)(320,0.47171094957861237)(330,0.47403819626676136)(340,0.4778333985582043)(350,0.5237517659051429)
};
\addlegendentry{Arabic}

\addplot[color=green,mark=*] coordinates {
(10,0.0037735849056603774)(20,0.007547169811320755)(30,0.08188758912803898)(40,0.09091591093171165)(50,0.08352276499409132)(60,0.13763597254126114)(70,0.1719809860183501)(80,0.1740941935655199)(90,0.18592996561018682)(100,0.2010243052328283)(110,0.201186959754624)(120,0.19950232363602566)(130,0.19975742567684196)(140,0.1961551259410726)(150,0.19834996614130362)(160,0.23412582821026912)(170,0.24922016783291068)(180,0.2644155856226681)(190,0.26412915526104974)(200,0.26035557035538937)(210,0.26035557035538937)(220,0.27922349488369125)(230,0.27995792984179946)(240,0.2757222733150378)(250,0.30114820336928394)(260,0.30114820336928394)(270,0.35202539635174)(280,0.35013860389890983)(290,0.382268794604785)(300,0.42079337541269285)(310,0.4572166438263146)(320,0.4572166438263146)(330,0.4595741385483413)(340,0.4595741385483413)(350,0.5060966400094753)
};
\addlegendentry{German}

