\addplot[color=green,mark=*] coordinates {
(10,10)(20,20)(30,30)(40,40)(50,50)(60,60)(70,70)(80,80)(90,90)(100,100)(110,110)(120,120)
};
\addlegendentry{dial}

\addplot[color=green,mark=*] coordinates {
(10,null)(20,null)(30,0.6027631586547055)(40,0.6634439730699895)(50,0.6790124374417504)(60,0.6732691079460275)(70,0.6790887310067897)(80,0.707880625456783)(90,0.7063590147936152)(100,0.6837835372123532)(110,0.6936596448670472)(120,0.703821840964983)
};
\addlegendentry{Natural\_Neg}

\addplot[color=green,mark=*] coordinates {
(10,null)(20,0.5373899528400444)(30,0.5700292609340115)(40,0.6358486524680367)(50,0.6111610180760948)(60,0.6323379670865406)(70,0.6609488970046847)(80,0.6724144977489204)(90,0.7045840151450067)(100,0.7006451158462161)(110,0.738356153390953)(120,0.7513465820673171)
};
\addlegendentry{All\_together}

\addplot[color=green,mark=*] coordinates {
(10,null)(20,0.5397207437818234)(30,0.6088011713956435)(40,0.6174621376520878)(50,0.6142123004100924)(60,0.6304308691404683)(70,0.6594953930370904)(80,0.6480974179103789)(90,0.6857627682843217)(100,0.6905503976537446)(110,0.7075226407357481)(120,0.7251242400186478)
};
\addlegendentry{Hungarian}

\addplot[color=green,mark=*] coordinates {
(10,null)(20,0.5173983213555978)(30,0.5794882311247863)(40,0.6490577287356768)(50,0.6167622223289703)(60,0.64168265630221)(70,0.6528247076004094)(80,0.6787751678751108)(90,0.7001391336016778)(100,0.7174174302715315)(110,0.7292875003843647)(120,0.7447720485168664)
};
\addlegendentry{French}

\addplot[color=green,mark=*] coordinates {
(10,null)(20,0.5247406945160573)(30,0.5266471236662628)(40,0.5870513613375977)(50,0.5701977502053736)(60,0.6137451120233022)(70,0.632224835773604)(80,0.6584288647740166)(90,0.6813028155161297)(100,0.6956524568587703)(110,0.6931519146016542)(120,0.7114969367498134)
};
\addlegendentry{Portuguese}

\addplot[color=green,mark=*] coordinates {
(10,null)(20,0.5144644851092791)(30,0.5557968947387613)(40,0.6188903961730359)(50,0.6046098158461432)(60,0.606375583182008)(70,0.6225996511571967)(80,0.6318883360045611)(90,0.6520381421266677)(100,0.6615828213897867)(110,0.694076507364992)(120,0.6995175958817061)
};
\addlegendentry{Russian}

\addplot[color=green,mark=*] coordinates {
(10,null)(20,0.5433649188905956)(30,0.5639373406823722)(40,0.6358668418474583)(50,0.6189792033178685)(60,0.6233756186789411)(70,0.649735821762783)(80,0.6671199125232248)(90,0.6957175448158838)(100,0.7122246142275575)(110,0.7133051499295096)(120,0.7190468682875533)
};
\addlegendentry{Arabic}

\addplot[color=green,mark=*] coordinates {
(10,null)(20,0.5118998291428197)(30,0.5682918068258804)(40,0.6676523945629859)(50,0.6394740142294129)(60,0.6393840295443101)(70,0.6924215296767148)(80,0.6877450841834692)(90,0.7051160796154433)(100,0.7117357012058466)(110,0.7347824588399201)(120,0.7438162520750472)
};
\addlegendentry{German}

