\addplot[color=green,mark=*] coordinates {
(30,30)(60,60)(90,90)(120,120)(150,150)(180,180)(210,210)(240,240)(270,270)(300,300)(330,330)(360,360)
};
\addlegendentry{dial}

\addplot[color=green,mark=*] coordinates {
(30,0.06836687286299689)(60,0.09903358722406341)(90,0.027717171717171717)(120,0)(150,0.02636363636363636)(180,0.027488151658767772)(210,0)(240,0)(270,0)(300,0)(330,0)(360,0)
};
\addlegendentry{Natural\_Neg}

\addplot[color=green,mark=*] coordinates {
(30,0.08200313465520963)(60,0.09780576291713675)(90,0.14706456230028592)(120,0.17419339233492892)(150,0.19626247034957744)(180,0.20922317529542492)(210,0.2236862838209998)(240,0.20486722976902483)(270,0.1993671964363117)(300,0.21297267096453373)(330,0.186942460773427)(360,0.15792239755193266)
};
\addlegendentry{\_All\_together}

\addplot[color=green,mark=*] coordinates {
(30,0.07767120012285782)(60,0.07263277484757139)(90,0.09946214111998593)(120,0.07485525678242018)(150,0.07602988605849112)(180,0.05628098512713897)(210,0.08618603234381923)(240,0.061052510891997244)(270,0.06456416155419223)(300,0.09589267558190977)(330,0.06200945626477541)(360,0.06809391279526153)
};
\addlegendentry{\_Hungarian}

\addplot[color=green,mark=*] coordinates {
(30,0.07552006301368622)(60,0.07173057708297322)(90,0.16717498515954202)(120,0.09730892543679505)(150,0.06592657040071834)(180,0.08483063249856451)(210,0.08603664725219948)(240,0.05803418803418803)(270,0.09834576202997256)(300,0.09350754957815759)(330,0.10165257548274606)(360,0.06802531923456881)
};
\addlegendentry{\_Portuguese}

\addplot[color=green,mark=*] coordinates {
(30,0.08056902685216144)(60,0.06887531599498202)(90,0.14414645801856615)(120,0.11322342725979287)(150,0.07464621213676517)(180,0.09054782770837218)(210,0.0835640133174202)(240,0.05968414125904804)(270,0.06335135135135135)(300,0.09790495975776585)(330,0.0640838023764853)(360,0.06730995365566854)
};
\addlegendentry{\_Russian}

