size	dial	Natural_Neg	All_together	Hungarian	French	Portuguese	Russian	Arabic	German
10	10	0.011739594450373533	0.01462925851703407	0.01462925851703407	0.01462925851703407	0.01462925851703407	0.025174825174825177	0.01462925851703407	0.01462925851703407
20	20	0	0	0	0	0	0	0	0
30	30	0.02251655629139073	0	0	0	0	0	0	0
40	40	0.02251655629139073	0	0	0	0	0	0	0
50	50	0.02251655629139073	0	0	0	0	0	0	0
60	60	0.02251655629139073	0	0	0	0	0	0	0
70	70	0.04684088061571505	0	0	0	0	0	0	0
80	80	0.024324324324324326	0	0	0	0	0	0	0
90	90	0.04684088061571505	0	0	0	0	0	0	0
100	100	0.04684088061571505	0	0	0	0	0	0	0
110	110	0.06935743690710579	0	0	0	0	0	0	0
120	120	0.02251655629139073	0	0	0	0	0	0	0
130	130	0.04503311258278146	0	0	0	0	0	0	0
140	140	0.04503311258278146	0	0	0	0	0	0	0
150	150	0.04503311258278146	0	0	0	0	0	0	0
160	160	0.04503311258278146	0	0	0	0	0	0	0
170	170	0.02251655629139073	0	0	0	0	0	0	0
180	180	0.02251655629139073	0	0	0	0	0	0	0
190	190	0.02251655629139073	0	0	0	0	0	0	0
200	200	0.02251655629139073	0	0	0	0	0	0	0
210	210	0.02251655629139073	0	0	0	0	0	0	0
220	220	0.02251655629139073	0	0	0	0	0	0	0
230	230	0.02251655629139073	0	0	0	0	0	0	0
240	240	0.02251655629139073	0	0	0	0	0	0	0
250	250	0.02251655629139073	0	0	0	0	0	0	0
260	260	0.02251655629139073	0	0	0	0	0	0	0
270	270	0.02251655629139073	0	0	0	0	0	0	0
280	280	0.02251655629139073	0	0	0	0	0	0	0
290	290	0.02251655629139073	0	0	0	0	0	0	0
300	300	0.02251655629139073	0	0	0	0	0	0	0
310	310	0.02251655629139073	0	0	0	0	0	0	0
320	320	0.02251655629139073	0	0	0	0	0	0	0
330	330	0.02251655629139073	0	0	0	0	0	0	0
340	340	0.02251655629139073	0	0	0	0	0	0	0
350	350	0	0	0	0	0	0	0	0