size	dial	Natural_Neg	All_together	Hungarian	French	Portuguese	Russian	Chinese
30	30	null	null	null	null	null	null	null
40	40	null	null	null	null	null	null	null
50	50	null	null	null	null	null	null	0.6333333333333333
60	60	null	null	0.9	null	null	null	null
70	70	null	null	0.9	null	null	null	null
80	80	null	0.9241404923599321	0.8443809523809523	0.8092307692307692	0.7253333333333333	null	0.7090350877192982
90	90	0.7966666666666666	0.9372983870967742	0.9434431239388795	0.9087662337662337	0.9325925925925926	0.8814285714285715	0.9042207792207793
100	100	0.8549019607843137	0.9433959480723839	0.9487062818336163	0.9066666666666666	0.9314431673052364	0.8837269585253456	0.9439060939060939
110	110	0.8583333333333332	0.9371459480723839	0.9428361363845233	0.9020879120879121	0.8988425925925926	0.8974957555178268	0.9514563894523326
120	120	0.9071428571428571	0.9433959480723839	0.946831689160564	0.9075641025641026	0.9414475467606398	0.9346579176799891	0.947111111111111
130	130	0.9199999999999999	0.9444412442396313	0.9550868486352357	0.9084293755025461	0.9468849608809041	0.9368253968253969	0.9495993179880647
140	140	0.95	0.9502791563275433	0.9799737264632901	0.9261904761904761	0.9468849608809041	0.9416993464052288	0.9630303030303031
150	150	0.95	0.9482739968528717	0.9935483870967742	0.931822960470984	0.9471148459383754	0.9639215686274509	0.9638231169045458
160	160	0.96	0.9482739968528717	0.9935483870967742	0.9417813765182185	0.9603016591251885	0.9716883116883117	0.9781422246317882
170	170	0.96	0.9348001651906575	0.9872983870967742	0.9514431239388795	0.9605759757483895	0.9777489177489178	0.9783600713012477
180	180	0.95	0.9444492879976751	0.9872983870967742	0.9759013282732447	0.9792626728110599	0.9833333333333334	0.9835483870967743
190	190	0.9888888888888889	0.958878155367719	0.9872983870967742	0.9740692640692641	0.9795402298850574	0.9785185185185185	0.9657142857142859
200	200	0.9913043478260869	0.958878155367719	0.9872983870967742	0.9870967741935484	0.9749621212121212	0.9808333333333333	0.9797552836484984
210	210	0.9913043478260869	0.9641162506058143	0.9872983870967742	0.9808467741935484	0.9751771749755621	0.9810483870967742	0.9800000000000001
220	220	0.9913043478260869	0.9641162506058143	0.9872983870967742	0.9806317204301076	0.9751771749755621	0.9870967741935484	0.9806451612903226
230	230	0.9913043478260869	0.9814160341555977	0.99375	0.9878787878787879	0.9935483870967742	0.9935483870967742	0.9935483870967742
240	240	0.9868817204301076	0.9815841013824885	0.9878676470588236	0.9687255620723363	0.9878341013824885	0.9816054280949917	0.9812144212523719
250	250	0.9935483870967742	0.9815841013824885	0.9880357142857144	0.9751660341555978	0.9878341013824885	0.9817836812144213	0.9813824884792627