\addplot[color=green,mark=*] coordinates {
(20,20)(40,40)(60,60)(80,80)(100,100)(120,120)(140,140)(160,160)(180,180)(200,200)(220,220)(240,240)
};
\addlegendentry{dial}

\addplot[color=green,mark=*] coordinates {
(20,0.0579185520361991)(40,0.06959887798036465)(60,0.08693602693602694)(80,0.075)(100,0)(120,0)(140,0)(160,0)(180,0)(200,0)(220,0)(240,0)
};
\addlegendentry{Natural\_Neg}

\addplot[color=green,mark=*] coordinates {
(20,0.11995221027479093)(40,0.10057899090157155)(60,0.09333333333333334)(80,0.14238095238095239)(100,0.21718281718281718)(120,0.21630252100840336)(140,0.18777777777777777)(160,0.11686274509803922)(180,0.1628985507246377)(200,0.14486803519061583)(220,0.13242784380305603)(240,0.0654970760233918)
};
\addlegendentry{All\_together}

\addplot[color=green,mark=*] coordinates {
(20,0.1051373954599761)(40,0.09565591397849463)(60,0.10698924731182795)(80,0.11904761904761904)(100,0.1428971028971029)(120,0.09019607843137253)(140,0.09333333333333334)(160,0.09333333333333334)(180,0.11833333333333333)(200,0.11388888888888889)(220,0.06153846153846154)(240,0.025)
};
\addlegendentry{Hungarian}

\addplot[color=green,mark=*] coordinates {
(20,0.14486803519061583)(40,0.1711111111111111)(60,0.14493253373313345)(80,0.1571428571428571)(100,0.1797463429816371)(120,0.14368131868131867)(140,0.13738140417457306)(160,0.09032258064516129)(180,0.11254480286738351)(200,0.1153225806451613)(220,0.09333333333333334)(240,0.025)
};
\addlegendentry{French}

\addplot[color=green,mark=*] coordinates {
(20,0.1403225806451613)(40,0.15930735930735931)(60,0.1466811388494615)(80,0.13774703557312254)(100,0.15333333333333335)(120,0.1614081996434938)(140,0.18971652003910067)(160,0.09032258064516129)(180,0.11686274509803922)(200,0.11833333333333333)(220,0.10942528735632184)(240,0.025)
};
\addlegendentry{Portuguese}

\addplot[color=green,mark=*] coordinates {
(20,0.13647642679900746)(40,0.14990390109604695)(60,0.15136778115501517)(80,0.1245915374947633)(100,0.08666666666666667)(120,0.06315789473684211)(140,0.15)(160,0.1)(180,0.08)(200,0.021052631578947368)(220,0.02)(240,0)
};
\addlegendentry{Russian}

\addplot[color=green,mark=*] coordinates {
(20,0.0639386189258312)(40,0.07357931844888367)(60,0.1154165607254852)(80,0.10238095238095238)(100,0.10666666666666666)(120,0.08)(140,0.15655172413793103)(160,0.09333333333333334)(180,0.08571428571428572)(200,0.08888888888888888)(220,0.04)(240,0)
};
\addlegendentry{Arabic}

\addplot[color=green,mark=*] coordinates {
(20,0.06012121212121212)(40,0.08386809269162211)(60,0.09396662387676508)(80,0.07692307692307691)(100,0.15042735042735042)(120,0.09166666666666666)(140,0.16238140417457306)(160,0.16698924731182796)(180,0.13543859649122808)(200,0.13594771241830067)(220,0.025)(240,0.047058823529411764)
};
\addlegendentry{German}

