size	dial	Natural_Neg	All_together	Hungarian	Portuguese	Russian	Arabic
10	10	0.7883926603198527	0.7102590369988879	0.7683813704499762	0.7671681338795434	0.7896222582077109	0.7707250136315176
20	20	0.710243400947338	0.7025887025902384	0.736040756087718	0.6848242750559648	0.6902276224969797	0.7375521935296325
30	30	0.7383667144598358	0.708993970960414	0.7521676115924014	0.7099576835442115	0.742699669335614	0.7698168804584884
40	40	0.7278170968182961	0.7176457933837183	0.7355259869179416	0.7069286864804691	0.7366388912050001	0.7620887943794642
50	50	0.7112786399773587	0.7220589883940285	0.7582075293576989	0.7096459979710867	0.7280719045661839	0.7398588240154462
60	60	0.714599442410464	0.717665533421562	0.7225798225413053	0.7096573727590676	0.7213008845633364	0.7324446762253926
70	70	0.6966091624641731	0.7167405643986465	0.7223850600524689	0.6798194554306408	0.6939609315654665	0.7242511414641302
80	80	0.7132533612781	0.7480665188757722	0.7484470164698712	0.6729914919070517	0.7003263506776419	0.7075944281413097
90	90	0.7357710364478868	0.7677624366721144	0.76150330326676	0.7093219682697725	0.7231117724059353	0.7394350506020931
100	100	0.7385039514673537	null	0.7525039123466486	0.7268006009064703	0.7288202941643991	0.7477303298814988
110	110	0.7229934703722665	null	0.7480964571146806	0.7234224659373812	0.7300292155573851	0.7428491176339113
120	120	0.7346554855778605	null	0.7411970133002239	0.7124919316881734	0.7320709091550999	0.7399408308051607
130	130	0.7493764701346257	null	0.7529536285898405	0.7284071200255803	0.7502363327372705	0.7430659995446113
140	140	0.7430345109403164	null	0.7530312243729486	0.7312218862254631	0.7530632813037712	0.7419701424112803
150	150	0.7513353693117184	null	0.7644844395253619	0.7414406415899599	0.759010776735256	0.7438388856522771
160	160	0.7464492108311427	null	0.765556748169019	0.7333244070526879	0.7564583704898465	0.7484063347593167
170	170	0.7483085349221815	null	0.7634823072516345	0.7410979689831783	0.7587199391201862	0.750611648940189
180	180	0.75360107461124	null	0.7657286955072858	0.737242482785047	0.7571470135405346	0.7498102121619705
190	190	0.749221865179263	null	0.768278870349703	0.7345003983180481	0.756585947851015	0.7512893512699519
200	200	0.757012263333503	null	0.756044838829441	0.73813724380581	0.762409636537571	0.7477273166588775
210	210	0.7601668955759827	null	0.762141115544257	0.7381808006620649	0.7585026954736653	0.7573548378170732