size	dial	Natural_Neg	All_together	Hungarian	Portuguese	Russian	Arabic
10	10	null	null	null	null	null	null
20	20	0.36149304664099274	0.292437097089892	0.33173885578368123	0.297912618782184	0.335531317040751	0.3613471713471713
30	30	0.3972559727900758	0.3697155255337428	0.4253706095503761	0.33735976394512984	0.392169125197027	0.41499466112015265
40	40	0.4132551233533027	0.4167004251062766	0.4609546378303378	0.3943791997658111	0.4144590559684899	0.4636086380294427
50	50	0.5699600359309979	0.5333002905224351	0.6111761287276162	0.5685922772879295	0.5694953194953195	0.6380180725932656
60	60	0.6006023581681477	0.5720981176078628	0.5837278252472025	0.5524759330393133	0.5520529579353108	0.6400587886054787
70	70	null	0.5489580493714977	0.6315087719298246	0.5822447532973849	0.5788903200795353	0.6276631091680596
80	80	0.6694035674470458	0.5453797017899719	0.5427982214613181	0.5616903321397704	0.5466786905860055	0.650226023976024
90	90	0.842608695652174	0.5328382949295529	0.5189293570917891	0.5132633053221288	0.5053427104956058	0.6323114874641239
100	100	0.8165513097813026	0.556247751292758	0.5424550339190507	0.5534892853881341	0.541101567497526	0.6576243871071457
110	110	0.7455628051430178	0.6210258498622985	0.5700353825740823	0.568728555395222	0.5531811385907174	0.663089370688296
120	120	0.7990136159838013	0.5697259470200101	0.5653196714993449	0.58056241777172	0.5946277605070854	0.6586671584955337
130	130	0.8351768819415877	0.5694460583276373	0.5809582213792741	0.5952370362246431	0.5940572688959785	0.6435894083033671
140	140	0.8103008103008105	0.5717791780291781	0.5755372055424165	0.5973733799265715	0.5826363913203343	0.6316722408026756
150	150	0.8191268191268192	0.5687649175803684	0.5539469405220367	0.6162878787878787	0.6167223517223517	0.6707187713656275