\addplot[color=green,mark=*] coordinates {
(30,30)(40,40)(50,50)(60,60)(70,70)(80,80)(90,90)(100,100)(110,110)(120,120)(130,130)(140,140)(150,150)(160,160)(170,170)(180,180)(190,190)(200,200)(210,210)(220,220)(230,230)(240,240)(250,250)
};
\addlegendentry{dial}

\addplot[color=green,mark=*] coordinates {
(30,null)(40,null)(50,null)(60,null)(70,null)(80,null)(90,0.7806451612903226)(100,0.7756805807622504)(110,0.9696969696969697)(120,0.9696969696969697)(130,0.96875)(140,0.9364705882352942)(150,0.9373737373737374)(160,0.9625)(170,0.98125)(180,0.9816176470588236)(190,0.9876660341555977)(200,0.9529411764705882)(210,0.9818181818181818)(220,0.9875)(230,0.9935483870967742)(240,1)(250,1)
};
\addlegendentry{Natural\_Neg}

\addplot[color=green,mark=*] coordinates {
(30,null)(40,null)(50,null)(60,null)(70,1)(80,1)(90,1)(100,1)(110,1)(120,0.9837837837837838)(130,1)(140,1)(150,1)(160,0.9933333333333334)(170,0.9933333333333334)(180,0.9942857142857143)(190,0.97004329004329)(200,0.9640896358543418)(210,0.9712418300653594)(220,0.9712418300653594)(230,0.9824372759856631)(240,0.9824372759856631)(250,0.9773321708805579)
};
\addlegendentry{All\_together}

\addplot[color=green,mark=*] coordinates {
(30,null)(40,null)(50,null)(60,null)(70,0.8823529411764707)(80,0.8490196078431372)(90,0.9478787878787879)(100,0.9545454545454545)(110,0.9690196078431372)(120,0.9823529411764707)(130,0.9823529411764707)(140,0.9778787878787879)(150,0.9767676767676768)(160,0.9705882352941178)(170,0.9823529411764707)(180,0.976638655462185)(190,0.9821645021645022)(200,0.9878341013824885)(210,0.976388888888889)(220,0.9824372759856631)(230,0.9824372759856631)(240,0.9824372759856631)(250,0.9824372759856631)
};
\addlegendentry{Hungarian}

\addplot[color=green,mark=*] coordinates {
(30,null)(40,null)(50,null)(60,null)(70,null)(80,null)(90,null)(100,null)(110,0.9872983870967742)(120,0.9764055299539169)(130,0.9935483870967742)(140,0.9942857142857143)(150,0.9742857142857144)(160,0.9544859367551247)(170,0.9744859367551248)(180,0.968888888888889)(190,0.9626324884792627)(200,0.9540558292282431)(210,0.9584629254000451)(220,0.9586928104575163)(230,0.9694372294372295)(240,0.9714285714285715)(250,0.966031746031746)
};
\addlegendentry{French}

\addplot[color=green,mark=*] coordinates {
(30,null)(40,null)(50,null)(60,null)(70,null)(80,null)(90,0.8)(100,null)(110,1)(120,0.9666666666666668)(130,0.9818181818181818)(140,0.9837837837837838)(150,0.9888888888888889)(160,0.9888888888888889)(170,1)(180,0.9942857142857143)(190,0.9942857142857143)(200,0.9878341013824885)(210,0.9878341013824885)(220,0.9878341013824885)(230,0.9942857142857143)(240,0.9942857142857143)(250,0.9942857142857143)
};
\addlegendentry{Portuguese}

\addplot[color=green,mark=*] coordinates {
(30,null)(40,null)(50,null)(60,null)(70,null)(80,0.7310975609756097)(90,0.8371621621621621)(100,0.8464285714285715)(110,0.926923076923077)(120,0.9435897435897436)(130,0.9639846743295019)(140,0.9438423645320198)(150,0.9637362637362636)(160,0.9687782805429865)(170,0.9687782805429865)(180,0.9707563025210085)(190,0.9878341013824885)(200,0.9592857142857143)(210,0.96796992481203)(220,0.9726640926640927)(230,0.976638655462185)(240,0.9817857142857143)(250,0.9761038961038961)
};
\addlegendentry{Russian}

\addplot[color=green,mark=*] coordinates {
(30,null)(40,null)(50,null)(60,null)(70,null)(80,null)(90,null)(100,null)(110,0.99375)(120,0.99375)(130,0.9868534482758621)(140,0.9833333333333332)(150,0.9833333333333332)(160,0.9656862745098038)(170,0.9766666666666666)(180,0.9817857142857143)(190,0.9550700280112047)(200,0.97004329004329)(210,0.9817734953218824)(220,0.9763766699250571)(230,0.9817366946778712)(240,0.9817366946778712)(250,0.9817366946778712)
};
\addlegendentry{Arabic}

