size	dial	biased	oversampled	unbiased	undersampled
10	10	0.5179425837320574	0.5035885167464115	0.5035885167464115	0.534688995215311
20	20	0.5765550239234449	0.44976076555023925	0.44976076555023925	0.23444976076555024
30	30	0.5921052631578947	0.47129186602870815	0.4700956937799043	0.20454545454545456
40	40	0.6507177033492823	0.5131578947368421	0.5119617224880383	0.21889952153110048
50	50	0.6064593301435407	0.5095693779904307	0.5119617224880383	0.388755980861244
60	60	0.5885167464114832	0.5095693779904307	0.5107655502392344	0.44258373205741625
70	70	0.5933014354066986	0.5322966507177034	0.5322966507177034	0.43899521531100477
80	80	0.6076555023923444	0.5657894736842105	0.5657894736842105	0.45933014354066987
90					
100					
110					
120					
130					