size	dial	DS_comp_unigrams_async	DS_comp_unigrams_async_biased
10	10	null	0.26666666666666666
20	20	null	0.4155844155844156
30	30	null	0.45238095238095233
40	40	0.44999999999999996	0.6382978723404255
50	50	0.4691358024691358	0.6595744680851063
60	60	0.45783132530120474	0.6947368421052631
70	70	0.46341463414634143	0.7272727272727273
80	80	0.41463414634146334	0.6875
90	90	0.631578947368421	0.7083333333333334
100	100	0.6153846153846154	0.7216494845360825
110	110	0.5934065934065934	0.7142857142857143
120	120	0.6136363636363635	0.6947368421052631
130	130	0.6666666666666666	0.7083333333333334
140	140	0.6526315789473685	0.7021276595744681
150	150	0.6666666666666666	0.7157894736842105
160	160	0.6526315789473685	0.7291666666666666
170	170	0.6451612903225806	0.7142857142857143
180	180	0.6451612903225806	0.72
190	190	0.6521739130434783	0.72
194	194	null	0.7272727272727273
200	200	0.6382978723404255	null