size	dial	NLU_Biased	NLU_Oversampled	NLU_Unbiased	NLU_Undersampled
10	10	0.6486486486486487	0.7053571428571429	0.7181818181818181	0.6088709677419355
20	20	0.6141732283464567	0.8241758241758241	0.8152173913043478	0.8235294117647058
30	30	0.717741935483871	0.689922480620155	0.6850393700787402	0.8372093023255814
40	40	0.8116883116883117	0.652542372881356	0.6510638297872341	0.8522727272727273
50	50	0.8209876543209876	0.6594827586206896	0.6594827586206896	0.8133333333333334
60	60	0.8805970149253731	0.6681222707423581	0.6710526315789473	0.680365296803653
64					
70	70	0.8796992481203008	0.6784140969162996	0.6784140969162996	0.6948356807511737
78					
80	80	0.8321678321678322	0.7209302325581395	0.7311320754716981	0.7230769230769231
87	87	null	0.7230046948356808	0.7276995305164319	0.7368421052631579
88					
90	90	0.8321678321678322	null	null	null
91					
100	100	0.7894736842105263	null	null	null