size	dial	DS_comp_unigrams_async	DS_comp_unigrams_async_biased
10	10	0	0.3220338983050847
20	20	0	0.2711864406779661
30	30	0	0.22033898305084745
40	40	0.3050847457627119	0.4915254237288136
50	50	0.3220338983050847	0.5084745762711864
60	60	0.3220338983050847	0.4915254237288136
70	70	0.3220338983050847	0.4915254237288136
80	80	0.288135593220339	0.4915254237288136
90	90	0.5084745762711864	0.5084745762711864
100	100	0.4745762711864407	0.5084745762711864
110	110	0.4576271186440678	0.5084745762711864
120	120	0.4576271186440678	0.5084745762711864
130	130	0.5254237288135594	0.5084745762711864
140	140	0.5254237288135594	0.5084745762711864
150	150	0.5254237288135594	0.5084745762711864
160	160	0.5254237288135594	0.4915254237288136
170	170	0.5084745762711864	0.5084745762711864
180	180	0.5084745762711864	0.5084745762711864
190	190	0.5084745762711864	0.4915254237288136
200	200	0.5084745762711864	0.4915254237288136
210	210	0.4576271186440678	0.4915254237288136
220	220	0.4576271186440678	0.4915254237288136
230	230	0.4915254237288136	0.4915254237288136
240	240	0.4915254237288136	0.4915254237288136
242	242	null	0.4915254237288136
250	250	0.5084745762711864	null