size	dial	DS_comp_unigrams_async	DS_comp_unigrams_async_biased
10	10	0.46035535433827524	0.33399632609173235
20	20	0.4458411750408621	0.5003366537019442
30	30	0.48034840311950056	0.4849178551290214
40	40	0.48624388405448865	0.5291473249517396
50	50	0.5448399671875296	0.5358802919492365
60	60	0.623948278371389	0.5314757519131472
70	70	0.6498467519366301	0.5233568946694377
80	80	0.6581681210568684	0.5214728254645455
90	90	0.6616412311905491	0.5174965199644793
91			
100	100	0.6224833112893501	0.5190222814323405
102			
110			
120			
130			
140			
150			