size	dial	NLU_Biased	NLU_Oversampled	NLU_Unbiased	NLU_Undersampled
10	10	0.3807083132019104	0.3580780504335258	0.36436735860962643	0.4368421946428227
20	20	0.42418144575981537	0.3902078896689255	0.38827575110698864	0.3972374604094269
30	30	0.37931156333271665	0.37408294323467967	0.3895150420001117	0.2898023193148453
40	40	0.44584782540167706	0.460908647250783	0.4598391285342055	0.2945134137393851
50	50	0.3570787396766294	0.45543623277299633	0.46117619749597855	0.4283078392810423
60	60	0.42065101178003705	0.4537877713019698	0.45516518177028936	0.4336484280417981
64					
70	70	0.4603153798552466	0.4863085834173292	0.4825228009684451	0.4881031960828409
78					
80	80	0.4335993119457237	0.5126937766797246	0.5120341188772096	0.4549981277124873
87	87	null	null	0.4782736858079709	0.45178957850853535
88					
90	90	0.430108978267429	null	null	null
91					
94					
100	100	0.4519220179969763	null	null	null