size	dial	NLU_Biased	NLU_Oversampled	NLU_Unbiased	NLU_Undersampled
10	10	0.4124055859794956	0.34649803103781074	0.34944937738538356	0.4131034022911372
20	20	0.48238529604534636	0.341532458430048	0.3411798413980879	0.36781762271209983
30	30	0.5229459629129772	0.35694016316334554	0.3554598267069593	0.2676804050726551
40	40	0.5260629373945209	0.42620156193135245	0.42716660707296794	0.2772618641354158
50	50	0.5273418489921731	0.4399980797501197	0.43791668272422196	0.4217373211627814
60	60	0.5026360697487892	0.4341835888369152	0.4327279744035323	0.4292296030175034
64					
70	70	0.5256636092250558	0.4742976542670917	0.45613690410252505	0.472976049868931
78					
80	80	0.5049835650244184	0.5018677829111516	0.49899328772464985	0.4472719205846556
87	87	null	0.4705715970486942	0.4700009855808176	0.44937829634846016
88					
90	90	0.5017984692785382	null	null	null
91					
100	100	0.4969059526342221	null	null	null