size	dial	biased	oversampled	unbiased	undersampled
10	10	0.34981169721611294	0.34757075670552895	0.3488230683351991	0.40080929258168396
20	20	0.3805122924325444	0.3052661822077018	0.30387555197501437	0.2037286045387905
30	30	0.3987200252734152	0.31174934883249833	0.31062424500737895	0.19335515923319427
40	40	0.4561845153005726	0.36450385885839554	0.3645651978668759	0.19537141250796825
50	50	0.43750142815923276	0.3685441987267506	0.3682600302970381	0.3418622556480946
60	60	0.4727077344142564	0.36079963436150875	0.36523979820765506	0.3453512509994342
70	70	0.47736518353432883	0.3770730298567977	0.37720280291577213	0.3597431437022674
80	80	0.45795672649963737	0.416620041777288	0.41654767928954767	0.35753153366627954
90					
100					
110					
120					
130					