size	dial	NLU_Biased	NLU_Oversampled	NLU_Unbiased	NLU_Undersampled
10	10	0.4392873043355358	0.4373117639977624	0.4379212235133288	0.4658957235715012
20	20	0.5180862986975494	0.4546263793996528	0.44907553746563034	0.39751166189655335
30	30	0.6468800013719186	0.48317951546592297	0.48115559175255584	0.31492435784684114
40	40	0.7006672397566243	0.5435268381489311	0.5432925717663759	0.34409672726419466
50	50	0.704721380493953	0.5756802871420715	0.5746971808319339	0.5181319598147687
60	60	0.7117952680400437	0.5778859601719125	0.5723749852295502	0.5479556401524729
64					
70	70	0.6994575843591395	0.6060805160043301	0.6076498887053576	0.6027343488942362
78					
80	80	0.7208614989341513	0.6753093143529582	0.6776556886821046	0.6313930262547315
87	87	null	0.6899237949615082	0.6936151445072647	0.6989595575488619
88					
90	90	0.742361127903952	null	null	null
91					
100	100	0.7385425958577793	null	null	null