size	dial	NLU_Biased	NLU_Oversampled	NLU_Unbiased	NLU_Undersampled
10	10	0.30373053120885196	0.449308071961563	0.4491356059767942	0.4385332854436063
20	20	0.42720008145105004	0.4038411492102444	0.4005346335645968	0.39770197809258634
30	30	0.4604133566953666	0.42998824223261156	0.4305854351331482	0.3665656928141916
40	40	0.5357548327254681	0.4571374168471409	0.4579602948112312	0.4163132923144547
50	50	0.5935945352651408	0.49196247419699435	0.492139514783119	0.49475151237390713
60	60	0.6154132948011724	0.5135146090702811	0.5095551502447281	0.5155724145206093
70	70	0.4983799795969896	0.5489929211610314	0.5467474488164402	0.550448426115411
80	80	0.49099269886314983	0.5367004902348161	0.5247424026709524	0.5276267261212968
90	90	0.4923261640706229	0.5478415376888555	0.5537988375905716	0.5473597480409582
100	100	0.5140118701823189	0.557597062558431	0.5607883526639648	0.5473597480409582
110	110	0.4938498699818	0.6233399903674244	0.6209644434060918	0.595604758184471
120					
130					
140					
150					
160					
170					
180					