size	dial	DS_comp_unigrams_async	DS_comp_unigrams_async_biased
10	10	0.29463953372622104	0.3751588354640102
20	20	0.3980469178224596	0.4051675055987307
30	30	0.34301375610973134	0.4446122301466932
40	40	0.45857354945671713	0.42549246419215464
50	50	0.4565267658309861	0.4478444099187133
60	60	0.49441940835129694	0.479969101675758
70	70	0.5094407321961502	0.479969101675758
80	80	0.5096533804941823	0.479969101675758
90	90	0.5229287645166739	0.4892127991547497
100	100	0.5309893571747897	0.4838648510324113
110	110	0.4670980111627007	0.5035303466701186
120	120	0.4688106260332104	0.5082983642751068
130	130	0.46258881207145824	0.5049443079075986
140	140	0.4612037705202118	0.4928327966364234
150	150	0.4525534682940582	0.49745568942826796
160	160	0.46026146377295146	0.4963219025801953
170	170	0.4511771946399239	0.4973612071909285
180	180	0.45758745105018034	0.5096286083637892
190	190	0.43285106873795237	0.5199278500116679
191	191	null	0.5193227984060876
200	200	0.43168962855212195	null