size	dial	NLU_Biased	NLU_Oversampled	NLU_Unbiased	NLU_Undersampled
10	10	0.5084099150638816	0.4013924563041608	0.41127565486660467	0.4312188046729816
20	20	0.5605103173888341	0.3778682740189603	0.37738546235674175	0.4438645388431287
30	30	0.6047898833724054	0.4022057203215398	0.4014027623843514	0.430448454173765
40	40	0.5956181748959566	0.4265228071424123	0.43035508597469113	0.43144867279822025
50	50	0.5962343134619494	0.4865451676852893	0.48179684544897944	0.5440913626047909
60	60	0.5738284287094375	0.48553588603419306	0.48736042478508923	0.5024612017169694
64					
70	70	0.5907323463781647	0.5224324383830248	0.5110798084882228	0.5142181975820057
78					
80	80	0.5479333933025143	0.5754500004131581	0.5743685811665902	0.5058518521446412
87	87	null	0.5134439376187611	0.5112524654856607	0.48809996997246397
88					
90	90	0.5386534563332609	null	null	null
91					
100	100	0.531051819872567	null	null	null