size	dial	NLU_Biased	NLU_Oversampled	NLU_Unbiased	NLU_Undersampled
10	10	0.6607970342910102	0.7689873417721519	0.7688410386320456	0.7577482605945604
20	20	0.7916093535075653	0.7998522895125554	0.8001469507714916	0.5914051841746248
30	30	0.8215739484396201	0.7766463000678887	0.7797660013764625	0.6222780569514238
40	40	0.8127159640635798	0.7955182072829131	0.7981715893108298	0.6374829001367989
50	50	0.8121212121212121	0.7704402515723271	0.7718966603654694	0.7474566128067026
60	60	0.8039482641252553	0.7593386405388854	0.7564102564102564	0.7532544378698225
70	70	0.5195783132530121	0.7689950980392157	0.7699876998769988	0.7622549019607843
80	80	0.5262008733624454	0.7663608562691131	0.7598784194528876	0.7524330900243309
90	90	0.5028735632183908	0.7680193821926106	0.7703030303030303	0.7589774802191114
100	100	0.5069699192956714	0.7759661835748792	0.7747584541062802	0.7589774802191114
110	110	0.5023255813953489	0.7851140456182473	0.7850692354003612	0.7630937880633374
120					
130					
140					
150					
160					
170					
180					