size	dial	biased	oversampled	unbiased	undersampled
10	10	0.6407103825136612	0.6111484217595702	0.6144496961512491	0.6216045483259633
20	20	0.6811881188118811	0.539142273655548	0.5370496261046906	0.29553264604810997
30	30	0.6924590163934425	0.5683355886332881	0.5669824086603519	0.2438070404172099
40	40	0.7357774968394437	0.596078431372549	0.5959397511460379	0.25928338762214986
50	50	0.6937738246505719	0.6058201058201059	0.6080634500991408	0.44758842443729896
60	60	0.6846499678869621	0.6023778071334214	0.6034255599472991	0.5105028644175684
70	70	0.6867007672634271	0.6204620462046204	0.6212822207534698	0.5333333333333333
80	80	0.695322376738306	0.6440460947503202	0.6432225063938618	0.5520902455209024
90					
100					
110					
120					
130					