size	dial	DS_comp_unigrams_async	DS_comp_unigrams_async_biased
10	10	0.6078431372549019	0.6306306306306306
20	20	0.7831858407079646	0.7083333333333334
30	30	0.7455357142857143	0.7767857142857143
40	40	0.7773279352226721	0.746606334841629
50	50	0.7795918367346939	0.7511111111111111
60	60	0.7829787234042553	0.7982456140350878
70	70	0.7966804979253111	0.75
80	80	0.7943548387096774	0.6891385767790262
90	90	0.8076923076923077	0.6925795053003534
100	100	0.8146718146718147	0.6892857142857143
110	110	0.8070866141732284	0.6937269372693727
120	120	0.8095238095238095	0.664179104477612
130	130	0.7984790874524715	0.6727941176470589
140	140	0.7886792452830189	0.6877323420074349
150	150	0.7890625	0.7153558052434457
160	160	0.7846153846153846	0.720754716981132
170	170	0.7898832684824902	0.7245283018867924
180	180	0.7937743190661478	0.7265917602996255
190	190	0.803921568627451	0.7132616487455197
200	200	0.8	0.7153284671532847
210	210	0.8076923076923077	0.676923076923077
220	220	0.7984496124031008	0.7018867924528301
230	230	0.8063241106719368	0.7689075630252101
240	240	0.807843137254902	0.7832699619771863
250	250	0.8097165991902834	0.78
260	260	0.8142292490118577	0.7838827838827839
270	270	0.8132295719844358	0.7674418604651163
279	279	null	0.7773722627737226
280	280	0.8221343873517787	null