size	dial	NLU_Biased	NLU_Oversampled	NLU_Unbiased	NLU_Undersampled
10	10	0.6279904306220095	0.5825358851674641	0.5825358851674641	0.6327751196172249
20	20	0.7093301435406698	0.583732057416268	0.583732057416268	0.465311004784689
30	30	0.7416267942583732	0.6064593301435407	0.6052631578947368	0.32894736842105265
40	40	0.7547846889952153	0.6794258373205742	0.6782296650717703	0.34688995215311
50	50	0.757177033492823	0.6901913875598086	0.6866028708133971	0.5406698564593302
60	60	0.742822966507177	0.69377990430622	0.6925837320574163	0.6148325358851675
64					
70	70	0.7523923444976076	0.7045454545454546	0.7093301435406698	0.69377990430622
78					
80	80	0.7703349282296651	0.7356459330143541	0.7344497607655502	0.6925837320574163
87	87	null	0.7320574162679426	0.7332535885167464	0.715311004784689
88					
90	90	0.7631578947368421	null	null	null
91					
100	100	0.7822966507177034	null	null	null