size	dial	biased	oversampled	unbiased	undersampled
10	10	0.8335246842709529	0.832967032967033	0.832967032967033	0.8205128205128205
20	20	0.8587962962962963	0.7600950118764845	0.7586206896551724	0.39572192513368987
30	30	0.8450704225352113	0.8018979833926453	0.8009478672985783	0.3035019455252918
40	40	0.8804597701149425	0.8009708737864077	0.7995139732685298	0.3320610687022901
50	50	0.8292682926829268	0.7951219512195122	0.7970838396111786	0.5700934579439252
60	60	0.796092796092796	0.7980652962515115	0.7980652962515115	0.6581920903954802
70	70	0.8009708737864077	0.8113879003558719	0.8113879003558719	0.667578659370725
80	80	0.8072727272727273	0.8047904191616766	0.8043217286914766	0.6884353741496598
90					
100					
110					
120					
130					