size	dial	NLU_Biased	NLU_Oversampled	NLU_Unbiased	NLU_Undersampled
10	10	0.057971014492753624	0.2595419847328244	0.2595419847328244	0.2518518518518518
20	20	0	0.24817518248175183	0.23357664233576642	0.20408163265306123
30	30	0	0.3412322274881517	0.3474178403755869	0.28346456692913385
40	40	0.2916666666666667	0.4198895027624309	0.4245810055865922	0.2549019607843137
50	50	0.4745762711864407	0.43312101910828027	0.43312101910828027	0.45555555555555555
60	60	0.544	0.5269461077844312	0.5113636363636364	0.5161290322580645
70	70	0.4329896907216495	0.5333333333333333	0.55	0.5142857142857142
80	80	0.37777777777777777	0.4970414201183432	0.4777777777777778	0.46875
90	90	0.425531914893617	0.49142857142857144	0.5028571428571429	0.4731182795698925
100	100	0.46153846153846156	0.5119047619047619	0.5088757396449705	0.4731182795698925
110	110	0.4175824175824176	0.5526315789473685	0.5657894736842105	0.4808743169398907
120					
130					
140					
150					
160					
170					
180					