size	dial	DS_Component_wise	DS_Composite_wise
1	12	null	null
2	19	0.6666666666666666	0.6666666666666666
3	31	0.7142857142857143	1
4	42	0.6153846153846154	0.625
5	51	0.6153846153846154	0.8
6	70	0.6363636363636364	0.6666666666666666
7	81	0.6363636363636364	0.8
8	94	0.7272727272727273	0.7142857142857143
9	108	0.6363636363636364	0.8333333333333334
10	114	0.6363636363636364	0.8333333333333334
15	183	0.75	1
20	275	0.5555555555555556	1
30	440	0.6153846153846154	1
40	571	0.875	1
50	738	1	1
60	888	1	1
70	1005	0.8333333333333334	1
80	1192	0.9090909090909091	1
90	1332	0.9166666666666666	1