size	dial	NLU_Biased	NLU_Oversampled	NLU_Unbiased	NLU_Undersampled
10	10	0.7307692307692307	0.2692307692307692	0.25	0.2692307692307692
20	20	0.6538461538461539	0.75	0.7115384615384616	0.8076923076923077
30	30	0.6346153846153846	0.6153846153846154	0.6346153846153846	0.8846153846153846
40	40	0.6538461538461539	0.6730769230769231	0.6730769230769231	0.9230769230769231
50	50	0.6538461538461539	0.6730769230769231	0.6923076923076923	0.8653846153846154
60	60	0.6538461538461539	0.6730769230769231	0.6923076923076923	0.75
64					
70	70	0.6538461538461539	0.7115384615384616	0.7115384615384616	0.7115384615384616
78					
80	80	0.6538461538461539	0.7307692307692307	0.7307692307692307	0.7115384615384616
87	87	null	0.7307692307692307	0.7307692307692307	0.7115384615384616
88					
90	90	0.6538461538461539	null	null	null
91					
100	100	0.6538461538461539	null	null	null