size	dial	DS_Component_wise	DS_Composite_wise
1	12	0.42857142857142855	0.16666666666666666
2	19	0.3333333333333333	0
3	31	0	null
4	42	0	null
5	51	0	null
6	70	0.8	0.6
7	81	0.8181818181818182	0.7142857142857143
8	94	0.8571428571428571	0.625
9	108	0.9166666666666666	0.625
10	114	0.9230769230769231	0.7272727272727273
15	183	0.8235294117647058	0.7777777777777778
20	275	0.8333333333333334	0.8461538461538461
30	440	0.8235294117647058	0.7222222222222222
40	571	0.8235294117647058	0.8125
50	738	0.9411764705882353	0.6842105263157895
60	888	0.8823529411764706	0.7368421052631579
70	1005	0.9411764705882353	0.7058823529411765
80	1192	1	0.6470588235294118
90	1332	0.9473684210526315	0.7