size	dial	NLU_Biased	NLU_Oversampled	NLU_Unbiased	NLU_Undersampled
10	10	0	0	0	0
20	20	0.14084507042253522	0	0	0
30	30	0.29577464788732394	0	0	0
40	40	0.27230046948356806	0	0	0
50	50	0.2863849765258216	0	0	0
60	60	0.3380281690140845	0	0	0
70	70	0.4694835680751174	0.06103286384976526	0.046948356807511735	0.07981220657276995
80	80	0.4694835680751174	0.051643192488262914	0.03755868544600939	0.051643192488262914
90	90	0.4835680751173709	0.07511737089201878	0.07981220657276995	0.0892018779342723
100	100	0.6291079812206573	0.07981220657276995	0.0892018779342723	0.0892018779342723
110	110	0.5539906103286385	0.22535211267605634	0.20657276995305165	0.2112676056338028
120					
130					
140					
150					
160					
170					
180					