size	dial	DS_comp_unigrams_async	DS_comp_unigrams_async_biased
10	10	0.3516483516483517	0.41935483870967744
20	20	0.2127659574468085	0.5882352941176471
30	30	0.3666666666666667	0.5846153846153846
40	40	0.23529411764705882	0.28
50	50	0.23529411764705882	0.5245901639344263
60	60	0.4406779661016949	0.47058823529411764
70	70	0.4745762711864407	0.47761194029850745
80	80	0.5483870967741935	0.5428571428571428
90	90	0.59375	0.6578947368421053
100	100	0.626865671641791	0.684931506849315
110	110	0.5846153846153846	0.6944444444444444
120	120	0.6666666666666666	0.7027027027027026
130	130	0.5846153846153846	0.6835443037974684
140	140	0.6060606060606061	0.6666666666666666
150	150	0.5846153846153846	0.6923076923076924
160	160	0.626865671641791	0.6923076923076924
170	170	0.6567164179104478	0.7
180	180	0.6764705882352942	0.708860759493671
190	190	0.6666666666666666	0.7
193	193	null	0.7317073170731707
200	200	0.6666666666666666	null