size	dial	DS_comp_unigrams_async	DS_comp_unigrams_async_biased
1	14	1	0.7058823529411765
2	27	1	0.6111111111111112
3	39	0.7222222222222222	0.6111111111111112
4	58	0.8	0.6956521739130435
5	63	0.7666666666666667	0.8571428571428571
6	70	0.7666666666666667	0.8571428571428571
7	76	0.75	0.8787878787878788
8	92	0.75	0.90625
9	99	0.7741935483870968	0.8709677419354839
10	107	0.7741935483870968	0.8235294117647058
11	119	0.8	0.8235294117647058
12	130	0.7272727272727273	0.8235294117647058
13	141	0.7272727272727273	0.8235294117647058
14	146	0.7272727272727273	0.8484848484848485
15	154	0.7272727272727273	0.8709677419354839
16	161	0.7666666666666667	0.9
17	170	0.7586206896551724	0.9310344827586207
18	188	0.8148148148148148	0.8235294117647058
19	279	0.8148148148148148	0.8333333333333334
20	210	0.8461538461538461	null