size	dial	DS_comp_unigrams_async	DS_comp_unigrams_async_biased
10	10	0.4810126582278481	0.3733333333333333
20	20	0.3384615384615385	0.2941176470588235
30	30	0.3561643835616438	0.2941176470588235
40	40	0.3561643835616438	0.6190476190476191
50	50	0.34782608695652173	0.6024096385542168
60	60	0.5476190476190477	0.6024096385542168
70	70	0.5476190476190477	0.5853658536585366
80	80	0.5581395348837209	0.5783132530120483
90	90	0.5581395348837209	0.6000000000000001
100	100	0.5647058823529412	0.5925925925925926
110	110	0.5581395348837209	0.6511627906976745
120	120	0.5714285714285714	0.6428571428571428
130	130	0.5517241379310345	0.5925925925925926
140	140	0.5517241379310345	0.6190476190476191
150	150	0.5581395348837209	0.6352941176470589
160	160	0.5581395348837209	0.6190476190476191
170	170	0.5301204819277108	0.5679012345679013
180	180	0.5301204819277108	0.5925925925925926
190	190	0.5432098765432098	0.6341463414634145
200	200	0.5432098765432098	0.6341463414634145
210	210	0.5499999999999999	0.627906976744186
220	220	0.5853658536585366	0.627906976744186
230	230	0.5853658536585366	0.627906976744186
240	240	0.6097560975609756	0.6436781609195402
242	242	null	0.6588235294117647
250	250	0.6097560975609756	null