size	dial	DS_comp_unigrams_async	DS_comp_unigrams_async_biased
10	10	0.6052631578947368	0.4407894736842105
20	20	0.5493421052631579	0.6085526315789473
30	30	0.569078947368421	0.6151315789473685
40	40	0.569078947368421	0.5921052631578947
50	50	0.5723684210526315	0.6019736842105263
60	60	0.6085526315789473	0.5888157894736842
70	70	0.6085526315789473	0.5723684210526315
80	80	0.6118421052631579	0.5723684210526315
90	90	0.6217105263157895	0.625
100	100	0.618421052631579	0.6282894736842105
110	110	0.6151315789473685	0.625
120	120	0.631578947368421	0.6447368421052632
130	130	0.6085526315789473	0.6447368421052632
140	140	0.618421052631579	0.6414473684210527
150	150	0.6151315789473685	0.6513157894736842
160	160	0.618421052631579	0.6513157894736842
170	170	0.6085526315789473	0.6447368421052632
180	180	0.6282894736842105	0.6348684210526315
190	190	0.6480263157894737	0.6348684210526315
193	193	null	0.6348684210526315
200	200	0.6480263157894737	null