size	dial	DS_comp_unigrams_async	DS_comp_unigrams_async_biased
10	10	null	null
20	20	null	0.28080288214101906
30	30	null	0.34352976263489937
40	40	null	0.357022607022607
50	50	null	0.4791905718110538
60	60	null	0.48775313642200935
70	70	null	0.5996623692166164
80	80	null	0.5637810183264729
90	90	0.5154516743664029	0.5894782828631211
100	100	0.5572163374512672	0.5876312488382989
110	110	0.5346204186888245	0.5944312932769459
120	120	0.6248299319727891	0.5860008536064873
130	130	0.6092507114771573	0.5992638410339436
140	140	0.6297149716682028	0.5915866521268529
150	150	0.6247599619203047	0.6151388058859607
160	160	0.6259036916425673	0.6111658306157733
170	170	0.5920161156551745	0.629731045393696
180	180	0.6199984767984953	0.6264663479938288
190	190	0.6476818279912513	0.6255163576059098
200	200	0.6636444125065276	0.6267553334672422
210	210	0.6615664496361546	0.6151376991802524
220	220	0.6741286076455234	0.6149726148501159
230	230	0.6741286076455234	0.6587201449795694
240	240	0.6820165112848039	0.6731346507070665
250	250	0.6744938211691224	0.6396281401177362
260	260	0.6903035887094439	0.6951023888942863
270	270	0.7152952449395137	0.6640156517066534
279	279	null	0.6980322846706728
280	280	0.7152952449395137	null