size	dial	DS_comp_unigrams_async	DS_comp_unigrams_async_biased	DS_comp_unigrams_async_over	DS_comp_unigrams_async_under
10	10	0.3320493003415335	0.40974739429048374	0.2777767271665156	0.31189731287711675
20	20	0.3773020118893439	0.36913721651459874	0.37226702831185476	0.34167391785902995
30	30	0.4160778283679706	0.340112090768055	0.4187642028576503	0.2620994542884532
40	40	0.4468968471597554	0.35785117908970765	0.4418466712378343	0.30531504484903343
50	50	0.4570913334488314	0.37840209565861277	0.47483326893270233	0.25790996258058785
60	60	0.4786644610243835	0.4013425621650845	0.4787812754249781	0.25790996258058785
70	70	0.45616638583371744	0.4521482003551297	0.4742598981516646	0.3441705153268535
80	80	0.46779775003218443	0.4533043602091543	0.48603735827112454	0.3441705153268535
90	90	0.4513858812089915	0.45294840974742506	0.47790954155667864	0.3441705153268535
100	100	0.4836724243787033	0.45472678350543155	0.5057922016604112	0.41987377493876565