size	dial	NLU_Biased	NLU_Oversampled	NLU_Unbiased	NLU_Undersampled
10	10	0.4406397259687881	0.3679591574065793	0.3594567593825583	0.2985630693219331
20	20	0.30853945834910074	0.4230436836101559	0.40208064745918515	0.2739820743915395
30	30	0.35220132765903484	0.4057875028960817	0.40675366206657515	0.26568824353334264
40	40	0.34276489528591436	0.4615835288974373	0.46131229278061286	0.21041495004338698
50	50	0.35512478163925193	0.46856999222722867	0.4885374313048047	0.21041495004338698
60	60	0.3542422284210015	0.473764773211898	0.4500134748418361	0.40870406533924264
70	70	0.3666111270116028	0.47571713724789133	0.4425647545690879	0.40870406533924264
80	80	0.37683398501373827	0.5301845921172655	0.492466429200023	0.40870406533924264
90	90	0.4122721446919166	0.5290145990697799	0.49004151617501374	0.43165665493522165
100	100	0.41842769453490347	0.5255004184182613	0.516176307417929	0.43165665493522165
110					
120					
130					
140					
150					
160					
170					
180					