size	dial	DS_comp_unigrams_async	DS_comp_unigrams_async_biased
10	10	0.4696476250763551	0.30337706541351045
20	20	0.34772324194119697	0.35131201721748645
30	30	0.37172916535288864	0.35131201721748645
40	40	0.37172916535288864	0.4066945255896494
50	50	0.3495483833866083	0.393908002472244
60	60	0.42235617881241977	0.4114409355542573
70	70	0.42266887424706634	0.4181841170811759
80	80	0.420390194433085	0.467924845463461
90	90	0.44703851679070744	0.4934898008911167
100	100	0.46686724666375823	0.4823594720571205
110	110	0.45302137474675097	0.4825676811679052
120	120	0.48192734010551774	0.48297867825402246
130	130	0.48892695720839074	0.4810778167393969
140	140	0.4768749653716926	0.47925179537047446
150	150	0.5006449926469689	0.47200714717381387
160	160	0.4808944445119639	0.47200714717381387
170	170	0.4328271906780679	0.4936990372879905
180	180	0.45417203473387285	0.45858351612804704
190	190	0.48327408770340236	0.482609881715595
200	200	0.4397233940567391	0.4719278747760197
210	210	0.44021192395005004	0.47516753070690376
220	220	0.46261991582395035	0.48341584650970254
230	230	0.46261991582395035	0.47145682716894227
240	240	0.4759786007068616	0.4880751524367478
250	250	0.4687519256829322	0.49315008080714196
257	257	null	0.5066568563596323
260	260	0.4647003806057409	null