size	dial	NLU_Biased	NLU_Oversampled	NLU_Unbiased	NLU_Undersampled
10	10	0.41357099378282836	0.3749613759134182	0.36388518385625374	0.32053191420877414
20	20	0.3185548255351977	0.43376475787349283	0.40905103122019826	0.2953454995148664
30	30	0.3735203456856642	0.4160719580324783	0.4087050527294494	0.2819580675475085
40	40	0.36045259632631926	0.4485149836926374	0.42878598837201753	0.20498007901086127
50	50	0.37320560715228457	0.4472569101117732	0.45007329075617175	0.20498007901086127
60	60	0.37149984001001674	0.4695109165047808	0.44847469755043673	0.4148296538961161
70	70	0.3847976653490377	0.4751175358223329	0.44663743917234333	0.4148296538961161
80	80	0.3954812294535427	0.5081658322779449	0.4821650143057694	0.4148296538961161
90	90	0.4347336669013943	0.5042458264982015	0.48357860094412114	0.4319161435874931
100	100	0.4434602028570118	0.5062487350525157	0.4990827624672019	0.4319161435874931
110					
120					
130					
140					
150					
160					
170					
180					