size	dial	NLU_Biased	NLU_Oversampled	NLU_Unbiased	NLU_Undersampled
10	10	0.3914854882564729	0.5663290897929003	0.5825124307799233	0.42062926231218256
20	20	0.39378739407992674	0.5760430498384456	0.5659169781547113	0.4735880572931538
30	30	0.4219363032495016	0.5553994641512666	0.5433252568472021	0.2787590187285095
40	40	0.4738893286399187	0.5382575130806702	0.5287299125287914	0.38055060881147834
50	50	0.42096024305827545	0.6527341965675718	0.6511690082384027	0.666228047317796
60	60	0.49632346446608433	0.6611085696675348	0.6486596762195621	0.6661278544380742
64					
70	70	0.5337384140766966	0.6693503653092797	0.6683250866054943	0.6661278544380742
78	78	null	0.6689044155183016	0.6661440294550198	0.6664699280007104
80	80	0.5625929313577418	null	null	null
87					
88					
90	90	0.7082839674944937	null	null	null
91					
94					
100	100	0.7099516054942248	null	null	null