size	dial	DS_comp_unigrams_async	DS_comp_unigrams_async_biased
1	14	0.3485109635199138	0.45827307160501
2	17	0.37117947978899724	0.41357401113942954
3	39	0.37708180744204584	0.3979373820894289
4	53	0.3704632521897973	0.48449914088454304
5	64	0.4223846633441716	0.47641281400585656
6	78	0.4229933325324678	0.49820681162067276
7	76	0.42138060401378763	0.49729880684170025
8	98	0.4346711219735996	0.5048840738270566
9	133	0.42364770592202566	0.44663890791101496
10	144	0.4519142062250141	0.4493397744873162
11	119	0.4448460830384872	0.403954234227712
12	130	0.4372527975392702	0.41507880142453885
13	141	0.4498060365160555	0.4046740924258607
14	146	0.4498060365160555	0.441039857412185
15	154	0.4552185374317068	0.4379437377305964
16	161	0.4283130573005626	0.42890852216520065
17	170	0.41227199516673185	0.4262787084274926
18	188	0.4548038402067698	0.43579235811763706
19	199	0.4147801405003584	0.4370363645226403
20	210	0.40347395745881875	0.4664683284441525
21	224	0.4151817206991961	0.44770369132855214
22	230	0.4151817206991961	null