size	dial	DS_comp_unigrams_async	DS_comp_unigrams_async_biased
1	14	0.6423173803526449	0.7506297229219143
2	17	0.6801007556675063	0.6826196473551638
3	39	0.7128463476070529	0.6120906801007556
4	53	0.7128463476070529	0.7556675062972292
5	64	0.7581863979848866	0.7279596977329975
6	78	0.7581863979848866	0.72544080604534
7	76	0.7556675062972292	0.7229219143576826
8	98	0.7581863979848866	0.7531486146095718
9	133	0.7481108312342569	0.7329974811083123
10	144	0.7531486146095718	0.7556675062972292
11	119	0.7707808564231738	0.7355163727959698
12	130	0.7229219143576826	0.7329974811083123
13	141	0.7405541561712846	0.7355163727959698
14	146	0.7405541561712846	0.7355163727959698
15	154	0.7405541561712846	0.7455919395465995
16	161	0.7355163727959698	0.7204030226700252
17	170	0.7329974811083123	0.7178841309823678
18	188	0.7707808564231738	0.7279596977329975
19	199	0.7657430730478589	0.7380352644836272
20	210	0.7279596977329975	0.7506297229219143
21	224	0.7329974811083123	0.7556675062972292
22	230	0.7329974811083123	null