size	dial	NLU_Biased	NLU_Oversampled	NLU_Unbiased	NLU_Undersampled
10	10	0.6631455399061033	0.7235387045813586	0.7051094890510949	0.6673469387755102
20	20	0.7006134969325153	0.7602836879432624	0.760522496371553	0.5730337078651685
30	30	0.6925837320574163	0.7213541666666666	0.7201591511936339	0.25
40	40	0.6935096153846154	0.6933497536945813	0.688504326328801	0.43407407407407406
50	50	0.7058823529411765	0.7274909963985594	0.7261761158021713	0.7474226804123711
60	60	0.7144535840188014	0.7247924080664294	0.724390243902439	0.7461538461538462
64					
70	70	0.7255139056831923	0.7273809523809524	0.7259786476868327	0.7461538461538462
78	78	null	0.7273809523809524	0.7247924080664294	0.7516087516087516
80	80	0.7216748768472906	null	null	null
87					
88					
90	90	0.7187112763320942	null	null	null
91					
100	100	0.7308641975308642	null	null	null