size	dial	NLU_Biased	NLU_Oversampled	NLU_Unbiased	NLU_Undersampled
10	10	0.7516417910447761	0.6835820895522388	0.6788059701492537	0.5134328358208955
20	20	0.6358208955223881	0.6746268656716418	0.7098507462686567	0.3982089552238806
30	30	0.7194029850746269	0.6949253731343283	0.6961194029850746	0.36059701492537316
40	40	0.7008955223880597	0.7116417910447761	0.7188059701492537	0.17253731343283582
50	50	0.7170149253731344	0.72	0.7355223880597015	0.17253731343283582
60	60	0.7194029850746269	0.7456716417910447	0.7605970149253731	0.7229850746268657
70	70	0.7235820895522388	0.7540298507462686	0.7546268656716418	0.7229850746268657
80	80	0.72	0.7707462686567165	0.7647761194029851	0.7229850746268657
90	90	0.7444776119402985	0.7767164179104478	0.7647761194029851	0.7164179104477612
100	100	0.746268656716418	0.7820895522388059	0.7785074626865671	0.7164179104477612
110					
120					
130					
140					
150					
160					
170					
180					