size	dial	biased	oversampled	unbiased	undersampled
10	10	0.6083964211975224	0.5434929197572489	0.5403225806451613	0.4972222222222222
20	20	0.5245901639344263	0.5588025659301497	0.5588025659301497	0.3549337260677467
30	30	0.572987721691678	0.4955017301038062	0.4955017301038062	0.2429906542056075
40	40	0.6262886597938144	0.5151515151515151	0.5154639175257733	0.22936357908002522
50	50	0.644415917843389	0.5773059057730591	0.5799601857996018	0.5426460711887172
60	60	0.6947765890497168	0.5759787657597877	0.5782493368700266	0.5496286293045239
70	70	0.710691823899371	0.656429942418426	0.656429942418426	0.5496286293045239
80					
90					
100					
110					
120					
130					