size	dial	DS_comp_unigrams_async	DS_comp_unigrams_async_biased
10	10	0.863849765258216	0.8855721393034826
20	20	0.8366336633663366	0.8466666666666667
30	30	0.8502415458937198	0.8307692307692308
40	40	0.8502415458937198	0.8461538461538461
50	50	0.8516746411483254	0.8540145985401459
60	60	0.8679245283018868	0.8698630136986302
70	70	0.8666666666666667	0.911504424778761
80	80	0.8660287081339713	0.9152542372881356
90	90	0.8701923076923077	0.907563025210084
100	100	0.8640776699029126	0.8931297709923665
110	110	0.8719211822660099	0.8695652173913043
120	120	0.8676470588235294	0.8682170542635659
130	130	0.8756476683937824	0.8538461538461538
140	140	0.8762886597938144	0.8625954198473282
150	150	0.8802083333333334	0.8835616438356164
160	160	0.8756476683937824	0.8695652173913043
170	170	0.8711340206185567	0.8707482993197279
180	180	0.8666666666666667	0.8789808917197452
190	190	0.8730964467005076	0.8782051282051282
200	200	0.8730964467005076	0.8789808917197452
210	210	0.8702702702702703	0.8709677419354839
220	220	0.875	0.8670886075949367
230	230	0.875	0.8670886075949367
240	240	0.8791208791208791	0.8831168831168831
242	242	null	0.8823529411764706
250	250	0.8770949720670391	null