size	dial	DS_comp_unigrams_async	DS_comp_unigrams_async_biased
10	10	0.9787234042553191	0.9308510638297872
20	20	0.898936170212766	0.8882978723404256
30	30	0.9361702127659575	0.898936170212766
40	40	0.9361702127659575	0.9095744680851063
50	50	0.9468085106382979	0.9202127659574468
60	60	0.9787234042553191	0.9202127659574468
70	70	0.9680851063829787	0.9202127659574468
80	80	0.9627659574468085	0.9202127659574468
90	90	0.9627659574468085	0.9095744680851063
100	100	0.9468085106382979	0.8882978723404256
110	110	0.9414893617021277	0.8776595744680851
120	120	0.9414893617021277	0.8936170212765957
130	130	0.898936170212766	0.8670212765957447
140	140	0.9042553191489362	0.8882978723404256
150	150	0.898936170212766	0.8776595744680851
160	160	0.898936170212766	0.851063829787234
170	170	0.898936170212766	0.8457446808510638
180	180	0.898936170212766	0.8617021276595744
190	190	0.9148936170212766	0.8617021276595744
191	191	null	0.8670212765957447
200	200	0.9148936170212766	null