size	dial	DS_comp_unigrams_async	DS_comp_unigrams_async_biased
10	10	0.9177057356608479	0.9144385026737968
20	20	0.8666666666666667	0.8627450980392156
30	30	0.8911392405063292	0.8264462809917356
40	40	0.8911392405063292	0.8663101604278075
50	50	0.8967254408060452	0.8695652173913044
60	60	0.92	0.8424068767908309
70	70	0.9145728643216081	0.7096774193548386
80	80	0.9118387909319899	0.6578073089700996
90	90	0.914141414141414	0.8653295128939827
100	100	0.9035532994923857	0.8913043478260869
110	110	0.90537084398977	0.8857938718662953
120	120	0.9030612244897959	0.8839779005524862
130	130	0.8871391076115485	0.8901098901098901
140	140	0.8900523560209425	0.9030470914127423
150	150	0.8894736842105263	0.8717948717948718
160	160	0.8871391076115485	0.8788732394366198
170	170	0.8848167539267016	0.8846153846153845
180	180	0.8825065274151437	0.8931506849315068
190	190	0.8935064935064935	0.8907103825136612
200	200	0.8935064935064935	0.8937329700272482
210	210	0.8632707774798927	0.9027027027027026
220	220	0.8655913978494624	0.8948787061994609
230	230	0.8655913978494624	0.891891891891892
240	240	0.8648648648648649	0.8023255813953487
250	250	0.8555858310626703	0.7941176470588236
260	260	0.8524590163934428	0.7941176470588236
270	270	0.8705234159779615	0.7797619047619048
280	280	0.8705234159779615	0.7941176470588236
290	290	0.8834688346883469	0.7953216374269007
300	300	0.8767123287671232	0.8309455587392549
302	302	null	0.8171428571428572
310	310	0.8842105263157894	null