size	dial	NLU_Biased	NLU_Oversampled	NLU_Unbiased	NLU_Undersampled
10	10	0	0.46875	0.43283582089552236	0.4125
20	20	0.425	0.5625	0.5684210526315789	0.3050847457627119
30	30	0.4444444444444444	0.4714285714285714	0.4714285714285714	0.15849056603773584
40	40	0.4772727272727273	0.5147058823529411	0.4892086330935252	0.2025974025974026
50	50	0.4943820224719101	0.5039370078740157	0.48854961832061067	0.4748201438848921
60	60	0.45977011494252873	0.512	0.49612403100775193	0.460431654676259
64					
70	70	0.4772727272727273	0.5289256198347108	0.5289256198347108	0.460431654676259
78	78	null	0.5289256198347108	0.5289256198347108	0.4626865671641791
80	80	0.45454545454545453	null	null	null
87					
88					
90	90	0.4827586206896552	null	null	null
91					
100	100	0.4827586206896552	null	null	null