size	dial	biased	oversampled	unbiased	undersampled
10	10	0.3508771929824561	0.45614035087719296	0.45614035087719296	0.5789473684210527
20	20	0.7192982456140351	0.3684210526315789	0.3684210526315789	0.5964912280701754
30	30	0.631578947368421	0.45614035087719296	0.45614035087719296	0.7017543859649122
40	40	0.5964912280701754	0.5263157894736842	0.5263157894736842	0.6491228070175439
50	50	0.5087719298245614	0.49122807017543857	0.49122807017543857	0.45614035087719296
60	60	0.5087719298245614	0.45614035087719296	0.45614035087719296	0.5087719298245614
70	70	0.5087719298245614	0.38596491228070173	0.38596491228070173	0.5087719298245614
80					
90					
100					
110					
120					
130					