size	dial	DS_comp_unigrams_async	DS_comp_unigrams_async_biased	DS_comp_unigrams_async_over	DS_comp_unigrams_async_under
10	10	null	null	null	null
20	20	null	null	null	null
30	30	0.5384615384615384	0.4473684210526316	0.5576923076923077	0.3516483516483517
40	40	0.7142857142857143	0.5555555555555556	0.6944444444444444	0.3563218390804598
50	50	0.38144329896907214	0.6071428571428571	0.37	0.13414634146341464
60	60	0.35294117647058826	0.5074626865671642	0.37	0.13414634146341464
70	70	0.37894736842105264	0.34375	0.38461538461538464	0.2867647058823529
80	80	0.38823529411764707	0.36363636363636365	0.38202247191011235	0.2867647058823529
90	90	0.3902439024390244	0.37719298245614036	0.39759036144578314	0.2867647058823529
100	100	0.3465346534653465	0.37962962962962965	0.35714285714285715	0.2932330827067669