size	dial	DS_comp_unigrams_async	DS_comp_unigrams_async_biased
10	10	null	0.17241379310344832
20	20	null	0.17241379310344832
30	30	null	0.4594594594594595
40	40	null	0.36363636363636365
50	50	null	0.6185567010309279
60	60	null	0.5869565217391304
70	70	null	0.5555555555555556
80	80	null	0.5454545454545455
90	90	0.07407407407407407	0.5681818181818182
100	100	0.2033898305084746	0.6086956521739131
110	110	0.14035087719298245	0.6236559139784946
120	120	0.4	0.6153846153846154
130	130	0.38888888888888884	0.6236559139784946
140	140	0.4473684210526316	0.568421052631579
150	150	0.4266666666666667	0.5979381443298969
160	160	0.43243243243243246	0.568421052631579
170	170	0.3611111111111111	0.5319148936170213
180	180	0.4473684210526316	0.5473684210526315
190	190	null	0.5376344086021505
194	194	null	0.5434782608695652
200			