size	dial	DS_comp_unigrams_async	DS_comp_unigrams_async_biased	DS_comp_unigrams_async_over	DS_comp_unigrams_async_under
10	10	0.4207920792079208	0.7204301075268817	0.4036697247706422	0.4074074074074074
20	20	0.6062992125984252	0.7459016393442623	0.6141732283464567	0.48823529411764705
30	30	0.7232142857142857	0.6018099547511312	0.7181818181818181	0.4207650273224044
40	40	0.7450980392156863	0.656084656084656	0.7448979591836735	0.5401459854014599
50	50	0.7448979591836735	0.6517412935323383	0.7553191489361702	0.6372549019607843
60	60	0.7142857142857143	0.6442307692307693	0.7	0.6372549019607843
70	70	0.7105263157894737	0.6854460093896714	0.7121212121212122	0.65625
80	80	0.7264957264957265	0.7208121827411168	0.7142857142857143	0.65625
90	90	0.7244094488188977	0.7233009708737864	0.71875	0.65625
100	100	0.7401574803149606	0.7246376811594203	0.7480916030534351	0.6851851851851852