size	dial	DS_comp_unigrams_async	DS_comp_unigrams_async_biased
1	14	0	0
2	17	0	0.19230769230769232
3	39	0	0.4423076923076923
4	53	0	0.4423076923076923
5	64	0	0.4423076923076923
6	78	0	0.46153846153846156
7	76	0	0.46153846153846156
8	98	0.038461538461538464	0.46153846153846156
9	133	0.07692307692307693	0.6153846153846154
10	144	0.09615384615384616	0.6153846153846154
11	119	0.2692307692307692	0.6153846153846154
12	130	0.2692307692307692	0.6153846153846154
13	141	0.28846153846153844	0.5961538461538461
14	146	0.28846153846153844	0.6153846153846154
15	154	0.3076923076923077	0.6346153846153846
16	161	0.25	0.6153846153846154
17	170	0.25	0.5769230769230769
18	188	0.38461538461538464	0.5961538461538461
19	199	0.4423076923076923	0.5769230769230769
20	210	0.46153846153846156	0.5192307692307693
21	224	0.46153846153846156	0.5192307692307693
22	230	0.46153846153846156	null