size	dial	DS_comp_unigrams_async	DS_comp_unigrams_async_biased
10	10	0.6576923076923077	0.49230769230769234
20	20	0.6307692307692307	0.6038461538461538
30	30	0.6307692307692307	0.6
40	40	0.6307692307692307	0.6192307692307693
50	50	0.65	0.65
60	60	0.6692307692307692	0.6884615384615385
70	70	0.676923076923077	0.6884615384615385
80	80	0.676923076923077	0.7
90	90	0.6653846153846154	0.6923076923076923
100	100	0.6576923076923077	0.6807692307692308
110	110	0.6653846153846154	0.6730769230769231
120	120	0.6884615384615385	0.6730769230769231
130	130	0.7	0.6692307692307692
140	140	0.6961538461538461	0.6346153846153846
150	150	0.6961538461538461	0.6346153846153846
160	160	0.6961538461538461	0.6346153846153846
170	170	0.6923076923076923	0.6461538461538462
180	180	0.7076923076923077	0.6653846153846154
190	190	0.7076923076923077	0.6576923076923077
200	200	0.7115384615384616	0.65
210	210	0.7	0.6730769230769231
220	220	0.7153846153846154	0.6576923076923077
230	230	0.7	0.6653846153846154
240	240	0.7192307692307692	0.6730769230769231
250	250	0.7076923076923077	0.676923076923077
257	257	null	0.6846153846153846
260	260	0.7076923076923077	null