size	dial	NLU_Biased	NLU_Oversampled	NLU_Unbiased	NLU_Undersampled
10	10	0.7146401985111662	0	0	0
20	20	0.4980544747081712	0.48854961832061067	0.48854961832061067	0
30	30	0.5958549222797928	0.6925566343042071	0.6819672131147541	0
40	40	0.6060606060606061	0.7156549520766773	0.6797385620915033	0
50	50	0.603448275862069	0.7212121212121212	0.6770186335403726	0
60	60	0.6166666666666667	0.7037037037037037	0.6748466257668712	0
64					
70	70	0.690537084398977	0.72	0.711484593837535	0.6981132075471698
78					
80	80	0.615819209039548	0.7493403693931399	0.746031746031746	0.6709677419354839
87					
88					
90	90	0.6187845303867403	0.7700831024930748	0.7526881720430108	0.7223880597014926
91					
100	100	0.7407407407407407	0.7958115183246073	0.7789473684210526	0.7289719626168224