size	dial	DS_comp_unigrams_async	DS_comp_unigrams_async_biased
10	10	null	0.6600985221674877
20	20	0.6388888888888888	0.541501976284585
30	30	0.6666666666666666	0.6277777777777778
40	40	0.8571428571428571	0.697841726618705
50	50	0.8301886792452831	0.7103448275862069
60	60	0.7741935483870968	0.5775401069518716
70	70	0.7741935483870968	0.5893719806763285
80	80	0.8125	0.5853658536585366
90	90	0.7349397590361446	0.6169154228855721
95			
100	100	0.7522123893805309	0.6467661691542289
109			
110	110	0.7920792079207921	0.6346153846153846
114			
116	116	null	0.6243654822335025
120	120	0.7843137254901961	null
125			
130	130	0.8252427184466019	null
140			
150			