size	dial	NLU_Biased	NLU_Oversampled	NLU_Unbiased	NLU_Undersampled
10	10	0.7815533980582524	0	0	0
20	20	0.8398058252427184	0	0	0
30	30	0.7766990291262136	0	0	0
40	40	0.8349514563106796	0.3155339805825243	0.3155339805825243	0
50	50	0.8300970873786407	0.5145631067961165	0.5145631067961165	0
60	60	0.7281553398058253	0.5922330097087378	0.5631067961165048	0
70	70	0.7864077669902912	0.558252427184466	0.5388349514563107	0
80	80	0.7815533980582524	0.5776699029126213	0.5485436893203883	0
90	90	0.7912621359223301	0.5825242718446602	0.5436893203883495	0
100	100	0.7961165048543689	0.5825242718446602	0.558252427184466	0.5533980582524272
110	110	0.7912621359223301	0.6504854368932039	0.6262135922330098	0.5533980582524272
120	120	0.7961165048543689	0.6456310679611651	0.6213592233009708	0.5485436893203883
130	130	0.8009708737864077	0.558252427184466	0.6990291262135923	0.5485436893203883
140	140	0.8009708737864077	0.6747572815533981	0.6650485436893204	0.6116504854368932
150	150	null	0.7038834951456311	0.6699029126213593	0.5922330097087378
160					
170					
180					