size	dial	DS_comp_unigrams_async	DS_comp_unigrams_async_biased	DS_comp_unigrams_async_over	DS_comp_unigrams_async_under
10	10	0.2795342267252079	0.4654879627738983	0.2793305867382043	0.3050507133859
20	20	0.32579385057839366	0.49788207937854123	0.325627183911727	0.3405282389635802
30	30	0.32842821204115663	0.43299578718280135	0.331250895138603	0.2671586091164334
40	40	0.3674859052429044	0.39417631090574795	0.37985929904486965	0.2671586091164334
50	50	0.394248098426686	0.4135907141861543	0.3868439634529079	0.2671586091164334
60	60	0.41296646893457484	0.417380749725102	0.4508607540780282	0.2671586091164334
70	70	0.3795369362220334	0.41561836514007655	0.41039066704716926	0.2671586091164334
80	80	0.41554318913954247	0.4271294620789885	0.4553347959278641	0.2671586091164334
90	90	0.4199780809960706	0.45661424359369995	0.47179194330672214	0.2671586091164334
100	100	0.45934508606600805	0.45802779462687904	0.4997423516225597	0.23594850329784162