size	dial	DS_Component_wise	DS_Composite_wise
1	17	0.29223672479916696	0.10715615214989434
2	36	0.25262643913259814	0.15331726980663152
3	48	0.30602842668930713	0.2000301720310774
4	53	0.29349445124102963	0.19165301624625777
5	64	0.27765444088660607	0.2133220790564209
6	81	0.27304888223231877	0.24770720115547695
7	89	0.2847723065422074	0.24813786116060504
8	98	0.30080560371001547	0.252673921822858
9	113	0.32035752676452633	0.2638564988047997
10	124	0.2964562023071379	0.2628013129537899
15	175	0.3179238823618114	0.2721810691143046
20	238	0.3660524400524401	0.30397259629341583
30	403	0.41915544606502	0.40450150393085177
40	534	0.3853726867478849	0.37492771253197166
50	701	0.4197579438709304	0.4282202991565593
60	851	0.36904600994730763	0.40311285767862187
70	968	0.3974523996824784	0.4789855277601866
80	1155	0.39694587618500665	0.47108669478744036
90	1295	0.3873738441617464	0.5055522528297172