size	dial	NLU_Biased	NLU_Oversampled	NLU_Unbiased	NLU_Undersampled
10	10	0.3319995415124092	0.3558793746623864	0.3763126706799336	0.24808327637275004
20	20	0.414943270930578	0.4641549309509741	0.47499370686864173	0.24808327637275004
30	30	0.5193679305843214	0.531615568931129	0.5112101524061836	0.24808327637275004
40	40	0.5411898103835951	0.5079192240782784	0.4629647665112866	0.24808327637275004
50	50	0.5088587043715029	0.5338651263603666	0.46503652742920076	0.24808327637275004
60	60	0.48872833404081617	0.5650427843175887	0.5248714471996236	0.28893999322185326
64					
70	70	0.512023140740425	0.5595002421631825	0.5429806813808279	0.4427986939347748
78					
80	80	0.4983480869294914	0.5211431366840654	0.5144989605035283	0.46089199601841174
87					
88					
90	90	0.5486397825674797	0.5282122147930425	0.5046095380255793	0.5748856101047666
91					
100	100	0.5289966287214142	0.539292264673263	0.5203766584326981	0.5739621988372917