size	dial	NLU_Biased	NLU_Oversampled	NLU_Unbiased	NLU_Undersampled
10	10	0.392767929089444	0.4569620760488296	0.45723212735771457	0.40934085778704665
20	20	0.42053970904086646	0.5819932108216402	0.552862208096838	0.40934085778704665
30	30	0.4875903601980157	0.6174945473451137	0.6236816435065231	0.40934085778704665
40	40	0.5496707565743485	0.6287411842579939	0.6201266725710952	0.40934085778704665
50	50	0.6120385541588846	0.6299122952988061	0.6164468887227664	0.40934085778704665
60	60	0.6005450945860019	0.6706860644571523	0.6651939945662847	0.4668293069916571
64					
70	70	0.6371154875014821	0.6997920586077774	0.6968227322054759	0.6290919884623112
78					
80	80	0.6329983781849982	0.680309228576488	0.6809523809523809	0.6445538368555499
87					
88					
90	90	0.6441008820298438	0.6882453920313665	0.6802768108592276	0.6727738018136985
91					
100	100	0.6018836748977605	0.7105740078133075	0.7028576182116507	0.7001951604356437