size	dial	NLU_Biased	NLU_Oversampled	NLU_Unbiased	NLU_Undersampled
10	10	0.28819000502190045	0.2854776568847829	0.2964586823824192	0.20683285296664536
20	20	0.2621189381953746	0.3646378272247614	0.3694899585335471	0.20683285296664536
30	30	0.4049013038539055	0.415653046196527	0.3852817011344197	0.20683285296664536
40	40	0.45205060456950236	0.4272477816726763	0.3728227046333286	0.20683285296664536
50	50	0.39116294635304594	0.44359484410479383	0.38076165335961926	0.20683285296664536
60	60	0.32549242230561026	0.4913314371300654	0.4315374997612665	0.2715819253299843
64					
70	70	0.35259658092780716	0.4900377199953901	0.4608112200092424	0.3740190360999768
78					
80	80	0.41887496749256026	0.4687595344910288	0.46158328457872344	0.4019144805647987
87					
88					
90	90	0.3953996258272767	0.4756321767343974	0.4371488050515517	0.49293123857509435
91					
94					
100	100	0.4392631962861517	0.48496761319599574	0.47229959964330415	0.490567960636949