size	dial	DS_comp_unigrams_async	DS_comp_unigrams_async_biased
10	10	null	null
20	20	null	0.5155075585455332
30	30	null	0.5002065365003184
40	40	null	0.5605971569411785
50	50	0.5011889054111601	0.5831817464470526
60	60	0.5379142300194931	0.6105308669824799
70	70	0.5507416916274426	0.6281610553408591
80	80	0.5471525993169354	0.6373914436362479
90	90	0.5727137017132883	0.7144051180923886
100	100	0.5858711129484175	0.7093059446000624
110	110	0.5879236320453092	0.6993592864816404
120	120	0.6580889741481685	0.7051775082966857
130	130	0.6955328374929602	0.711826634903558
135	135	null	0.7045022877713781
140	140	0.6836013626593945	null