size	dial	NLU_Biased	NLU_Oversampled	NLU_Unbiased	NLU_Undersampled
10	10	0.463486641055976	0.2885119929112436	0.2889000740864669	0.24925615744862126
20	20	0.5026910787708815	0.3354007993792748	0.3271383600629078	0.2598791114427904
30	30	0.5141269806262645	0.3500906770105466	0.33588411966559695	0.2598791114427904
40	40	0.5083339884983871	0.3831306055365823	0.3871448419161216	0.2598791114427904
50	50	0.5211158224675528	0.40477077856793614	0.3876998632684581	0.2598791114427904
60	60	0.44920850657507805	0.45742048314140216	0.4167204622366798	0.2598791114427904
70	70	0.46570590182618393	0.42271805564003856	0.41166534555992806	0.2598791114427904
80	80	0.47765037809935834	0.4580535581628339	0.4153056474890496	0.2598791114427904
90	90	0.4824161566991187	0.46976371562433306	0.4182714802868151	0.2598791114427904
100	100	0.5140683497887376	0.49836068835624947	0.461888327793654	0.3775952380576032
110	110	0.5068305923889902	0.5108208174727057	0.4835654951161789	0.3775952380576032
120	120	0.5152809036064884	0.5076808428427297	0.4816843511444977	0.4184802037465346
130	130	0.5263163937492316	0.5204177562595362	0.5126637529731622	0.4184802037465346
140	140	0.5380400406417373	0.5114986512318925	0.5148852518571613	0.45824846115037954
150	150	null	0.5177286733731891	0.48128700102864735	0.47438412435347277
160					
170					
180					