size	dial	NLU_Biased	NLU_Oversampled	NLU_Unbiased	NLU_Undersampled
10	10	0.6689536878216124	0.7172859450726979	0.7214983713355049	0.5895117540687161
20	20	0.6915708812260536	0.7440559440559441	0.7471910112359551	0.5895117540687161
30	30	0.7604871447902571	0.7899860917941586	0.7866108786610879	0.5895117540687161
40	40	0.7794316644113667	0.7927677329624478	0.7827298050139275	0.5895117540687161
50	50	0.7650513950073421	0.7945205479452054	0.7836338418862691	0.5895117540687161
60	60	0.6546762589928058	0.7920529801324503	0.7837116154873164	0.6907993966817496
64					
70	70	0.716030534351145	0.7962962962962963	0.7921052631578948	0.7630057803468208
78					
80	80	0.7465564738292011	0.7730769230769231	0.768837803320562	0.7660738714090287
87					
88					
90	90	0.7460545193687231	0.7739463601532567	0.7674714104193139	0.7841530054644809
91					
94					
100	100	0.7750677506775068	0.7770859277708593	0.7684605757196495	0.7942386831275721