size	dial	DS_comp_unigrams_async	DS_comp_unigrams_async_biased
10	10	0.6149914821124361	0.72052067381317
20	20	0.45884072089624944	0.7140144322066083
30	30	0.5326633165829145	0.6586054010479645
40	40	0.6795180722891566	0.7267483777937995
50	50	0.738800303720577	0.720203488372093
60	60	0.7470787787410478	0.7357293868921776
70	70	0.750186428038777	0.747716092761771
80	80	0.7655502392344498	0.7461730153079388
90	90	0.7572168763878607	0.7581837381203801
95			
100	100	0.7701863354037267	0.7587921847246892
109			
110	110	0.7614911328266377	0.7550371155885472
114			
116	116	null	0.7479323984178354
120	120	0.7600144352219415	null
125			
130	130	0.7726459004654492	null
140			
150			