size	dial	DS_comp_unigrams_async	DS_comp_unigrams_async_biased
10	10	0.7995570321151716	0.8063410454155956
20	20	0.774671052631579	0.7912457912457912
30	30	0.7836021505376344	0.7886100386100386
40	40	0.8095693779904306	0.7584650112866818
50	50	0.8183347350714887	0.7582249426166794
60	60	0.820364238410596	0.7494615936826992
70	70	0.8132578819725141	0.7594575303354747
80	80	0.8176100628930818	0.7683284457478006
90	90	0.8138424821002387	0.7714899713467048
95			
100	100	0.8157894736842105	0.7795620437956204
109			
110	110	0.7981790591805766	0.7716763005780347
114			
116	116	null	0.7784431137724551
120	120	0.7941176470588235	null
125			
130	130	0.8004451038575667	null
140			
150			