size	dial	DS_comp_unigrams_async	DS_comp_unigrams_async_biased
10	10	0.49688581314878894	0.32941176470588235
20	20	0.6913494809688582	0.4975778546712803
30	30	0.696885813148789	0.6608996539792388
40	40	0.7342560553633218	0.6941176470588235
50	50	0.770242214532872	0.7432525951557093
60	60	0.7813148788927335	0.7660899653979238
70	70	0.7854671280276817	0.7211072664359861
80	80	0.7930795847750866	0.71280276816609
90	90	0.797923875432526	0.754325259515571
91	91	null	0.7522491349480969
100	100	0.8089965397923875	null
102			
110	110	0.8055363321799308	null
120	120	0.8110726643598616	null
130	130	0.8006920415224914	null
140			
150			