size	dial	DS_comp_unigrams_async	DS_comp_unigrams_async_biased
10	10	0.8769230769230769	0.852760736196319
20	20	0.8633879781420765	0.8980891719745223
30	30	0.8688524590163934	0.9032258064516129
40	40	0.8688524590163934	0.9084967320261438
50	50	0.8763440860215054	0.9130434782608695
60	60	0.8770053475935828	0.9080459770114943
70	70	0.8823529411764706	0.927710843373494
80	80	0.8776595744680851	0.9337349397590361
90	90	0.8895027624309392	0.9325153374233128
100	100	0.8839779005524862	0.93125
110	110	0.8852459016393442	0.9290322580645162
120	120	0.8907103825136612	0.9290322580645162
130	130	0.9195402298850575	0.9290322580645162
140	140	0.9142857142857143	0.9300699300699301
150	150	0.9157303370786517	0.9230769230769231
160	160	0.9209039548022598	0.9241379310344827
170	170	0.9244186046511628	0.9310344827586207
180	180	0.936046511627907	0.9328859060402684
190	190	0.930635838150289	0.9315068493150684
200	200	0.930635838150289	0.9387755102040817
210	210	0.9382716049382716	0.9403973509933775
220	220	0.9386503067484663	0.9050632911392406
230	230	0.9316770186335404	0.9171974522292994
240	240	0.9341317365269461	0.9225806451612903
250	250	0.9320987654320988	0.9171974522292994
257	257	null	0.9245283018867925
260	260	0.9320987654320988	null