size	dial	NLU_Biased	NLU_Oversampled	NLU_Unbiased	NLU_Undersampled
10	10	0.8528678304239401	0.8637362637362638	0.8596491228070176	0.6809651474530831
20	20	0.8110964332892999	0.9168591224018475	0.9147465437788018	0.6809651474530831
30	30	0.8274967574578469	0.9218203033838973	0.9207459207459208	0.6809651474530831
40	40	0.8292046936114733	0.9004739336492891	0.8970414201183432	0.6809651474530831
50	50	0.87	0.906508875739645	0.900709219858156	0.6809651474530831
60	60	0.8650693568726355	0.9140164899882215	0.9161747343565525	0.8904267589388697
64					
70	70	0.8442728442728443	0.9108204518430439	0.9144893111638955	0.8561064087061668
78					
80	80	0.8567807351077313	0.9064748201438849	0.9047619047619048	0.9088757396449704
87					
88					
90	90	0.8756218905472637	0.9088729016786571	0.9114832535885168	0.9136094674556213
91					
100	100	0.8597168597168597	0.9112709832134293	0.9112709832134293	0.9095238095238095