size	dial	DS_comp_unigrams_async	DS_comp_unigrams_async_biased	DS_comp_unigrams_async_over	DS_comp_unigrams_async_under
10	10	0	0	0	0
20	20	0.49572649572649574	0	0.5	0.2099236641221374
30	30	0.45871559633027525	0	0.4727272727272727	0.2374429223744292
40	40	0.2558139534883721	0	0.25882352941176473	0.2374429223744292
50	50	0.25882352941176473	0	0.26506024096385544	0.2374429223744292
60	60	0.175	0	0.15384615384615385	0.2374429223744292
70	70	0.15384615384615385	0	0.15384615384615385	0.2374429223744292
80	80	0.15584415584415584	0	0.15584415584415584	0.2374429223744292
90	90	0.17721518987341772	0	0.15584415584415584	0.2374429223744292
100	100	0.40425531914893614	0	0.4489795918367347	0.4166666666666667