size	dial	NLU_Biased	NLU_Oversampled	NLU_Unbiased	NLU_Undersampled
10	10	0	0.515625	0.515625	0.828125
20	20	0.125	0.46875	0.46875	0.53125
30	30	0.171875	0.390625	0.328125	0.53125
40	40	0.171875	0.171875	0.171875	0.53125
50	50	0.171875	0.15625	0.171875	0.53125
60	60	0.171875	0.09375	0.140625	0.53125
70	70	0.171875	0.09375	0.09375	0.53125
80	80	0.25	0.09375	0.109375	0.53125
90	90	0.34375	0.09375	0.09375	0.53125
100	100	0.65625	0.375	0.375	0.515625
110	110	0.671875	0.375	0.375	0.515625
120	120	0.703125	0.40625	0.390625	0.5625
130	130	0.703125	0.453125	0.453125	0.5625
140	140	0.703125	0.4375	0.4375	0.6875
150	150	null	0.390625	0.359375	0.71875
160					
170					
180					