size	dial	DS_Component_wise	DS_Composite_wise
1	17	0	0.1875
2	36	0.23076923076923078	0.4444444444444444
3	48	0.2857142857142857	0.5833333333333334
4	53	0.2727272727272727	0.6363636363636364
5	64	0.30434782608695654	0.5833333333333334
6	81	0.2727272727272727	0.6153846153846154
7	89	0.2857142857142857	0.6153846153846154
8	98	0.2631578947368421	0.6666666666666666
9	113	0.4375	0.5
10	124	0.35294117647058826	0.46153846153846156
15	175	0.2857142857142857	0.5555555555555556
20	238	0.5	1
30	403	0.5	0.8
40	534	0.6666666666666666	0.75
50	701	0.6666666666666666	0.8571428571428571
60	851	0.6666666666666666	0.8571428571428571
70	968	0.4	1
80	1155	0.5	1
90	1295	0.6666666666666666	0.75