size	dial	DS_comp_unigrams_async	DS_comp_unigrams_async_biased
10	10	null	0.26666666666666666
20	20	null	0.6538461538461539
30	30	null	0.5909090909090909
40	40	null	0.6363636363636364
50	50	1	0.5789473684210527
60	60	1	0.4482758620689655
70	70	1	0.39285714285714285
80	80	1	0.4642857142857143
90	90	1	0.5161290322580645
100	100	1	0.5161290322580645
110	110	1	0.5333333333333333
120	120	0.7692307692307693	0.5333333333333333
130	130	0.7647058823529411	0.5161290322580645
140	140	0.7222222222222222	0.5172413793103449
150	150	0.7222222222222222	0.53125
160	160	0.7222222222222222	0.53125
170	170	0.7222222222222222	0.5483870967741935
180	180	0.7272727272727273	0.5151515151515151
190	190	0.6666666666666666	0.5294117647058824
193	193	null	0.5135135135135135
200	200	0.6785714285714286	null