size	dial	DS_Component_wise	DS_Composite_wise
1	17	0	0
2	36	0	0
3	48	0	0.1
4	53	0	0
5	64	0	0
6	81	0	0.06666666666666667
7	89	0.13333333333333333	0.06666666666666667
8	98	0.13333333333333333	0.1
9	113	0.36666666666666664	0.2
10	124	0.3333333333333333	0.3333333333333333
15	175	0.23333333333333334	0.26666666666666666
20	238	0.5	0.3
30	403	0.5333333333333333	0.4
40	534	0.6	0.3
50	701	0.5333333333333333	0.5
60	851	0.4666666666666667	0.5
70	968	0.4666666666666667	0.5666666666666667
80	1155	0.5	0.6
90	1295	0.7	0.6666666666666666