size	dial	DS_comp_unigrams_async	DS_comp_unigrams_async_biased
10	10	0.05555555555555555	0.6767676767676768
20	20	0.7424242424242424	0.47474747474747475
30	30	0.702020202020202	0.45454545454545453
40	40	0.5858585858585859	0.51010101010101
50	50	0.5202020202020202	0.5252525252525253
60	60	0.4696969696969697	0.5151515151515151
70	70	0.46464646464646464	0.5202020202020202
80	80	0.4595959595959596	0.6515151515151515
90	90	0.4595959595959596	0.6414141414141414
91			
100	100	0.4696969696969697	0.6616161616161617
102	102	null	0.6363636363636364
110	110	0.4696969696969697	null
120	120	0.47474747474747475	null
130	130	0.494949494949495	null
140	140	0.4898989898989899	null
150	150	0.48484848484848486	null