size	dial	DS_comp_unigrams_async	DS_comp_unigrams_async_biased
10	10	0.5833333333333334	0.9473684210526315
20	20	0.8947368421052632	0.9444444444444444
30	30	0.5862068965517241	0.9444444444444444
40	40	0.5862068965517241	0.85
50	50	0.7083333333333334	0.7727272727272727
60	60	0.6857142857142857	0.8
70	70	0.7352941176470589	0.8
80	80	0.6944444444444444	0.7916666666666666
90	90	0.6756756756756757	0.8260869565217391
100	100	0.7142857142857143	0.7916666666666666
110	110	0.6578947368421053	0.7916666666666666
120	120	0.8064516129032258	0.8
130	130	0.78125	0.8064516129032258
140	140	0.78125	0.75
150	150	0.8064516129032258	0.7714285714285715
160	160	0.8125	0.8
170	170	0.8275862068965517	0.8
180	180	0.8275862068965517	0.8787878787878788
190	190	0.8275862068965517	0.9032258064516129
193	193	null	0.875
200	200	0.8275862068965517	null