size	dial	NLU_Biased	NLU_Oversampled	NLU_Unbiased	NLU_Undersampled
10	10	0.5173267326732673	0.49257425742574257	0.49133663366336633	0.4975247524752475
20	20	0.46163366336633666	0.4863861386138614	0.4900990099009901	0.2871287128712871
30	30	0.46534653465346537	0.5705445544554455	0.525990099009901	0.5705445544554455
40	40	0.41955445544554454	0.594059405940594	0.5272277227722773	0.5606435643564357
50	50	0.4628712871287129	0.5581683168316832	0.5334158415841584	0.5532178217821783
60	60	0.41707920792079206	0.5321782178217822	0.5420792079207921	0.24876237623762376
64					
70	70	0.5185643564356436	0.5284653465346535	0.5346534653465347	0.24876237623762376
78					
80	80	0.4962871287128713	0.5396039603960396	0.5457920792079208	0.24876237623762376
87					
88					
90	90	0.5111386138613861	0.5853960396039604	0.594059405940594	0.5495049504950495
91					
100	100	0.5173267326732673	0.5928217821782178	0.6002475247524752	0.5495049504950495