size	dial	DS_comp_unigrams_async	DS_comp_unigrams_async_biased
10	10	0.5185185185185186	0.5396825396825397
20	20	0.53125	0.6095238095238096
30	30	0.45945945945945943	0.5432098765432098
40	40	0.45945945945945943	0.6027397260273972
50	50	0.4927536231884058	0.5074626865671642
60	60	0.6000000000000001	0.5230769230769231
70	70	0.6329113924050633	0.5714285714285714
80	80	0.617283950617284	0.6578947368421053
90	90	0.6097560975609756	0.65
100	100	0.625	0.6575342465753424
110	110	0.602409638554217	0.6756756756756757
120	120	0.6578947368421053	0.684931506849315
130	130	0.6493506493506493	0.684931506849315
140	140	0.6493506493506493	0.7435897435897436
150	150	0.6578947368421053	0.6933333333333334
160	160	0.6753246753246753	0.7027027027027026
170	170	0.6486486486486487	0.6933333333333334
180	180	0.6486486486486487	0.6756756756756757
190	190	0.6486486486486487	0.7027027027027026
200	200	0.6486486486486487	0.684931506849315
210	210	0.6486486486486487	0.7012987012987012
220	220	0.7341772151898733	0.6666666666666666
230	230	0.7341772151898733	0.6933333333333334
240	240	0.7341772151898733	0.6933333333333334
250	250	0.7435897435897436	0.6933333333333334
260	260	0.7272727272727273	0.6933333333333334
270	270	0.7272727272727273	0.6842105263157894
280	280	0.7272727272727273	0.6842105263157894
290	290	0.717948717948718	0.6933333333333334
300	300	0.691358024691358	0.7105263157894737
302	302	null	0.6842105263157894
310	310	0.6835443037974683	null