size	dial	NLU_Biased	NLU_Oversampled	NLU_Unbiased	NLU_Undersampled
10	10	0.4331398259554861	0.3458157684242385	0.3446418310668454	0.3296005470665912
20	20	0.4649097165238568	0.33670136581764487	0.336822550053902	0.21997141485554683
30	30	0.5486270381816232	0.49626221626733924	0.4461118533732379	0.5123762125288309
40	40	0.5572873394750499	0.5186141885017318	0.4432829200399482	0.5049998035410614
50	50	0.61229742059941	0.47683053994252145	0.44822402539035944	0.48725196123673287
60	60	0.6173462659798488	0.4421288625519035	0.4637142608862648	0.3074737672055994
64					
70	70	0.6076062536013475	0.43597237408816497	0.44778024952604345	0.3074737672055994
78					
80	80	0.6359944356247398	0.44844471202087094	0.4508893251370233	0.3074737672055994
87					
88					
90	90	0.6158522229302927	0.5215961148876169	0.5129918240467064	0.5639467007966312
91					
100	100	0.6512467971699755	0.5356700541028222	0.5303022952835759	0.5639467007966312