size	dial	DS_comp_unigrams_async	DS_comp_unigrams_async_biased
10	10	null	0.6078075482569866
20	20	null	0.6290595260371016
30	30	null	0.7060497353494606
40	40	null	0.720738808853563
50	50	0.503522655117778	0.7562280527396806
60	60	0.5411284576018657	0.7295660763402699
70	70	0.5511029832983315	0.7460218389326876
80	80	0.5460283280696717	0.7331384015594541
90	90	0.5980763440113033	0.7627844927925508
100	100	0.6275000000000001	0.7687387391230772
110	110	0.5959391709173516	0.7621633966573237
120	120	0.7391225571050132	0.7557275227642929
130	130	0.7204312027841439	0.7775240791617676
140	140	0.7385281385281385	0.7737737737737738
150	150	0.7413761676919571	0.7664405078161841
160	160	0.7385535673338675	0.7814016548193764
170	170	0.7232083341923158	0.7717340690014364
180	180	0.7147542279121226	0.7723551458723211
190	190	0.7111594566702926	0.7772076792916386
194	194	null	0.7701767352601756
200	200	0.7220368051228586	null