size	dial	NLU_Biased	NLU_Oversampled	NLU_Unbiased	NLU_Undersampled
10	10	0.39128019384898066	0.30401435094062085	0.3054694886672661	0.2981346391764167
20	20	0.3880803949470226	0.2997616874480598	0.3053775556258267	0.2981346391764167
30	30	0.3417669391159011	0.3136149359924834	0.3103615754336021	0.29310299102748455
40	40	0.351144434852769	0.36929456713390935	0.3911492362743824	0.3941086531858887
50	50	0.35498621279587184	0.44638516576791704	0.3592201840256663	0.4281898973152757
60	60	0.3979793041383611	0.44069611541728787	0.3593739358921545	0.42779080392354957
70	70	0.3882308711036288	0.45908079871276763	0.35721220194184855	0.41764342440149377
80	80	0.38227449902736016	0.4080307866314197	0.37048827946350615	0.3901217482283041
90	90	0.3787890594308912	0.3352539950207202	0.347669024800078	0.42103262529474045
100	100	0.37975625187672946	0.3302776876989045	0.3453222616142396	0.42103262529474045
110	110	0.42345137905597535	0.3359433392365339	0.33980791262805354	0.42103262529474045
120	120	0.43564509361370046	0.3398234762898299	null	0.42103262529474045
130	130	0.41308786612969867	0.41645686786108865	null	0.4214068777853814
140	140	0.42676049387987186	0.41193513755292643	null	0.4214068777853814
150	150	0.42802608184723456	0.4082533039460037	null	0.4214068777853814
160	160	0.4229040565708283	null	null	0.4214068777853814
170					
180					