size	dial	DS_Component_wise	DS_Composite_wise
1	17	0.4024484095047744	0.10208403892614418
2	36	0.3474574152323513	0.14767079431457772
3	48	0.36680251568689703	0.15714882149378717
4	53	0.5085905161628401	0.14907397688983365
5	64	0.4919641184347066	0.18774127705977572
6	81	0.4866387742110982	0.2314303146689689
7	89	0.48819890364008006	0.23049206079835852
8	98	0.4932460012678229	0.2639161019398656
9	113	0.5325671014565537	0.2768999789627285
10	124	0.5423168932651691	0.30669424193168254
15	175	0.517712574164187	0.34479707469233156
20	238	0.6027256268440776	0.4224568762274904
30	399	0.6559019951539419	0.5421287582692907
40	530	0.6128846117789147	0.4889944713585745
50	697	0.5924623808469444	0.5080479161053582
60	847	0.5585092571555493	0.5376669580051018
70	964	0.604135292310602	0.5457386413947171
80	1151	0.5662630512290955	0.5361500016203187
90	1291	0.5417586653931193	0.5460708308909933