size	dial	DS_comp_unigrams_async	DS_comp_unigrams_async_biased
10	10	0.4766393742247633	0.3098251180637544
20	20	0.5314586794151847	0.3128811444240925
30	30	0.5018451884112641	0.34516408947870875
40	40	0.5018451884112641	0.4019644685831321
50	50	0.5479467972115031	0.5321623211084731
60	60	0.5754002533414297	0.5712352131994989
70	70	0.6006447659424612	0.5844633478696406
80	80	0.5946217924939338	0.4849040461380371
90	90	0.6640118507316151	0.4925498958368524
100	100	0.6670446524607366	0.5157297285423222
110	110	0.6640493584890869	0.5129163429163429
120	120	0.6972398159438601	0.4861632844279903
130	130	0.6710179545663417	0.48178900289853643
140	140	0.6544375274607375	0.4922096655830671
150	150	0.655714624420368	0.4762480437436959
160	160	0.6523015740560981	0.4800003046262416
170	170	0.6427463472698265	0.4811431617690987
180	180	0.611001249400981	0.4891308099308099
190	190	0.584637814210279	0.4790101750101749
200	200	0.5886192330463641	0.4798262515262515
210	210	0.5801715597480872	0.484668648581692
220	220	0.5806484516279619	0.48153790264316576
230	230	0.5737051474863819	0.531117196890894
240	240	0.6001045359732295	0.5384143953517355
250	250	0.5995806385541751	0.5637066789615515
260	260	0.5870108916950737	0.5432433224632713
270	270	0.6014124953278923	0.5488811071872418
279	279	null	0.5463119285753556
280	280	0.5785932941221764	null