size	dial	NLU_Biased	NLU_Oversampled	NLU_Unbiased	NLU_Undersampled
10	10	0.421130522285297	0.28579570814918337	0.28535636112179724	0.2185077144187879
20	20	0.4222975170688103	0.23022083238315114	0.2324875449287313	0.17909918002095226
30	30	0.44888633513263254	0.44530840359963614	0.41284391753652333	0.45486102218346364
40	40	0.4452173726869776	0.44312038402458076	0.40430995304179035	0.433853037961545
50	50	0.524569674856476	0.4401015665639817	0.38631761301229983	0.40355546461699904
60	60	0.47866309202816393	0.395301473220619	0.40698502171913775	0.24895677472336503
64					
70	70	0.45953015169878125	0.39280656559270877	0.40391365532044765	0.24895677472336503
78					
80	80	0.47474346405041196	0.35335699698308604	0.36236122967294243	0.24895677472336503
87					
88					
90	90	0.473690588935227	0.44866788573019406	0.44352490761708063	0.42725036924537707
91					
100	100	0.489006144053372	0.4592830489133128	0.44119349653260526	0.42725036924537707