size	dial	DS_comp_unigrams_async	DS_comp_unigrams_async_biased	DS_comp_unigrams_async_over	DS_comp_unigrams_async_under
10	10	0.3064302733353999	0.3592474360209136	0.30100945772016613	0.31932365133047536
20	20	0.20317214894349073	0.3916049584969312	0.20322590599144985	0.31115537307761
30	30	0.24206118163239093	0.266655954943294	0.2372100480865236	0.18043210396035872
40	40	0.29893390695068695	0.2652748390604972	0.2986265887065325	0.2866494515026076
50	50	0.32773159945948815	0.2874178002856386	0.36075783202382117	0.2897050824011331
60	60	0.34637203161827484	0.29154377090757255	0.3814655031297717	0.30023184093379907
70	70	0.3449780566446501	0.27654752362323953	0.35769819723656177	0.30023184093379907
80	80	0.36130483919715295	0.3130161897775192	0.3437281726730392	0.30023184093379907
90	90	0.38272616830620404	0.34691018743212765	0.35314202065119304	0.30023184093379907
100	100	0.396344467293996	0.28094118242688165	0.43054937858672276	0.30023184093379907