size	dial	NLU_Biased	NLU_Oversampled	NLU_Unbiased	NLU_Undersampled
10	10	0.431317651351682	0.3261325366588525	0.32568269410374673	0.2804756857746534
20	20	0.42808931234363756	0.3100302227592488	0.316860823852145	0.15996502682811461
30	30	0.43396573894733687	0.42621689347508057	0.33487453751415974	0.3862177853723315
40	40	0.4012174549694402	0.4249168991354688	0.33097970684968037	0.3906285061903548
50	50	0.43784634390867183	0.41861698441450146	0.32485071807882765	0.3746971511981821
60	60	0.40737116389897515	0.3433833338569131	0.3574743179624997	0.16804807297116708
64					
70	70	0.3827501886754915	0.3382270081650886	0.35431035765178387	0.16804807297116708
78					
80	80	0.4045712386862637	0.33107647103548743	0.3378859588954498	0.16804807297116708
87					
88					
90	90	0.41647076120509424	0.3984755703283072	0.404036391503322	0.3250990943001879
91					
100	100	0.41691358977258547	0.4046929733800847	0.40635937547752127	0.3250990943001879