size	dial	DS_comp_unigrams_async	DS_comp_unigrams_async_biased
10	10	0.8370165745856354	0.801762114537445
20	20	0.8637770897832817	0.8541666666666666
30	30	0.8431952662721893	0.8587786259541985
40	40	0.8431952662721893	0.8299120234604106
50	50	0.861271676300578	0.8433048433048433
60	60	0.8495821727019499	0.8467966573816156
70	70	0.8591549295774648	0.8361581920903954
80	80	0.85	0.8628571428571429
90	90	0.8591549295774648	0.8398876404494382
100	100	0.8651685393258427	0.8333333333333334
110	110	0.8559556786703602	0.8278688524590164
120	120	0.8684931506849315	0.8248587570621468
130	130	0.8518518518518519	0.8379888268156425
135	135	null	0.828169014084507
140	140	0.848314606741573	null