size	dial	NLU_Biased	NLU_Oversampled	NLU_Unbiased	NLU_Undersampled
10	10	0.5556930693069307	0.5507425742574258	0.5420792079207921	0.5717821782178217
20	20	0.6014851485148515	0.5618811881188119	0.5643564356435643	0.34282178217821785
30	30	0.5631188118811881	0.6361386138613861	0.5841584158415841	0.6373762376237624
40	40	0.6163366336633663	0.655940594059406	0.5866336633663366	0.6373762376237624
50	50	0.6039603960396039	0.6287128712871287	0.6014851485148515	0.6373762376237624
60	60	0.5928217821782178	0.5965346534653465	0.5928217821782178	0.27722772277227725
64					
70	70	0.5915841584158416	0.5866336633663366	0.5816831683168316	0.27722772277227725
78					
80	80	0.6485148514851485	0.5965346534653465	0.5952970297029703	0.27722772277227725
87					
88					
90	90	0.6905940594059405	0.6497524752475248	0.6485148514851485	0.6064356435643564
91					
94					
100	100	0.6881188118811881	0.655940594059406	0.6571782178217822	0.6064356435643564