size	dial	NLU_Biased	NLU_Oversampled	NLU_Unbiased	NLU_Undersampled
10	10	0.7002688172043011	0.6722817764165391	0.6717791411042945	0.5422535211267606
20	20	0.7211155378486056	0.5973684210526315	0.5953002610966057	0.3108866442199775
30	30	0.716358839050132	0.7363112391930836	0.7375	0.7346647646219686
40	40	0.7119341563786008	0.7361111111111112	0.7258805513016845	0.703551912568306
50	50	0.75	0.6837146702557201	0.6942857142857143	0.6688311688311688
60	60	0.7215909090909091	0.6798866855524079	0.7213855421686747	0.3483670295489891
64					
70	70	0.7098591549295775	0.7011834319526628	0.7142857142857143	0.3483670295489891
78					
80	80	0.7297668038408779	0.6985507246376812	0.7115384615384616	0.3483670295489891
87					
88					
90	90	0.7417503586800573	0.7127371273712737	0.7207702888583218	0.7335329341317365
91					
100	100	0.7578347578347578	0.7191316146540027	0.7224489795918367	0.7335329341317365