size	dial	DS_comp_unigrams_async	DS_comp_unigrams_async_biased
1	14	0.7543859649122806	0.6728971962616822
2	27	0.7915492957746478	0.7793296089385475
3	39	0.7894736842105263	0.7889655172413793
4	58	0.814207650273224	0.7779273216689097
5	63	0.8256130790190737	0.8091397849462365
6	70	0.8254397834912043	0.8021534320323015
7	76	0.8225806451612903	0.694708276797829
8	92	0.8254397834912043	0.694708276797829
9	99	0.8276797829036634	0.7032085561497327
10	107	0.8348993288590605	0.6845637583892618
11	119	0.8449197860962566	0.7688022284122563
12	130	0.8136054421768708	0.7713884992987378
13	141	0.8205128205128205	0.7204610951008646
14	146	0.814614343707713	0.7673130193905817
15	154	0.8130081300813008	0.7359550561797754
16	161	0.8141112618724557	0.7447108603667137
17	170	0.818918918918919	0.7205673758865249
18	188	0.8053333333333335	0.7698519515477793
19	199	0.8064085447263019	0.749658002735978
20	210	0.7852257181942546	null