size	dial	DS_comp_unigrams_async	DS_comp_unigrams_async_biased
1	14	0.8529411764705882	0.8848167539267016
2	27	0.861878453038674	0.8630952380952381
3	39	0.8791208791208791	0.8896551724137931
4	58	0.8783068783068783	0.910958904109589
5	63	0.8918918918918919	0.9246575342465754
6	70	0.8877005347593583	0.95
7	76	0.8835978835978836	0.9513888888888888
8	92	0.9111111111111111	0.9375
9	99	0.9111111111111111	0.9487179487179487
10	107	0.9120879120879121	0.9503105590062112
11	119	0.9106145251396648	0.9493670886075949
12	130	0.9112426035502958	0.95
13	141	0.9122807017543859	0.9430379746835443
14	146	0.9117647058823529	0.9367088607594937
15	154	0.9112426035502958	0.9367088607594937
16	161	0.9107142857142857	0.9354838709677419
17	170	0.9122807017543859	0.9423076923076923
18	188	0.9112426035502958	0.954248366013072
19	199	0.9156626506024096	0.9477124183006536
20	210	0.9240506329113924	0.9554140127388535
21	224	0.9299363057324841	0.9493670886075949
22	229	0.9192546583850931	null