size	dial	DS_comp_unigrams_async	DS_comp_unigrams_async_biased
10	10	0.9243937232524965	0.6804564907275321
20	20	0.948644793152639	0.5021398002853067
30	30	0.9586305278174037	0.8573466476462197
40	40	0.9500713266761769	0.818830242510699
50	50	0.9614835948644793	0.8059914407988588
60	60	0.9657631954350927	0.7132667617689016
70	70	0.9643366619115549	0.7417974322396577
80	80	0.9686162624821684	0.8045649072753209
90	90	0.9586305278174037	0.8031383737517832
91			
100	100	0.9643366619115549	0.8088445078459344
102	102	null	0.7817403708987162
110	110	0.9557774607703281	null
120	120	0.9543509272467903	null
130	130	0.9657631954350927	null
140	140	0.9643366619115549	null
150	150	0.9629101283880172	null