size	dial	NLU_Biased	NLU_Oversampled	NLU_Unbiased	NLU_Undersampled
10	10	0.8458781362007168	0.8577728776185226	0.8568281938325991	0.8748538011695907
20	20	0.8847117794486216	0.8868571428571429	0.8945538818076477	0.5140961857379768
30	30	0.8815286624203822	0.9014423076923077	0.9049338146811071	0.9032258064516129
40	40	0.8526727509778357	0.9012048192771084	0.9060240963855422	0.9072681704260651
50	50	0.8619791666666666	0.9015795868772782	0.9012048192771084	0.9035532994923858
60	60	0.8556430446194225	0.8752886836027713	0.876905041031653	0.37476099426386233
64					
70	70	0.8244897959183674	0.8808172531214529	0.869364161849711	0.37476099426386233
78					
80	80	0.7267267267267268	0.8857808857808858	0.882903981264637	0.37476099426386233
87					
88					
90	90	0.8586666666666667	0.883177570093458	0.8852459016393442	0.8553137003841229
91					
100	100	0.8931788931788932	0.8818713450292398	0.8792497069167644	0.8553137003841229