size	dial	DS_Component_wise	DS_Composite_wise
1	17	0	0
2	35	0.3333333333333333	0
3	47	0.3333333333333333	0
4	52	0.3333333333333333	0
5	63	0.3333333333333333	0
6	80	0.3333333333333333	0
7	87	0.3333333333333333	0
8	95	0	0
9	108	0.3333333333333333	0
10	119	0.3333333333333333	0
15	168	0.3333333333333333	0
20	228	0.6666666666666666	0.3333333333333333
30	384	0.6666666666666666	0.3333333333333333
40	510	0.6666666666666666	0
50	668	0.6666666666666666	0
60	816	0.6666666666666666	0
70	931	0.6666666666666666	0
80	1113	0.6666666666666666	0
90	1247	0.6666666666666666	0