size	dial	NLU_Biased	NLU_Oversampled	NLU_Unbiased	NLU_Undersampled
10	10	0.7142857142857143	null	null	null
20	20	0.5	null	null	null
30	30	0.6666666666666666	null	null	null
40	40	0.7407407407407407	null	null	null
50	50	0.6363636363636364	null	null	null
60	60	0.6551724137931034	1	1	0.39705882352941174
64					
70	70	0.8095238095238095	1	1	0.39705882352941174
78					
80	80	0.782608695652174	1	1	0.39705882352941174
87					
88					
90	90	0.7368421052631579	0.6666666666666666	0.5	0.4166666666666667
91					
100	100	0.7727272727272727	0.6666666666666666	1	0.4166666666666667