size	dial	NLU_Biased	NLU_Oversampled	NLU_Unbiased	NLU_Undersampled
10	10	0.14084507042253522	0	0	0
20	20	0.030303030303030304	0	0	0
30	30	0.36363636363636365	0	0	0
40	40	0.43956043956043955	0	0	0
50	50	0.4329896907216495	0	0	0
60	60	0.40860215053763443	0.03076923076923077	0.03076923076923077	0.4090909090909091
64					
70	70	0.4	0.03076923076923077	0.03076923076923077	0.4090909090909091
78					
80	80	0.41379310344827586	0.03076923076923077	0.03076923076923077	0.4090909090909091
87					
88					
90	90	0.3373493975903614	0.05970149253731343	0.030303030303030304	0.22727272727272727
91					
100	100	0.3953488372093023	0.05970149253731343	0.03076923076923077	0.22727272727272727