size	dial	DS_comp_unigrams_async	DS_comp_unigrams_async_biased
10	10	0.48322147651006714	null
20	20	0.7777777777777778	0.7272727272727273
30	30	0.4532710280373832	0.76
40	40	0.7007874015748031	0.75
50	50	0.7090909090909091	0.7916666666666666
60	60	0.6615384615384615	0.8333333333333334
70	70	0.644927536231884	0.7424242424242424
80	80	0.6838709677419355	0.7096774193548387
90	90	0.6815286624203821	0.72
100	100	0.5605095541401274	0.7755102040816326
110	110	0.625	0.7628865979381443
120	120	0.6219512195121951	0.5412844036697247
130	130	0.6380368098159509	0.5544554455445545