size	dial	DS_comp_unigrams_async	DS_comp_unigrams_async_biased
10	10	null	null
20	20	null	0.2916666666666667
30	30	null	0.047619047619047616
40	40	null	0.47619047619047616
50	50	0.09302325581395349	0.6086956521739131
60	60	0.09302325581395349	0.6000000000000001
70	70	0.09302325581395349	0.5970149253731343
80	80	0.09302325581395349	0.6031746031746031
90	90	0.25	0.56
100	100	0.32	0.56
110	110	0.24489795918367344	0.5789473684210527
120	120	0.625	0.6153846153846154
130	130	0.606060606060606	0.6052631578947368
135	135	null	0.5974025974025975
140	140	0.6571428571428571	null