size	dial	DS_Component_wise	DS_Composite_wise
1	17	0	0.05263157894736842
2	36	0	0.10526315789473684
3	48	0	0.15789473684210525
4	53	0	0.05263157894736842
5	64	0	0.05263157894736842
6	81	0	0.21052631578947367
7	89	0	0.21052631578947367
8	98	0	0.2631578947368421
9	113	0.15789473684210525	0.2631578947368421
10	124	0.15789473684210525	0.3684210526315789
15	175	0.21052631578947367	0.3684210526315789
20	238	0.42105263157894735	0.3684210526315789
30	399	0.47368421052631576	0.3684210526315789
40	530	0.3157894736842105	0.47368421052631576
50	697	0.42105263157894735	0.631578947368421
60	847	0.5263157894736842	0.6842105263157895
70	964	0.5263157894736842	0.631578947368421
80	1151	0.5263157894736842	0.6842105263157895
90	1291	0.5263157894736842	0.631578947368421