size	dial	NLU_Biased	NLU_Oversampled	NLU_Unbiased	NLU_Undersampled
10	10	0.6616257088846881	0.7098121085594989	0.7115789473684211	0.6843177189409368
20	20	0.6808510638297872	0.6684636118598383	0.663013698630137	0.4206896551724138
30	30	0.68762278978389	0.7104622871046229	0.7115384615384616	0.5644171779141104
40	40	0.7066666666666667	0.7070707070707071	0.7164179104477612	0.5359477124183006
50	50	0.7331887201735358	0.6373626373626373	0.4563758389261745	0.5311475409836065
60	60	0.7331887201735358	0.6358695652173914	0.4563758389261745	0.5311475409836065
64					
70	70	0.7447306791569087	0.6320987654320988	0.4838709677419355	0.5359477124183006
78					
80	80	0.7400468384074942	0.6226912928759895	0.4888888888888889	0.5359477124183006
87					
88					
90	90	0.7518072289156627	null	null	null
91					
100	100	0.7315789473684211	null	null	null