size	dial	DS_comp_unigrams_async	DS_comp_unigrams_async_biased
10	10	0.5780730897009967	0.5016611295681063
20	20	0.5714285714285714	0.6578073089700996
30	30	0.5913621262458472	0.6511627906976745
40	40	0.5913621262458472	0.6079734219269103
50	50	0.5813953488372093	0.6112956810631229
60	60	0.5980066445182725	0.5714285714285714
70	70	0.6013289036544851	0.5681063122923588
80	80	0.5880398671096345	0.5581395348837209
90	90	0.5980066445182725	0.6046511627906976
100	100	0.6245847176079734	0.574750830564784
110	110	0.6079734219269103	0.5813953488372093
120	120	0.6179401993355482	0.5714285714285714
130	130	0.6411960132890365	0.5880398671096345
140	140	0.6378737541528239	0.6112956810631229
150	150	0.627906976744186	0.6079734219269103
160	160	0.6245847176079734	0.6112956810631229
170	170	0.6245847176079734	0.6112956810631229
180	180	0.6445182724252492	0.6146179401993356
190	190	0.6478405315614618	0.6212624584717608
193	193	null	0.627906976744186
200	200	0.6478405315614618	null