size	dial	DS_comp_unigrams_async	DS_comp_unigrams_async_biased
10	10	0.3125	0.21875
20	20	0.28125	0.25
30	30	0.34375	0.34375
40	40	0.34375	0.53125
50	50	0.3125	0.53125
60	60	0.53125	0.53125
70	70	0.53125	0.5
80	80	0.53125	0.46875
90	90	0.53125	0.46875
100	100	0.5	0.46875
110	110	0.53125	0.5
120	120	0.53125	0.5
130	130	0.5	0.5
140	140	0.53125	0.46875
150	150	0.53125	0.46875
160	160	0.53125	0.5
170	170	0.46875	0.5625
180	180	0.46875	0.5625
190	190	0.46875	0.5625
194	194	null	0.5625
200	200	0.46875	null