size	dial	NLU_Biased	NLU_Oversampled	NLU_Unbiased	NLU_Undersampled
10	10	0.4586962134985141	0.33986889004764387	0.3239828521309539	0.3807765928356577
20	20	0.40797591438008896	0.38232230758003954	0.38175878870146285	0.3807922758094445
30	30	0.46212822280432425	0.3899356750233943	0.38772339636633296	0.38860816818505517
40	40	0.4707989037119825	0.4109644824311153	0.41090302446471494	0.41233991940280124
50	50	0.5081190340418471	0.37567228957921095	0.3897054271719269	0.41233991940280124
60	60	0.5257652992487531	0.38151636733382005	0.402890263892803	0.41233991940280124
70	70	0.5376250749715985	0.41858379715522576	0.44361289601766707	0.3272194802218944
80	80	0.5369973198333774	0.40308643974307606	0.37840507872222706	0.3259293241279333
90	90	0.5640975059472843	0.4085820900361997	0.3805246204027529	0.3259293241279333
100	100	0.5657599326824019	0.42775857640800485	0.3884189120726247	0.32769043398643505
110	110	0.5659901709808288	0.4343748728255249	0.3813090945464147	null
120	120	0.6053613029396187	0.44821741140650984	0.41874862162861265	null
130					
140					
150					
160					
170					
180					