size	dial	NLU_Biased	NLU_Oversampled	NLU_Unbiased	NLU_Undersampled
10	10	0.34442270277374415	0.41788103395987736	0.35297503831419963	0.425067034337937
20	20	0.2724509332591472	0.4256197024202244	0.423788944794455	0.4276276514954884
30	30	0.3451623867457803	0.43031881154956825	0.42446150281370437	0.42894971517708963
40	40	0.37913164591671317	0.39167901386734405	0.39894621614034215	0.30702136544732817
50	50	0.41182563702189795	0.29626991020590554	0.34308443941044764	0.30702136544732817
60	60	0.39692105923676974	0.30528020462015004	0.37483162822307226	0.30702136544732817
70	70	0.41161928230486944	0.3076439124020164	0.39533132956779105	0.18552835227757716
80	80	0.39985133737380485	0.23426939815542513	0.30126805025804504	0.19308849341458958
90	90	0.3959413037415775	0.24550168623767354	0.3325266919443152	0.19308849341458958
100	100	0.3885573807179081	0.25006245708649105	0.3167838566297294	0.1905953302129726
110	110	0.39059013845255564	0.2576578768556435	0.3096354828614257	null
120	120	0.3912245817930308	0.26327755751940274	0.31971988875286395	null
130					
140					
150					
160					
170					
180					