size	dial	biased	oversampled	unbiased	undersampled
10	10	0.28311733890169793	0.3241343127452051	0.3241343127452051	0.390400243128187
20	20	0.27367746520026204	0.30330474648604927	0.3087653374195263	0.20407519637130045
30	30	0.3300527644076912	0.21204501394502556	0.21402191054392067	0.2326068078434985
40	40	0.37922820045428224	0.22446286639029542	0.22795049701615472	0.15628764305862095
50	50	0.42767847856950664	0.24394298642523507	0.32590723765267565	0.1623741379788964
60	60	0.4403505433025065	0.2340298509499445	0.3356356757552936	0.1623741379788964
70	70	0.4486785697658368	0.24398742153684724	0.3544440401368817	0.1595022742195481
80	80	0.4506374748945458	0.34310339947034907	0.3507381853661832	0.1595022742195481
90					
100					
110					
120					
130					