size	dial	biased	oversampled	unbiased	undersampled
10	10	0.2687969605990435	0.39567944025250595	0.39567944025250595	0.4697358374054309
20	20	0.23615675677975118	0.3605053307612099	0.36575947247263113	0.16735321410742798
30	30	0.2832474279665128	0.19722723441212994	0.19674119253775307	0.18858987659960152
40	40	0.42556814957532196	0.19962691442869285	0.20680689485459813	0.1526754800622179
50	50	0.43013164815296107	0.21960333227498974	0.3754213838534158	0.16187425951395956
60	60	0.44053351395140117	0.21311344374248595	0.3898509915032821	0.16187425951395956
70	70	0.4661266986654716	0.22950076399935254	0.398805604701502	0.14870923733243435
80	80	0.4529254840097992	0.3690609948431317	0.3854110078206405	0.14870923733243435
90					
100					
110					
120					
130					