size	dial	NLU_Biased	NLU_Oversampled	NLU_Unbiased	NLU_Undersampled
10	10	0.44113685417379767	0.393545732266822	0.401987692654599	0.38513445670916613
20	20	0.48976090788053217	0.40124350111866186	0.37456992963416136	0.28038765821761846
30	30	0.5195323483206862	0.28821749048922013	0.2951543595650647	0.38791507410228876
40	40	0.49937051436651725	0.3550307781811935	0.36617748273890033	0.3029438480536385
50	50	0.5260313719592709	0.26337719502155565	0.40763116288814194	0.2961822561020136
60	60	0.5417903887938345	0.2578021632669885	0.4033896783405266	0.2961822561020136
64					
70	70	0.5490737744227555	0.3334002181005935	0.4167676922685416	0.30557530015880585
78					
80	80	0.5591746672402973	0.2585928224318987	0.4559595593730165	0.30557530015880585
87					
88					
90	90	0.5462014256353211	null	null	null
91					
100	100	0.5176923996430153	null	null	null