size	dial	biased	oversampled	unbiased	undersampled
10	10	0.5538900785153462	0.6136807817589577	0.6136807817589577	0.6638452237001209
20	20	0.5115606936416185	0.5877551020408164	0.6169220519653564	0.3419354838709677
30	30	0.5720369056068133	0.4044665012406948	0.40448039825762283	0.38826185101580135
40	40	0.7105263157894737	0.4461059190031153	0.44844720496894414	0.23970944309927364
50	50	0.7012987012987013	0.478643216080402	0.6150767178118746	0.2440220723482526
60	60	0.6939040207522698	0.48096446700507617	0.6173333333333333	0.2440220723482526
70	70	0.7154678548695099	0.5524296675191817	0.6480519480519481	0.246367656348705
80	80	0.7147415443522654	0.6511627906976745	0.6540469973890339	0.246367656348705
90					
100					
110					
120					
130					