size	dial	DS_comp_unigrams_async	DS_comp_unigrams_async_biased
10	10	0.7597765363128491	0.7842565597667639
20	20	0.7967741935483871	0.7947214076246334
30	30	0.8136645962732919	0.7863247863247863
40	40	0.8161993769470405	0.7905027932960894
50	50	0.8099688473520249	0.779891304347826
60	60	0.7970588235294118	0.7741046831955923
70	70	0.7952522255192879	0.7630853994490359
80	80	0.7732558139534884	0.7656675749318801
90	90	0.7964601769911505	0.7700831024930748
100	100	0.8040345821325648	0.776536312849162
110	110	0.7959183673469388	0.7648725212464589
120	120	0.7957957957957958	0.7742857142857142
130	130	0.8023255813953488	0.7840236686390533
140	140	0.8104956268221575	0.7698863636363636
150	150	0.8048048048048048	0.7681159420289855
160	160	0.8029850746268656	0.7623188405797101
170	170	0.8053097345132744	0.7464788732394366
180	180	0.8104956268221575	0.7514285714285714
190	190	0.804093567251462	0.751412429378531
194	194	null	0.7585227272727273
200	200	0.804093567251462	null