size	dial	DS_comp_unigrams_async	DS_comp_unigrams_async_biased
10	10	0.7272727272727273	0.6283422459893048
20	20	0.660427807486631	0.6524064171122995
30	30	0.7005347593582888	0.6577540106951871
40	40	0.7005347593582888	0.7005347593582888
50	50	0.6951871657754011	0.6951871657754011
60	60	0.7245989304812834	0.7593582887700535
70	70	0.7165775401069518	0.7647058823529411
80	80	0.7112299465240641	0.7700534759358288
90	90	0.7219251336898396	0.767379679144385
100	100	0.7459893048128342	0.767379679144385
110	110	0.7299465240641712	0.7540106951871658
120	120	0.7085561497326203	0.7513368983957219
130	130	0.7379679144385026	0.7379679144385026
140	140	0.7433155080213903	0.6684491978609626
150	150	0.7165775401069518	0.6898395721925134
160	160	0.7192513368983957	0.679144385026738
170	170	0.7299465240641712	0.7005347593582888
180	180	0.7433155080213903	0.6684491978609626
190	190	0.7352941176470589	0.6631016042780749
200	200	0.7352941176470589	0.6818181818181818
210	210	0.7058823529411765	0.713903743315508
220	220	0.7085561497326203	0.7058823529411765
230	230	0.7379679144385026	0.7058823529411765
240	240	0.7299465240641712	0.7058823529411765
250	250	0.7352941176470589	0.713903743315508
257	257	null	0.713903743315508
260	260	0.732620320855615	null