size	dial	NLU_Biased	NLU_Oversampled	NLU_Unbiased	NLU_Undersampled
10	10	0.6366950182260024	0.811624649859944	0.7904109589041096	0.7497013142174432
20	20	0.5840151038388924	0.7589774802191114	0.7540785498489426	0.7543753771876885
30	30	0.7260458839406208	0.7869170984455959	0.7773512476007678	0.7703703703703704
40	40	0.7223587223587223	0.7976190476190477	0.800935203740815	0.6177908113391984
50	50	0.7069377990430622	0.5710508922670192	0.7082210242587601	0.6177908113391984
60	60	0.7175106772422208	0.5956029313790806	0.7711577522004063	0.6177908113391984
70	70	0.7169583584791792	0.6161825726141079	0.7994428969359332	0.18287671232876712
80	80	0.7463538363982245	0.6123869171885873	0.7760127084988085	0.20423048869438365
90	90	0.752895752895753	0.655076495132128	0.7906614785992218	0.20423048869438365
100	100	0.7436399217221135	0.686471009305655	0.7976744186046512	0.19627507163323782
110	110	0.7458962573867367	0.6811797752808989	0.7960629921259843	null
120	120	0.748834110592938	0.6744666207845836	0.7954898911353032	null
130					
140					
150					
160					
170					
180					