size	dial	NLU_Biased	NLU_Oversampled	NLU_Unbiased	NLU_Undersampled
10	10	0.6347668079951545	0.7019987886129618	0.6989703210175651	0.7601453664445791
20	20	0.562083585705633	0.7552998182919443	0.7559055118110236	0.7571168988491823
30	30	0.6517262265293762	0.7359176256814052	0.7359176256814052	0.7559055118110236
40	40	0.7122955784373107	0.7304663840096911	0.7262265293761356	0.3827983040581466
50	50	0.7159297395517868	0.5233192004845548	0.6365838885523925	0.3827983040581466
60	60	0.7122955784373107	0.5414900060569352	0.6898849182313749	0.3827983040581466
70	70	0.7195639006662629	0.5396729254996971	0.6953361599030891	0.16172016959418534
80	80	0.7129012719563901	0.5330102967898244	0.5917625681405209	0.16959418534221685
90	90	0.7086614173228346	0.5705632949727438	0.6153846153846154	0.16959418534221685
100	100	0.6904906117504542	0.5808600847970927	0.6232586311326469	0.16596002422774075
110	110	0.6880678376741369	0.5875227135069655	0.6123561477892187	null
120	120	0.6807995154451847	0.5935796486977589	0.6196244700181708	null
130					
140					
150					
160					
170					
180					