size	dial	DS_comp_unigrams_async	DS_comp_unigrams_async_biased
10	10	0.8266666666666667	0.8695652173913043
20	20	0.8229665071770335	0.8136645962732919
30	30	0.855072463768116	0.8372093023255814
40	40	0.8592233009708737	0.8325358851674641
50	50	0.8509615384615384	0.8636363636363636
60	60	0.8483412322274881	0.8480392156862745
70	70	0.8403755868544601	0.8633540372670807
80	80	0.8194444444444444	0.8774193548387097
90	90	0.8476190476190476	0.8701298701298701
100	100	0.8530805687203792	0.8783783783783784
110	110	0.8516746411483254	0.8881578947368421
120	120	0.864321608040201	0.8933333333333333
130	130	0.8793969849246231	0.8980891719745223
140	140	0.8969072164948454	0.8924050632911392
150	150	0.8789473684210526	0.8627450980392157
160	160	0.8795811518324608	0.864516129032258
170	170	0.8756476683937824	0.864516129032258
180	180	0.8848167539267016	0.8774193548387097
190	190	0.8961748633879781	0.8598726114649682
200	200	0.8913043478260869	0.8627450980392157
210	210	0.9122807017543859	0.8552631578947368
220	220	0.9117647058823529	0.8701298701298701
230	230	0.9195402298850575	0.8701298701298701
240	240	0.903954802259887	0.8820224719101124
250	250	0.9090909090909091	0.86875
260	260	0.9034090909090909	0.8833333333333333
270	270	0.9034090909090909	0.8703703703703703
279	279	null	0.8791208791208791
280	280	0.9024390243902439	null