size	dial	DS_comp_unigrams_async	DS_comp_unigrams_async_biased
10	10	0.9007263922518158	0.6869300911854104
20	20	0.8664987405541561	0.8407310704960835
30	30	0.8962025316455696	0.7630057803468209
40	40	0.898477157360406	0.866840731070496
50	50	0.8939393939393938	0.9035532994923857
60	60	0.8972431077694235	0.9030612244897959
70	70	0.8927680798004988	0.8883116883116883
80	80	0.8762376237623763	0.8958333333333334
90	90	0.8944723618090452	0.8840970350404312
100	100	0.9022556390977443	0.8847184986595173
110	110	0.8967254408060452	0.8941798941798942
120	120	0.8888888888888888	0.8804347826086956
130	130	0.9043927648578812	0.8650137741046832
135	135	null	0.8787061994609165
140	140	0.9109947643979058	null