size	dial	DS_comp_unigrams_async	DS_comp_unigrams_async_biased
10	10	0.9893617021276596	0.7553191489361702
20	20	0.9148936170212766	0.9680851063829787
30	30	0.9414893617021277	0.9680851063829787
40	40	0.9414893617021277	0.9574468085106383
50	50	0.9414893617021277	0.9521276595744681
60	60	0.9521276595744681	0.8617021276595744
70	70	0.9521276595744681	0.8351063829787234
80	80	0.9414893617021277	0.8191489361702128
90	90	0.9468085106382979	0.8404255319148937
100	100	0.9574468085106383	0.7978723404255319
110	110	0.9468085106382979	0.8031914893617021
120	120	0.9148936170212766	0.7712765957446809
130	130	0.9308510638297872	0.8031914893617021
140	140	0.925531914893617	0.824468085106383
150	150	0.8882978723404256	0.8457446808510638
160	160	0.8936170212765957	0.8563829787234043
170	170	0.898936170212766	0.851063829787234
180	180	0.898936170212766	0.8563829787234043
190	190	0.8723404255319149	0.851063829787234
193	193	null	0.851063829787234
200	200	0.8723404255319149	null