size	dial	biased	oversampled	unbiased	undersampled
10	10	0	0	0	0
20	20	0	0	0	0
30	30	0	0	0	0.1774193548387097
40	40	0	0.0967741935483871	0.0967741935483871	0.16129032258064516
50	50	0.1935483870967742	0.16129032258064516	0.1774193548387097	0.1935483870967742
60	60	0.20967741935483872	0.1774193548387097	0.14516129032258066	0.1935483870967742
70	70	0.1935483870967742	0.1935483870967742	0.1935483870967742	0.1935483870967742
80	80	0.22580645161290322	0.1774193548387097	0.1935483870967742	0.1935483870967742
90					
100					
110					
120					
130					