size	dial	NLU_Biased	NLU_Oversampled	NLU_Unbiased	NLU_Undersampled
10	10	0.11267605633802817	0	0	0
20	20	0.08955223880597014	0	0	0
30	30	0.09090909090909091	0	0	0.2962962962962963
40	40	0.43902439024390244	0.2028985507246377	0.2028985507246377	0.47058823529411764
50	50	0.36363636363636365	0.3037974683544304	0.3037974683544304	0.4421052631578947
60	60	0.34210526315789475	0.3037974683544304	0.24	0.4421052631578947
64					
70	70	0.32	0.3037974683544304	0.2857142857142857	0.46808510638297873
78					
80	80	0.358974358974359	0.3037974683544304	0.2894736842105263	0.46808510638297873
87					
88					
90	90	0.358974358974359	null	null	null
91					
100	100	0.2777777777777778	null	null	null