size	dial	NLU_Biased	NLU_Oversampled	NLU_Unbiased	NLU_Undersampled
10	10	0.23	null	null	null
20	20	0.7111111111111111	null	null	null
30	30	0.7111111111111111	null	null	0.631578947368421
40	40	0.6956521739130435	1	1	0.8695652173913043
50	50	0.6956521739130435	0.7058823529411765	0.7058823529411765	0.6363636363636364
60	60	0.6956521739130435	0.7058823529411765	0.6923076923076923	0.6363636363636364
64					
70	70	0.6956521739130435	0.7058823529411765	0.7333333333333333	0.6875
78					
80	80	0.6956521739130435	0.7058823529411765	0.7857142857142857	0.6875
87					
88					
90	90	0.6956521739130435	null	null	null
91					
94					
100	100	0.6956521739130435	null	null	null