size	dial	DS_comp_unigrams_async	DS_comp_unigrams_async_biased
10	10	0	0
20	20	0	0.07352941176470588
30	30	0	0.029411764705882353
40	40	0	0.23529411764705882
50	50	0	0.27941176470588236
60	60	0	0.29411764705882354
70	70	0	0.29411764705882354
80	80	0	0.2647058823529412
90	90	0.029411764705882353	0.3235294117647059
100	100	0.14705882352941177	0.3235294117647059
110	110	0.11764705882352941	0.27941176470588236
120	120	0.23529411764705882	0.38235294117647056
130	130	0.3235294117647059	0.4264705882352941
135	135	null	0.4411764705882353
140	140	0.3382352941176471	null