size	dial	DS_Component_wise	DS_Composite_wise
1	17	0	0
2	36	0	0
3	48	0	0.07692307692307693
4	53	0	0.08333333333333333
5	64	0	0.1
6	81	0.11764705882352941	0.19047619047619047
7	89	0.1111111111111111	0.2727272727272727
8	98	0.21052631578947367	0.2727272727272727
9	113	0.43478260869565216	0.3076923076923077
10	124	0.48	0.24
15	175	0.45454545454545453	0.24
20	238	0.5217391304347826	0.2727272727272727
30	399	0.5161290322580645	0.25
40	564	0.5882352941176471	0.37037037037037035
50	731	0.48484848484848486	0.4444444444444444
60	881	0.5294117647058824	0.5185185185185185
70	998	0.48484848484848486	0.5384615384615384
80	1185	0.5294117647058824	0.6451612903225806
90	1325	0.48484848484848486	0.6451612903225806