size	dial	NLU_Biased	NLU_Oversampled	NLU_Unbiased	NLU_Undersampled
10	10	0.47761194029850745	0	0	0
20	20	0.40298507462686567	0.15422885572139303	0.3482587064676617	0.7064676616915423
30	30	0.3681592039800995	0.7960199004975125	0.8159203980099502	0.8308457711442786
40	40	0.38308457711442784	0.7910447761194029	0.7960199004975125	0.835820895522388
50	50	0.835820895522388	0.7810945273631841	0.8009950248756219	0.8407960199004975
60	60	0.681592039800995	0.7960199004975125	0.7910447761194029	0.8407960199004975
64					
70	70	0.681592039800995	0.7412935323383084	0.7263681592039801	0.7761194029850746
78					
80	80	0.681592039800995	0.5472636815920398	0.4925373134328358	0.8059701492537313
87					
88					
90	90	0.6318407960199005	0.5074626865671642	0.4577114427860697	0.7213930348258707
91	91	null	0.5074626865671642	0.4577114427860697	0.7213930348258707
94					
100	100	0.6616915422885572	null	null	null