size	dial	DS_comp_unigrams_async	DS_comp_unigrams_async_biased
10	10	0.48024316109422494	0.4269005847953216
20	20	0.46105919003115264	0.24649859943977592
30	30	0.48201438848920863	0.38888888888888895
40	40	0.6539379474940334	0.37777777777777777
50	50	0.6280623608017817	0.367816091954023
60	60	0.6618705035971223	0.5421052631578948
70	70	0.6666666666666666	0.5865384615384615
80	80	0.6666666666666666	0.6099290780141845
90	90	0.6620370370370371	0.6053268765133172
91			
100	100	0.6715328467153284	0.6067961165048543
102			
110	110	0.6870229007633588	0.5914786967418546
120	120	0.6828087167070218	0.6295399515738499
130			
140			
150			