size	dial	NLU_Biased	NLU_Oversampled	NLU_Unbiased	NLU_Undersampled
10	10	0.5634920634920635	null	null	null
20	20	0.5956284153005464	null	null	null
30	30	0.5802919708029197	0.5423728813559322	0.534965034965035	0.4673913043478261
40	40	0.5868055555555556	0.515527950310559	0.49852507374631266	0.5196374622356495
50	50	0.5845070422535211	0.5917602996254682	0.5311475409836065	0.5073313782991202
60	60	0.6091954022988506	0.5	0.48672566371681414	0.5058139534883721
70	70	0.5795053003533569	0.5460750853242321	0.5463917525773195	0.5045045045045045
80	80	0.546583850931677	0.572992700729927	0.5703971119133574	0.5089285714285714
90	90	0.567741935483871	0.5766423357664233	0.5638297872340425	0.5089285714285714
100	100	0.5641025641025641	0.6470588235294118	0.6333333333333333	0.5601374570446735
110	110	0.6479400749063671	0.7318840579710145	0.7445255474452555	0.5601374570446735
120	120	0.6566037735849056	0.7633587786259542	0.7578125	0.6767241379310345
130	130	0.6376811594202898	0.8198198198198198	0.7981651376146789	0.6826086956521739
140	140	null	null	0.7804878048780488	null
150	150	null	null	0.8712871287128713	0.6111111111111112
160					
170					
180					