size	dial	NLU_Biased	NLU_Oversampled	NLU_Unbiased	NLU_Undersampled
10	10	0.38461538461538464	0.43990384615384615	0.43990384615384615	0.14783653846153846
20	20	0.5036057692307693	0.4495192307692308	0.4879807692307692	0.2536057692307692
30	30	0.5336538461538461	0.5949519230769231	0.5961538461538461	0.33653846153846156
40	40	0.5120192307692307	0.6105769230769231	0.6021634615384616	0.3581730769230769
50	50	0.6466346153846154	0.6045673076923077	0.5961538461538461	0.34975961538461536
60	60	0.6177884615384616	0.6201923076923077	0.6081730769230769	0.34975961538461536
64					
70	70	0.6237980769230769	0.6478365384615384	0.6454326923076923	0.39903846153846156
78					
80	80	0.6286057692307693	0.5961538461538461	0.5817307692307693	0.4362980769230769
87					
88					
90	90	0.625	0.5709134615384616	0.5637019230769231	0.2536057692307692
91	91	null	0.5745192307692307	0.5649038461538461	0.2536057692307692
94					
100	100	0.5721153846153846	null	null	null