size	dial	DS_comp_unigrams_async	DS_comp_unigrams_async_biased	DS_comp_unigrams_async_over	DS_comp_unigrams_async_under
10	10	0.4091333132453521	0.33117468658298205	0.40915851684383303	0.2619463774461118
20	20	0.29373411555251444	0.3546076508969874	0.3003307963053482	0.2863228924133976
30	30	0.2936000861359234	0.3903765648798222	0.2936000861359234	0.28511558056859865
40	40	0.2953133180852642	0.3835801220775641	0.2933407271399852	0.28511558056859865
50	50	0.4254895352871182	0.38302517275942194	0.40291392780196844	0.35115232168510124
60	60	0.42425146667052355	0.4192174754638474	0.4037133937728821	0.34764740637078806
70	70	0.41692160671441536	0.38325368058417614	0.42666196098921444	0.33138797115887614
80	80	0.4143559304058671	0.42098468332690064	0.42419761685780016	0.37512265365735226
90	90	0.4406903017847591	0.4244254733692289	0.44095554933973524	0.37539644988521115
100	100	0.441487496124043	0.41433992841806294	0.44530251734892035	0.3755941949376078