size	dial	NLU_Biased	NLU_Oversampled	NLU_Unbiased	NLU_Undersampled
10	10	0.22282708743726987	0.30966896806146305	0.30966896806146305	0.10185062384591057
20	20	0.37341253518298884	0.32026632271671573	0.28538991558600235	0.20878493203188542
30	30	0.4270778094474628	0.3956986116916403	0.405887242469201	0.292833213403787
40	40	0.42494034725582314	0.42173380991295606	0.41524357902634573	0.2918536372173868
50	50	0.4752148958558719	0.4283665992443336	0.42864700924364024	0.30813899011320023
60	60	0.45367492986647007	0.45401211913073514	0.4406859935805008	0.30813899011320023
64					
70	70	0.45004446994800223	0.43859203658770907	0.4154622426935983	0.3007936736114141
78					
80	80	0.4729637573810966	0.46332344624231075	0.42998456558045955	0.3308453102035206
87					
88					
90	90	0.48194872710755365	0.40442860171289563	0.3680866967980922	0.2208329190952919
91	91	null	0.4049009203425418	0.3686921099035053	0.2208329190952919
94					
100	100	0.423022021021334	null	null	null