size	dial	NLU_Biased	NLU_Oversampled	NLU_Unbiased	NLU_Undersampled
10	10	0.43816735078142255	0.2141741361996504	0.2141741361996504	0.07766497461928934
20	20	0.5389760085560358	0.3644178009381771	0.41191413256235276	0.2558878134218693
30	30	0.47875617493563505	0.48822214104362455	0.48995334338640945	0.3426131646606615
40	40	0.5059088504308722	0.506558643200127	0.5022439951810858	0.36450409844239245
50	50	0.5079450418160096	0.49069938808109276	0.48681763343291007	0.36266357813307726
60	60	0.5038739306351363	0.5007536045232782	0.49650726732443007	0.36266357813307726
64					
70	70	0.5345116116985543	0.5741906907016244	0.5744283280507203	0.44888795996794933
78					
80	80	0.5608064961717578	0.6096344788136411	0.6043202940289373	0.4730462135388256
87					
88					
90	90	0.7130503327387518	0.5999069385004341	0.5913020734307943	0.38146420174172413
91	91	null	0.6009799148961985	0.591746051096143	0.38146420174172413
100	100	0.7174637283528151	null	null	null