size	dial	NLU_Biased	NLU_Oversampled	NLU_Unbiased	NLU_Undersampled
10	10	0.28716920149710046	0.2115362744279006	0.2115362744279006	0.044976448430320906
20	20	0.40292391864809357	0.3007234016497799	0.2733599346102024	0.17555856732130212
30	30	0.34794048320378307	0.36191109035392444	0.36542468009797546	0.27242495885677526
40	40	0.38502890199318995	0.3899115307648075	0.38180093921850056	0.2739094275850835
50	50	0.3645134704621499	0.39789248912897246	0.3935643113456047	0.2988090303501291
60	60	0.3761065739428946	0.42105499097865956	0.4085524922010409	0.2988090303501291
64					
70	70	0.3900812514056415	0.4287297306307515	0.40619580044472314	0.305474630856435
78					
80	80	0.429870997824493	0.45634807964518065	0.4239036317843649	0.32251350769046266
87					
88					
90	90	0.47498421752514425	0.4063956801336721	0.3732922345400363	0.2236049964624859
91	91	null	0.4068415951698214	0.3718652652453746	0.2236049964624859
100	100	0.46642008995865164	null	null	null