size	dial	NLU_Biased	NLU_Oversampled	NLU_Unbiased	NLU_Undersampled
10	10	0.3587628402849066	0.1993868408787888	0.1993868408787888	0.031307523605476145
20	20	0.45055267038485713	0.3350337570680905	0.3269907496066113	0.27153171891611494
30	30	0.3989010218644572	0.38152087757395037	0.39336259097553455	0.39266430781044925
40	40	0.44304706461299864	0.41385382837202095	0.40556871345491136	0.38666852507761595
50	50	0.4122280739022728	0.42899617005013785	0.4235436854659009	0.40673908670514997
60	60	0.42033530364374455	0.460150504599127	0.45148547204800243	0.40673908670514997
64					
70	70	0.430018049372748	0.4792094477466148	0.4505121483151792	0.38439285206934926
78					
80	80	0.4759386863930469	0.523872226079003	0.4971883961971764	0.42051221633846425
87					
88					
90	90	0.5308414402271593	0.47487738382091454	0.45285493053008197	0.32391272661764464
91	91	null	0.47505840516237796	0.4501728915140033	0.32391272661764464
100	100	0.5313562650476386	null	null	null