size	dial	DS_comp_unigrams_async	DS_comp_unigrams_async_biased
10	10	0.5109090584985081	0.28055514927227426
20	20	0.4756167128037625	0.5146472335637879
30	30	0.4254744524471749	0.3966319932650351
40	40	0.4530786087419924	0.30511969408352757
50	50	0.4811705713198289	0.3310140665573271
60	60	0.4305189101714517	0.40457864425051204
70	70	0.4608988678962852	0.3436222271263469
80	80	0.4693011682647796	0.3758969931754065
90	90	0.4660811097040315	0.37598529617790355
95			
100	100	0.43684747422507625	0.40438721604062666
109			
110	110	0.3901576989908923	0.4117625776234156
114			
116			
120	120	0.39384853374331646	0.39848535452522826
125			
130			
140			
150			