size	dial	NLU_Biased	NLU_Oversampled	NLU_Unbiased	NLU_Undersampled
10	10	0.5910493827160493	0.6589785831960461	0.6589785831960461	0.14600840336134455
20	20	0.7230576441102757	0.7184801381692574	0.7017268445839875	0.2662921348314607
30	30	0.7503828483920367	0.7374149659863946	0.7189973614775725	0.4878836833602585
40	40	0.77217125382263	0.7446524064171123	0.7198443579766537	0.5769911504424778
50	50	0.7591240875912408	0.7327127659574468	0.7248677248677249	0.533106960950764
60	60	0.7309859154929578	0.7533512064343163	0.7403462050599201	0.533106960950764
64					
70	70	0.7476255088195387	0.7802929427430093	0.7752659574468085	0.6455026455026455
78					
80	80	0.7538659793814433	0.7701149425287356	0.7645348837209303	0.5462304409672831
87					
88					
90	90	0.7496871088861077	0.7558479532163743	0.7507374631268436	0.4810924369747899
91	91	null	0.7543604651162791	0.749266862170088	0.4810924369747899
100	100	0.7625160462130937	null	null	null