size	dial	DS_comp_unigrams_async	DS_comp_unigrams_async_biased
10	10	0.7391304347826086	0.5808383233532933
20	20	0.7665847665847666	0.765855330819335
30	30	0.7526959022286125	0.7386363636363636
40	40	0.7722494744218641	0.6825338703771512
50	50	0.7698191933240612	0.6659283868586193
60	60	0.7658979734451432	0.7130257801899592
70	70	0.7711095603628751	0.6532993073277434
80	80	0.7816411682892906	0.7014451885794852
90	90	0.7822160472386246	0.7249736564805058
95			
100	100	0.7559224694903086	0.7336612789880533
109			
110	110	0.7300295857988165	0.7321365716297078
114			
116			
120	120	0.7391941391941391	0.7283645354998234
125			
130			
140			
150			