size	dial	DS_comp_unigrams_async	DS_comp_unigrams_async_biased
10	10	0.7264725795531483	0.7582938388625592
20	20	0.7501692620176033	0.7109004739336493
30	30	0.7461069735951252	0.7461069735951252
40	40	0.7494922139471902	0.6872037914691943
50	50	0.7291807718348002	0.6655382532159784
60	60	0.7555856465809072	0.7501692620176033
70	70	0.7142857142857143	0.7582938388625592
80	80	0.7569397427217333	0.7501692620176033
90	90	0.7630331753554502	0.7508463100880163
91			
100	100	0.7698036560595802	0.7454299255247122
102			
110	110	0.7874069058903183	0.7610020311442113
120	120	0.7941773865944483	0.7677725118483413
130			
140			
150			