size	dial	NLU_Biased	NLU_Oversampled	NLU_Unbiased	NLU_Undersampled
10	10	0.4338942307692308	0.4807692307692308	0.4807692307692308	0.16706730769230768
20	20	0.5600961538461539	0.49759615384615385	0.5372596153846154	0.2848557692307692
30	30	0.5817307692307693	0.6514423076923077	0.6550480769230769	0.3629807692307692
40	40	0.5637019230769231	0.6706730769230769	0.6670673076923077	0.3918269230769231
50	50	0.71875	0.6598557692307693	0.6586538461538461	0.37740384615384615
60	60	0.6814903846153846	0.6754807692307693	0.6682692307692307	0.37740384615384615
64					
70	70	0.6875	0.7043269230769231	0.7007211538461539	0.43990384615384615
78					
80	80	0.6947115384615384	0.6442307692307693	0.6322115384615384	0.46153846153846156
87					
88					
90	90	0.6850961538461539	0.6201923076923077	0.6117788461538461	0.27524038461538464
91	91	null	0.6225961538461539	0.6141826923076923	0.27524038461538464
94					
100	100	0.6225961538461539	null	null	null