size	dial	NLU_Biased	NLU_Oversampled	NLU_Unbiased	NLU_Undersampled
10	10	0.8990825688073395	0.7431693989071039	0.7431693989071039	null
20	20	0.8990825688073395	0.8923076923076924	0.8514851485148515	0.95
30	30	0.9352112676056338	0.9571045576407506	0.9545454545454546	0.9583333333333334
40	40	0.9350282485875706	0.9556135770234987	0.9503916449086162	0.9552238805970149
50	50	0.9285714285714286	0.934010152284264	0.9357326478149101	0.963302752293578
60	60	0.927461139896373	0.9310344827586207	0.935	0.963302752293578
64					
70	70	0.9615384615384616	0.9362244897959183	0.9360613810741688	0.9261744966442953
78					
80	80	0.9619565217391305	0.9125964010282777	0.8982188295165394	0.9395604395604396
87					
88					
90	90	0.9625668449197861	0.9117647058823529	0.8979057591623036	0.9642857142857143
91	91	null	0.9117647058823529	0.8961038961038961	0.9642857142857143
100	100	0.9646739130434783	null	null	null