size	dial	NLU_Biased	NLU_Oversampled	NLU_Unbiased	NLU_Undersampled
10	10	0.9400479616306955	0.9784172661870504	0.9784172661870504	0
20	20	0.6954436450839329	0.8249400479616307	0.8249400479616307	0.045563549160671464
30	30	0.841726618705036	0.8561151079136691	0.8561151079136691	0.22062350119904076
40	40	0.9376498800959233	0.8776978417266187	0.8729016786570744	0.3069544364508393
50	50	0.9160671462829736	0.882494004796163	0.8729016786570744	0.2517985611510791
60	60	0.9016786570743405	0.9088729016786571	0.8968824940047961	0.2517985611510791
64					
70	70	0.9016786570743405	0.8800959232613909	0.8776978417266187	0.33093525179856115
78					
80	80	0.8992805755395683	0.8441247002398081	0.8465227817745803	0.41007194244604317
87					
88					
90	90	0.8992805755395683	0.8177458033573142	0.8225419664268585	0.06474820143884892
91	91	null	0.8177458033573142	0.8273381294964028	0.06474820143884892
100	100	0.8776978417266187	null	null	null