size	dial	DS_Component_wise	DS_Composite_wise
1	17	0.8516746411483254	0.654320987654321
2	35	0.7150837988826816	0.6467065868263473
3	47	0.837696335078534	0.7845303867403315
4	52	0.8253968253968254	0.7640449438202247
5	63	0.8128342245989305	0.7934782608695652
6	80	0.7912087912087912	0.8768472906403941
7	87	0.7912087912087912	0.8725490196078431
8	95	0.8556701030927835	0.9082125603864735
9	108	0.8601036269430051	0.912621359223301
10	119	0.837696335078534	0.9134615384615384
15	168	0.8172043010752689	0.9178743961352657
20	228	0.7978723404255319	0.919431279620853
30	384	0.8172043010752689	0.9345794392523364
40	546	0.8686868686868687	0.9074074074074074
50	672	0.8669950738916257	0.9339622641509434
60	820	0.8803827751196173	0.9478672985781991
70	935	0.8695652173913043	0.9428571428571428
80	1117	0.8708133971291866	0.9142857142857143
90	1251	0.8669950738916257	0.9289099526066351