size	dial	DS_Component_wise	DS_Composite_wise
1	17	1	0.06666666666666667
2	36	0.09090909090909091	0.07142857142857142
3	48	0.09523809523809523	0.125
4	53	0.09523809523809523	0.125
5	64	0.10344827586206896	0.1
6	81	0.1111111111111111	0.1111111111111111
7	89	0.11538461538461539	0.1111111111111111
8	98	0.13043478260869565	0.16666666666666666
9	113	0.15	0.1
10	124	0.14285714285714285	0.09090909090909091
15	175	0.11764705882352941	0.16666666666666666
20	238	0.1111111111111111	0.3333333333333333
30	399	0.2222222222222222	0.3333333333333333
40	564	0.16666666666666666	0.5
50	695	0.2857142857142857	0.5
60	845	0.3333333333333333	0.3333333333333333
70	962	0.2	0.25
80	1149	0.25	0.3333333333333333
90	1289	0.25	0.25