size	dial	NLU_Biased	NLU_Oversampled	NLU_Unbiased	NLU_Undersampled
10	10	0.3770491803278688	0	0	0
20	20	0.3770491803278688	0	0	0
30	30	0.32786885245901637	0	0	0
40	40	0.32786885245901637	0	0	0
50	50	0.3114754098360656	0	0	0
60	60	0.3114754098360656	0	0	0
64					
70	70	0.32786885245901637	0	0	0
78					
80	80	0.32786885245901637	0.18032786885245902	0.18032786885245902	0.19672131147540983
87					
88					
90	90	0.3442622950819672	0.19672131147540983	0.19672131147540983	0.3442622950819672
91	91	null	0.19672131147540983	0.19672131147540983	0.3442622950819672
94					
100	100	0.3442622950819672	null	null	null