size	dial	NLU_Biased	NLU_Oversampled	NLU_Unbiased	NLU_Undersampled
10	10	0.36153846153846153	0	0	0
20	20	0.6095238095238096	0	0	0
30	30	0.5961538461538461	0	0	0
40	40	0.6153846153846154	0	0	0
50	50	0.5904761904761905	0	0	0
60	60	0.6037735849056604	0	0	0
64					
70	70	0.5769230769230769	0	0	0
78					
80	80	0.5961538461538461	0.2894736842105263	0.29333333333333333	0.2926829268292683
87					
88					
90	90	0.5961538461538461	0.3116883116883117	0.3116883116883117	0.3230769230769231
91	91	null	0.3116883116883117	0.3116883116883117	0.3230769230769231
100	100	0.6078431372549019	null	null	null