size	dial	DS_comp_unigrams_async	DS_comp_unigrams_async_biased
10	10	null	null
20	20	null	1
30	30	null	0.75
40	40	0.475	0.7272727272727273
50	50	0.45161290322580644	0.9090909090909091
60	60	0.5555555555555556	0.7529411764705882
70	70	0.5535714285714286	0.6808510638297872
80	80	0.5357142857142857	0.6292134831460674
90	90	0.5576923076923077	0.609375
91			
100	100	0.609375	0.6666666666666666
102			
110	110	0.6923076923076923	0.6545454545454545
120	120	0.6973684210526315	0.6428571428571429
130			
140			
150			