size	dial	DS_comp_unigrams_async	DS_comp_unigrams_async_biased
10	10	null	null
20	20	null	0.03370786516853933
30	30	null	0.0962566844919786
40	40	0.17674418604651163	0.08602150537634409
50	50	0.13592233009708737	0.1075268817204301
60	60	0.22727272727272727	0.49230769230769234
70	70	0.26839826839826836	0.4758364312267658
80	80	0.25974025974025977	0.42424242424242425
90	90	0.2555066079295154	0.5148514851485149
91			
100	100	0.3263598326359833	0.508833922261484
102			
110	110	0.42687747035573126	0.5052631578947369
120	120	0.4223107569721115	0.5017421602787456
130			
140			
150			