size	dial	DS_comp_unigrams_async	DS_comp_unigrams_async_biased	DS_comp_unigrams_async_over	DS_comp_unigrams_async_under
10	10	0.4560260586319218	0.6038543897216274	0.4560260586319218	0.2604166666666667
20	20	0.46938775510204084	0.47928994082840237	0.4681933842239186	0.2604166666666667
30	30	0.43425076452599387	0.5157593123209169	0.4307692307692308	0.4584269662921348
40	40	0.4423076923076923	0.5426829268292683	0.4423076923076923	0.4538653366583541
50	50	0.6462395543175488	0.6304347826086957	0.6256684491978609	0.4756756756756757
60	60	0.5349544072948328	0.5089974293059126	0.6437346437346437	0.4756756756756757
70	70	0.5398773006134969	0.5076923076923077	0.6632653061224489	0.4756756756756757
80	80	0.6426592797783933	0.51010101010101	0.648936170212766	0.4756756756756757
90	90	0.6580310880829016	0.5050505050505051	0.654639175257732	0.5013623978201635
100	100	0.6719160104986877	0.5142857142857142	0.6490765171503958	0.5013623978201635