size	dial	DS_comp_unigrams_async	DS_comp_unigrams_async_biased
10	10	0	0.681592039800995
20	20	0.029850746268656716	0.681592039800995
30	30	0.36318407960199006	0.6517412935323383
40	40	0.31343283582089554	0.6616915422885572
50	50	0.39800995024875624	0.6368159203980099
60	60	0.417910447761194	0.7114427860696517
70	70	0.373134328358209	0.7213930348258707
80	80	0.3681592039800995	0.7412935323383084
90	90	0.3681592039800995	0.7263681592039801
91			
100	100	0.3681592039800995	0.6567164179104478
102			
110	110	0.3681592039800995	0.6616915422885572
120	120	0.5572139303482587	0.6965174129353234
130			
140			
150			