size	dial	DS_Component_wise	DS_Composite_wise
1	17	0.9	0.2222222222222222
2	36	0.9	0.42857142857142855
3	48	0.6	0.3783783783783784
4	53	0.7222222222222222	0.35294117647058826
5	64	0.6842105263157895	0.3469387755102041
6	81	0.7222222222222222	0.3541666666666667
7	89	0.7647058823529411	0.3695652173913043
8	98	0.7647058823529411	0.35555555555555557
9	113	0.8666666666666667	0.4358974358974359
10	124	0.8666666666666667	0.45
15	175	0.875	0.5483870967741935
20	238	0.8947368421052632	0.6333333333333333
30	399	0.7083333333333334	0.6333333333333333
40	564	0.72	0.6428571428571429
50	695	0.8571428571428571	0.7083333333333334
60	862	0.782608695652174	0.6785714285714286
70	979	0.7916666666666666	0.75
80	1166	0.8260869565217391	0.782608695652174
90	1306	0.8636363636363636	0.7916666666666666