size	dial	DS_Component_wise	DS_Composite_wise
1	17	0.5608108108108109	0.22297297297297297
2	35	0.5202702702702703	0.2972972972972973
3	47	0.527027027027027	0.3108108108108108
4	52	0.5540540540540541	0.2635135135135135
5	63	0.5337837837837838	0.28378378378378377
6	80	0.5540540540540541	0.3310810810810811
7	87	0.5608108108108109	0.31756756756756754
8	95	0.5675675675675675	0.38513513513513514
9	108	0.6013513513513513	0.3918918918918919
10	119	0.6081081081081081	0.38513513513513514
15	168	0.5472972972972973	0.49324324324324326
20	228	0.5878378378378378	0.5472972972972973
30	384	0.6351351351351351	0.5878378378378378
40	546	0.6486486486486487	0.6148648648648649
50	672	0.7364864864864865	0.6554054054054054
60	830	0.7432432432432432	0.7027027027027027
70	945	0.7364864864864865	0.6891891891891891
80	1127	0.7432432432432432	0.6891891891891891
90	1261	0.7297297297297297	0.6959459459459459