size	dial	DS_comp_unigrams_async	DS_comp_unigrams_async_biased
10	10	0.2946946541693231	0.4010885166607368
20	20	0.38545659347701067	0.3943683502517591
30	30	0.38226390846316816	0.36402774270872384
40	40	0.3589921552867241	0.38303875213491745
50	50	0.35678920327073244	0.38684802389877204
60	60	0.35120254614635554	0.4327508292892388
70	70	0.3340147499529911	0.4246507581714189
80	80	0.3515226692551224	0.4131168196144466
90	90	0.35506977323878347	0.43610749070341276
100	100	0.38006850324076424	0.46193410970380694
110	110	0.4134861481786213	0.43553567126366494
120	120	0.4080696010606266	0.42060756741723926
130			