size	dial	DS_comp_unigrams_async	DS_comp_unigrams_async_biased	DS_comp_unigrams_async_over	DS_comp_unigrams_async_under
10	10	0.3903929541665928	0.46348275993181337	0.387713956981969	0.3090433492752825
20	20	0.38631000174423685	0.41166648741187617	0.3862543567138144	0.3090433492752825
30	30	0.41109017514533397	0.4530298382041248	0.4133984537415688	0.3744038765450361
40	40	0.4185920157509524	0.4817078700986926	0.4185090203884585	0.3956370255296667
50	50	0.5450918454049734	0.5276748830840714	0.5040090301092196	0.43684097052972076
60	60	0.5585516114869228	0.5237708187865355	0.5652008813398942	0.4322023115732959
70	70	0.550510124316579	0.5041318778079493	0.5684583853034711	0.4322023115732959
80	80	0.5433142239908475	0.5042131083506174	0.541671331369767	0.4322023115732959
90	90	0.5722778656100794	0.49725944664850685	0.573586156819103	0.43586548865962754
100	100	0.5741844790221852	0.5194204581435	0.5557633011674673	0.43586548865962754