size	dial	NLU_Biased	NLU_Oversampled	NLU_Unbiased	NLU_Undersampled
10	10	0.3887236121592075	0.44981502633676546	0.42210426807165513	0.3733051407857776
20	20	0.3881341155254512	0.454132636677539	0.4510079951618452	0.45539666695599346
30	30	0.42057767030209564	0.456946599148434	0.4651747906314351	0.4651391632850776
40	40	0.4992704996180375	0.4858111130953377	0.48417010536285876	0.4651391632850776
50	50	0.4886329889971047	0.47667564116940875	0.4821602324027616	0.40983059739420047
60	60	0.5309696342305038	0.5053975327172886	0.5175980092666643	0.40983059739420047
70	70	0.5323146642701961	0.504892573491544	0.520464637246653	0.40983059739420047
80	80	0.6098103266692881	0.4932170792496332	0.5031281952685992	0.40983059739420047
90	90	0.6266130891633349	0.4947060278009153	0.5014576879121491	0.40983059739420047
100	100	0.6042578724500705	0.49805029666721634	0.4993845415823212	0.40983059739420047
110	110	0.6049837231552179	0.48717223233168794	0.5018365242015224	0.40983059739420047
120	120	0.6102266483457276	0.49989462253606987	0.5107457214531091	0.5170201127112459
130	130	0.6356431893761321	0.5037784773911534	0.5062427129770958	0.5170201127112459
140	140	0.6044572050669612	0.5138472225603765	0.5142439593752824	0.527206053552457
150					
160					
170					
180					