size	dial	NLU_Biased	NLU_Oversampled	NLU_Unbiased	NLU_Undersampled
10	10	0.14765302879500838	0.4501791616867433	0.3859260804999098	0.3923139697016385
20	20	0.43900089061392544	0.4257877854748443	0.42827962757713706	0.41267617245337385
30	30	0.4526384242945128	0.40166679514519343	0.42901194771210294	0.2181851237518655
40	40	0.5435152944520243	0.3803999708686352	0.4462947305584117	0.2181851237518655
50	50	0.5412624951038814	0.3435539095752197	0.436345214640542	0.2181851237518655
60	60	0.5441565280991788	0.34742855344986356	0.4346084091460302	0.2181851237518655
64					
70	70	0.5515469831725607	0.3523047745458681	0.42313131129064974	0.2181851237518655
78					
80	80	0.524205058042454	0.35708098141503913	0.43517724701172716	0.3695389718699804
87	87	null	0.41646583274274374	0.44932811751475377	0.3695389718699804
88					
90	90	0.5181432742814843	null	null	null
91					
94	94	0.5409512024859386	null	null	null
100					