size	dial	NLU_Biased	NLU_Oversampled	NLU_Unbiased	NLU_Undersampled
10	10	0.37484314601001223	0.4486766360489833	0.40351082926763504	0.4270601907074055
20	20	0.3358041273674115	0.44743155578587424	0.44415737770512753	0.4221566067326713
30	30	0.49251308176530384	0.45324263951647026	0.48847832487408854	0.3984506323239354
40	40	0.5114129713264479	0.4220674951023386	0.5085399833796846	0.3984506323239354
50	50	0.5064586465216956	0.307145263329945	0.47168452228932733	0.3984506323239354
60	60	0.5417622344492047	0.2989412636245295	0.4784454087994109	0.3984506323239354
64					
70	70	0.4650358685483113	0.34390681463396316	0.46446865370697393	0.3984506323239354
78					
80	80	0.5633207317495015	0.4263997622152106	0.5190053411224631	0.4863778467904496
87	87	null	0.472578539933429	0.5266590626577863	0.4863778467904496
88					
90	90	0.5561110264186218	null	null	null
91					
100	100	0.5805406249514046	null	null	null