size	dial	NLU_Biased	NLU_Oversampled	NLU_Unbiased	NLU_Undersampled
10	10	0.2878701088785123	0.4177959993093977	0.36970809100113977	0.3773704308427863
20	20	0.2600726396806879	0.40031299216855964	0.40980609241766297	0.3927636928454174
30	30	0.4258249950296717	0.37968453436665617	0.41027225853048266	0.2501841848317654
40	40	0.43046543480065247	0.354139072316841	0.43586093881070653	0.2501841848317654
50	50	0.42220664674014663	0.28585613206085064	0.40028989746930815	0.2501841848317654
60	60	0.4570721842263603	0.28363082222758706	0.4042338634609151	0.2501841848317654
64					
70	70	0.41314886828914754	0.301479207978444	0.39300933072743754	0.2501841848317654
78					
80	80	0.505435250136432	0.3292592209817881	0.4152580822096674	0.3915481228221502
87	87	null	0.3837849211762861	0.42015427612986794	0.3915481228221502
88					
90	90	0.5027521941847868	null	null	null
91					
100	100	0.5255320805828573	null	null	null