size	dial	DS_Component_wise	DS_Composite_wise
1	17	0.4422061157050184	0.11031746031746033
2	36	0.39348845567717555	0.1478617168272341
3	48	0.41553492706124284	0.1650646135994097
4	53	0.4666891534930507	0.13694449564334463
5	64	0.44446144777709773	0.1789513939187257
6	81	0.5010271503228114	0.2068144000523963
7	89	0.512158426789841	0.2121894800691432
8	98	0.5048611853965757	0.2730787203179213
9	113	0.5724949715303589	0.3005441828971241
10	124	0.5409015831890017	0.31966098761495176
15	175	0.4651515085531677	0.357082185100761
20	238	0.5002953655482304	0.4415435653426266
30	399	0.5016081972562776	0.4680576702212392
40	564	0.505126855576349	0.5158587418796516
50	695	0.5948729118104119	0.5253453788658023
60	862	0.6420404063622688	0.5766982639162211
70	979	0.6161370871089701	0.5998559239645828
80	1166	0.652864425075912	0.5463304704391292
90	1306	0.5634884646636207	0.5767161186278834