size	dial	DS_comp_unigrams_async	DS_comp_unigrams_async_biased
10	10	0.7257035647279548	0.6992896606156274
20	20	0.7679168213887858	0.6284518828451884
30	30	0.7976496511200881	0.7274107820804859
40	40	0.7957384276267451	0.7611395178962747
50	50	0.7861818181818181	0.7832318165532067
60	60	0.7914244186046511	0.7797704447632712
70	70	0.7934664246823956	0.7738439306358382
80	80	0.7943210775391336	0.7917261055634808
90	90	0.7884267631103075	0.7967594223318069
91			
100	100	0.7866857551896922	0.8004307250538406
102			
110	110	0.7885714285714287	0.8045165843330981
120	120	0.8030833917309042	0.797610681658468
130			
140			
150			