size	dial	NLU_Biased	NLU_Oversampled	NLU_Unbiased	NLU_Undersampled
10	10	0.36693548387096775	0.7319316688567674	0.715046604527297	0.7214854111405835
20	20	0.6972111553784861	0.733502538071066	0.7340153452685422	0.7178807947019867
30	30	0.7622107969151671	0.7369109947643979	0.7434895833333334	0.6544276457883369
40	40	0.7451219512195122	0.7327478042659975	0.751269035532995	0.6544276457883369
50	50	0.7460701330108828	0.6958698372966208	0.7530864197530864	0.6544276457883369
60	60	0.7396937573616019	0.6976160602258469	0.7513661202185792	0.6544276457883369
64					
70	70	0.7470588235294118	0.7177522349936143	0.7469553450608931	0.6544276457883369
78					
80	80	0.7572115384615384	0.7331536388140162	0.761049723756906	0.7323076923076923
87	87	null	0.727509778357236	0.7520325203252033	0.7323076923076923
88					
90	90	0.7482185273159145	null	null	null
91					
94	94	0.7481481481481481	null	null	null
100					