size	dial	NLU_Biased	NLU_Oversampled	NLU_Unbiased	NLU_Undersampled
10	10	0.21770334928229665	0.666267942583732	0.6423444976076556	0.6507177033492823
20	20	0.6279904306220095	0.6913875598086124	0.6866028708133971	0.6483253588516746
30	30	0.7093301435406698	0.6734449760765551	0.6830143540669856	0.3624401913875598
40	40	0.7308612440191388	0.6985645933014354	0.7081339712918661	0.3624401913875598
50	50	0.7380382775119617	0.6650717703349283	0.6566985645933014	0.3624401913875598
60	60	0.7511961722488039	0.6650717703349283	0.6578947368421053	0.3624401913875598
64					
70	70	0.7595693779904307	0.6722488038277512	0.6602870813397129	0.3624401913875598
78					
80	80	0.7535885167464115	0.6507177033492823	0.6590909090909091	0.569377990430622
87	87	null	0.6674641148325359	0.6638755980861244	0.569377990430622
88					
90	90	0.7535885167464115	null	null	null
91					
94	94	0.7248803827751196	null	null	null
100					