size	dial	NLU_Biased	NLU_Oversampled	NLU_Unbiased	NLU_Undersampled
10	10	0.6644295302013423	0.7279894875164258	0.715046604527297	0.7214854111405835
20	20	0.6270718232044199	0.7371794871794872	0.7340153452685422	0.7178807947019867
30	30	0.7543391188251002	0.7379400260756193	0.7434895833333334	0.6544276457883369
40	40	0.7605985037406484	0.7314930991217063	0.751269035532995	0.6544276457883369
50	50	0.7397660818713451	0.6977329974811083	0.7530864197530864	0.6544276457883369
60	60	0.7385257301808067	0.698870765370138	0.7513661202185792	0.6544276457883369
64					
70	70	0.7506963788300836	0.7232947232947233	0.7469553450608931	0.6544276457883369
78					
80	80	0.7262872628726287	0.7302013422818792	0.761049723756906	0.7323076923076923
87	87	null	0.7253886010362695	0.7520325203252033	0.7323076923076923
88					
90	90	0.7465145754119138	null	null	null
91					
100	100	0.7760210803689065	null	null	null