size	dial	DS_Component_wise	DS_Composite_wise
1	17	0.6326530612244898	0.17346938775510204
2	36	0.5204081632653061	0.27040816326530615
3	48	0.5612244897959183	0.33163265306122447
4	53	0.6071428571428571	0.32142857142857145
5	64	0.5969387755102041	0.37244897959183676
6	81	0.6530612244897959	0.4387755102040816
7	89	0.6581632653061225	0.45918367346938777
8	98	0.6632653061224489	0.5408163265306123
9	113	0.7040816326530612	0.5663265306122449
10	124	0.6836734693877551	0.5663265306122449
15	175	0.5714285714285714	0.6020408163265306
20	238	0.6683673469387755	0.6530612244897959
30	399	0.6938775510204082	0.6836734693877551
40	564	0.7346938775510204	0.7142857142857143
50	695	0.8163265306122449	0.7397959183673469
60	862	0.8112244897959183	0.75
70	979	0.8061224489795918	0.7653061224489796
80	1166	0.7959183673469388	0.7397959183673469
90	1306	0.7704081632653061	0.7602040816326531