size	dial	DS_Component_wise	DS_Composite_wise
1	17	0.8743169398907104	0.5801526717557252
2	35	0.8165680473372781	0.6344827586206897
3	47	0.8304093567251462	0.7483870967741936
4	52	0.8538011695906432	0.7152317880794702
5	63	0.8255813953488372	0.759493670886076
6	80	0.8735632183908046	0.8554216867469879
7	87	0.8735632183908046	0.8888888888888888
8	95	0.8813559322033898	0.9028571428571428
9	108	0.896551724137931	0.9152542372881356
10	119	0.8837209302325582	0.9005847953216374
15	168	0.7875	0.9310344827586207
20	228	0.8271604938271605	0.9555555555555556
30	384	0.8674698795180723	0.9497206703910615
40	546	0.8941176470588236	0.9378531073446328
50	672	0.8953488372093024	0.9340659340659341
60	830	0.9248554913294798	0.9550561797752809
70	945	0.9122807017543859	0.9333333333333333
80	1127	0.9080459770114943	0.9333333333333333
90	1261	0.8941176470588236	0.9273743016759777