size	dial	biased	oversampled	unbiased	undersampled
10	10	0.9129411764705883	0.7176470588235294	0.72	0.731764705882353
20	20	0.7788235294117647	0.8352941176470589	0.8329411764705882	0.72
30	30	0.7270588235294118	0.851764705882353	0.8541176470588235	0.44
40	40	0.8282352941176471	0.8776470588235294	0.8729411764705882	0.44
50	50	0.7623529411764706	0.8823529411764706	0.8823529411764706	0.44
60	60	0.7647058823529411	0.88	0.88	0.44
70	70	0.7835294117647059	0.8964705882352941	0.8917647058823529	0.44
80	80	0.8352941176470589	0.8352941176470589	0.8352941176470589	0.6423529411764706
90					
100					
110					
120					
130					