size	dial	DS_Component_wise	DS_Composite_wise
1	17	0.8709677419354839	0.95
2	36	0.8701298701298701	0.8545454545454545
3	48	0.8974358974358975	0.90625
4	53	0.9125	0.9
5	64	0.8765432098765432	0.8955223880597015
6	81	0.9166666666666666	0.9473684210526315
7	89	0.9166666666666666	0.95
8	98	0.9080459770114943	0.9425287356321839
9	113	0.9512195121951219	0.9431818181818182
10	124	0.9506172839506173	0.963855421686747
15	175	0.9130434782608695	0.9655172413793104
20	238	0.9452054794520548	0.967032967032967
30	399	0.9605263157894737	0.9662921348314607
40	564	0.9625	0.9655172413793104
50	695	0.9529411764705882	0.9347826086956522
60	862	0.9759036144578314	0.9659090909090909
70	979	0.975609756097561	0.9659090909090909
80	1166	0.9634146341463414	0.9550561797752809
90	1306	0.9743589743589743	0.9550561797752809