size	dial	NLU_Biased	NLU_Oversampled	NLU_Unbiased	NLU_Undersampled
10	10	0.2562814070351759	null	null	null
20	20	0.4148936170212766	null	null	null
30	30	0.7037037037037037	0.6666666666666666	0.6666666666666666	0.6
40	40	0.7	0.5	0.5	0.6
50	50	0.7333333333333333	0.5	0	0.6
60	60	0.75	0	0	0.6
64					
70	70	0.7674418604651163	0	0	0.6
78					
80	80	0.7872340425531915	0.8571428571428571	0.8571428571428571	0.3548387096774194
87	87	null	0.875	0.75	0.3548387096774194
88					
90	90	0.782608695652174	null	null	null
91					
94	94	0.782608695652174	null	null	null
100					