size	dial	NLU_Biased	NLU_Oversampled	NLU_Unbiased	NLU_Undersampled
10	10	0	0	0	0
20	20	0	0	0	0
30	30	0	0	0	0
40	40	0	0	0	0
50	50	0	0	0	0.0273972602739726
60	60	0	0	0	0.0273972602739726
70	70	0	0	0	0.0273972602739726
80	80	0.2682926829268293	0	0	0.0273972602739726
90	90	0.3058823529411765	0	0	0.0273972602739726
100	100	0.30434782608695654	0	0	0.0273972602739726
110	110	0.30434782608695654	0	0	0.0273972602739726
120	120	0.30434782608695654	0.05263157894736842	0.05263157894736842	0.25806451612903225
130	130	0.3111111111111111	0.07792207792207792	0.05333333333333334	0.25806451612903225
140	140	0.29545454545454547	0.07792207792207792	0.07792207792207792	0.2545454545454545
150					
160					
170					
180					