size	dial	NLU_Biased	NLU_Oversampled	NLU_Unbiased	NLU_Undersampled
10	10	0.009345794392523364	0.32	0.27722772277227725	0.35984848484848486
20	20	0.009345794392523364	0.2753623188405797	0.2724014336917563	0.35365853658536583
30	30	0.15384615384615385	0.2937062937062937	0.303886925795053	0.382089552238806
40	40	0.4702549575070821	0.39039039039039036	0.37540453074433655	0.382089552238806
50	50	0.437125748502994	0.3573667711598746	0.3665594855305466	0.35294117647058826
60	60	0.5434782608695652	0.4743935309973046	0.47513812154696133	0.35294117647058826
70	70	0.5315068493150685	0.46612466124661245	0.48044692737430167	0.35294117647058826
80	80	0.5683060109289617	0.4699140401146132	0.44654088050314467	0.35294117647058826
90	90	0.5940054495912807	0.4685714285714286	0.43670886075949367	0.35294117647058826
100	100	0.6278481012658228	0.47398843930635837	0.42948717948717946	0.35294117647058826
110	110	0.6240409207161125	0.4472049689440994	0.42996742671009774	0.35294117647058826
120	120	0.6479591836734694	0.44375	0.42207792207792205	0.34285714285714286
130	130	0.6414141414141414	0.42948717948717946	0.40939597315436244	0.34285714285714286
140	140	0.6071428571428571	0.43870967741935485	0.4261168384879725	0.36774193548387096
150					
160					
170					
180					