size	dial	DS_comp_unigrams_async	DS_comp_unigrams_async_biased
10	10	0.3220338983050847	0
20	20	0.1751412429378531	0
30	30	0.14124293785310735	0.0847457627118644
40	40	0.22598870056497175	0.11299435028248588
50	50	0.10734463276836158	0.3163841807909605
60	60	0.14124293785310735	0.24858757062146894
70	70	0.23728813559322035	0.2711864406779661
80	80	0.22033898305084745	0.3446327683615819
90	90	0.384180790960452	0.4576271186440678
91			
100	100	0.4350282485875706	0.519774011299435
102			
110	110	0.4632768361581921	0.5423728813559322
120	120	0.4406779661016949	0.4745762711864407
130			
140			
150			