size	dial	DS_comp_unigrams_async	DS_comp_unigrams_async_biased	DS_comp_unigrams_async_over	DS_comp_unigrams_async_under
10	10	null	null	null	null
20	20	0.9166666666666666	0.9342105263157895	0.7575757575757576	0.580952380952381
30	30	0.9148936170212766	0.9333333333333333	0.75	0.5971563981042654
40	40	0.7956989247311828	0.9152542372881356	0.8129496402877698	0.5971563981042654
50	50	0.8131868131868132	0.9083333333333333	0.8201438848920863	0.6716417910447762
60	60	0.7592592592592593	0.9016393442622951	0.7814569536423841	0.675
70	70	0.7735849056603774	0.8934426229508197	0.8194444444444444	0.6864864864864865
80	80	0.8248175182481752	0.8473282442748091	0.8206896551724138	0.6666666666666666
90	90	0.7592592592592593	0.8115942028985508	0.773972602739726	0.6666666666666666
100	100	0.8163265306122449	0.785234899328859	0.7857142857142857	0.6666666666666666