size	dial	DS_comp_unigrams_async	DS_comp_unigrams_async_biased	DS_comp_unigrams_async_over	DS_comp_unigrams_async_under
10	10	0	0	0	0
20	20	0.05263157894736842	0.3397129186602871	0.23923444976076555	0.583732057416268
30	30	0.20574162679425836	0.3349282296650718	0.22966507177033493	0.6028708133971292
40	40	0.35406698564593303	0.5167464114832536	0.5406698564593302	0.6028708133971292
50	50	0.35406698564593303	0.5215311004784688	0.5454545454545454	0.645933014354067
60	60	0.3923444976076555	0.5263157894736842	0.5645933014354066	0.645933014354067
70	70	0.3923444976076555	0.5215311004784688	0.5645933014354066	0.6076555023923444
80	80	0.5406698564593302	0.5311004784688995	0.569377990430622	0.6411483253588517
90	90	0.3923444976076555	0.5358851674641149	0.5406698564593302	0.6411483253588517
100	100	0.5741626794258373	0.5598086124401914	0.5789473684210527	0.6411483253588517