size	dial	NLU_Biased	NLU_Oversampled	NLU_Unbiased	NLU_Undersampled
10	10	0.6027820710973725	0.5340030911901081	0.5340030911901081	0.3848531684698609
20	20	0.3972179289026275	0.5533230293663061	0.5401854714064915	0.29984544049459044
30	30	0.5401854714064915	0.5718701700154559	0.5695517774343122	0.5231839258114374
40	40	0.6205564142194745	0.5641421947449768	0.5618238021638331	0.5231839258114374
50	50	0.6197836166924265	0.6143740340030912	0.6120556414219475	0.5231839258114374
60	60	0.6275115919629057	0.6275115919629057	0.6298299845440495	0.5231839258114374
70	70	0.6097372488408037	0.6313755795981453	0.6321483771251932	0.5231839258114374
80	80	0.6267387944358578	0.6105100463678517	0.6089644513137558	0.6051004636785162
90	90	0.6051004636785162	0.6020092735703245	0.5958268933539412	0.6143740340030912
100	100	0.6383307573415765	0.6012364760432767	0.6035548686244204	0.6321483771251932
110	110	0.6406491499227203	0.6081916537867079	0.6020092735703245	0.624420401854714
120					
130					
140					
150					
160					
170					
180					