size	dial	NLU_Biased	NLU_Oversampled	NLU_Unbiased	NLU_Undersampled
10	10	0.6758893280632411	0.25196850393700787	0.1700404858299595	0.25384615384615383
20	20	0.6776859504132231	0.42724458204334365	0.42990654205607476	0.1794871794871795
30	30	0.6552380952380953	0.7450980392156863	0.7286063569682152	0.1794871794871795
40	40	0.6797642436149313	0.7358024691358025	0.739454094292804	0.1794871794871795
50	50	0.6548223350253807	0.762589928057554	0.7457627118644068	0.6303724928366762
60	60	0.7528868360277137	0.6759002770083102	0.6685082872928176	0.6565349544072948
64	64	null	0.6685236768802229	0.6703601108033241	0.6565349544072948
70	70	0.6736292428198434	null	null	null
78					
80	80	0.7699530516431925	null	null	null
87					
88					
90	90	0.7735849056603774	null	null	null
91					
100	100	0.7735849056603774	null	null	null