size	dial	NLU_Biased	NLU_Oversampled	NLU_Unbiased	NLU_Undersampled
10	10	0.4123916051944158	0.4030611697331221	0.39687860660161395	0.41102138602138605
20	20	0.47865169805309143	0.46620771837273733	0.4784269720942008	0.3878043157931476
30	30	0.4825302392085325	0.5471661193677253	0.5460031540367326	0.3878043157931476
40	40	0.49387503114301146	0.5275193474856577	0.5250854996008797	0.3878043157931476
50	50	0.5044740976035864	0.5468495766777842	0.5567410232418352	0.5163847701787245
60	60	0.5789705724218993	0.5611618894777806	0.5363017119178162	0.5484388379877337
64	64	null	0.5725433423270243	0.5460087854090794	0.5484388379877337
70	70	0.575027866443846	null	null	null
78					
80	80	0.5444859093708921	null	null	null
87					
88					
90	90	0.5471242292004115	null	null	null
91					
100	100	0.5405936707665667	null	null	null