size	dial	NLU_Biased	NLU_Oversampled	NLU_Unbiased	NLU_Undersampled
10	10	0.4536611197739455	0.35654573893875624	0.35654573893875624	0.2812762217057096
20	20	0.23769939436947915	0.3939527568974266	0.327687363782322	0.23801511406805248
30	30	0.30241348499879417	0.4402866240130145	0.3713198705096716	0.39177333243362417
40	40	0.4160562730439386	0.4185229205145814	0.3757145677669337	0.39177333243362417
50	50	0.4111666843557568	0.4615002824779931	0.4507045918982172	0.39177333243362417
60	60	0.43785101055509457	0.4460343857965314	0.43953687515499895	0.39177333243362417
70	70	0.41049293598845404	0.4435862347685587	0.4374034864240681	0.39177333243362417
80	80	0.4361218796168498	0.44510276314865393	0.4511617092262771	0.4601102313107898
90	90	0.41477108592977785	0.44933851104212136	0.4423594344273257	0.4879955953051624
100	100	0.4551519351656329	0.45837894891839365	0.4757720460865946	0.48040608507524946
110	110	0.46690759837101214	0.4365870857169078	0.4400219785382084	0.47012213425939403
120					
130					
140					
150					
160					
170					
180					