size	dial	NLU_Biased	NLU_Oversampled	NLU_Unbiased	NLU_Undersampled
10	10	0.3803937113515228	0.30740210456080846	0.30740210456080846	0.2303927567133278
20	20	0.30439188623306146	0.4283592257242069	0.40020142866948905	0.37051716048841876
30	30	0.44168616961943097	0.48963785070816607	0.47046533979591104	0.43920299251257966
40	40	0.5124111717357996	0.47833668021198444	0.47891006029384764	0.43920299251257966
50	50	0.5281230838894048	0.6099891466997541	0.6035176102527328	0.43920299251257966
60	60	0.533286266599974	0.6318284924191742	0.6360396349788529	0.43920299251257966
70	70	0.515359803829105	0.6360742126151642	0.6343079934564512	0.43920299251257966
80	80	0.5383638647607092	0.6381550523002736	0.6383097922876715	0.6073192737262045
90	90	0.5842173606654131	0.6171008972508641	0.6163777451688623	0.6183497790261717
100	100	0.6832295884241428	0.6128416698232588	0.6204072932574068	0.6466012848333694
110	110	0.6988716110117766	0.6277627911190782	0.6199555208599077	0.6446498073869665
120					
130					
140					
150					
160					
170					
180					