size	dial	NLU_Biased	NLU_Oversampled	NLU_Unbiased	NLU_Undersampled
10	10	0.4350014738139037	0.3394647155172738	0.29878057558678917	0.2906338011418559
20	20	0.4284922719423553	0.39104855340757744	0.40303760172740377	0.3254185386807374
30	30	0.4641376379581637	0.4835724826366758	0.47882747230722966	0.3254185386807374
40	40	0.4274153222918652	0.48845818495079396	0.468958560114332	0.3254185386807374
50	50	0.43761086634552365	0.4944245042735294	0.4961935401568107	0.4760321770561228
60	60	0.4061357110866709	0.5078347920372367	0.4816627426384131	0.49902268053538335
64	64	null	0.5091885629358949	0.481855994525485	0.49902268053538335
70	70	0.38343978361819814	null	null	null
78					
80	80	0.43548731330200463	null	null	null
87					
88					
90	90	0.45684090321801174	null	null	null
91					
94					
100	100	0.4478788030007077	null	null	null