size	dial	DS_comp_unigrams_async	DS_comp_unigrams_async_biased
10	10	0.30821541290772764	0.2888626717770856
20	20	0.2982590532046101	0.3083162257874062
30	30	0.30209294304796913	0.3221252540144691
40	40	0.36380698340227613	0.33704314832231214
50	50	0.39030547792955084	0.41907805250378993
60	60	0.4309603537744276	0.4201047117255854
70	70	0.42361382502915645	0.42793543204646645
80	80	0.4440392262482167	0.43203776015795314
90	90	0.432502143998871	0.4321927034177825
95	95	null	0.4341306500229902
100	100	0.42474425405636135	null
109			
110	110	0.431092832551617	null
114			
116			
120	120	0.41057197296530284	null
125			
130			
140			
150			