size	dial	NLU_Biased	NLU_Oversampled	NLU_Unbiased	NLU_Undersampled
10	10	0.25840368894308	0.4030611697331221	0.39687860660161395	0.41102138602138605
20	20	0.534833786729806	0.46620771837273733	0.4784269720942008	0.3878043157931476
30	30	0.5229906593488979	0.541787319122661	0.5460031540367326	0.3878043157931476
40	40	0.5429967275939446	0.5328151803447893	0.5250854996008797	0.3878043157931476
50	50	0.5295526385474174	0.5448989046498017	0.5567410232418352	0.5163847701787245
60	60	0.5212261384048198	0.5624736624241568	0.5363017119178162	0.5484388379877337
64	64	null	0.5722866226515496	0.5460087854090794	0.5484388379877337
70	70	0.5155902365855064	null	null	null
78					
80	80	0.5464092901026406	null	null	null
87					
88					
90	90	0.5478696655286084	null	null	null
91					
100	100	0.5382022812572614	null	null	null