size	dial	NLU_Biased	NLU_Oversampled	NLU_Unbiased	NLU_Undersampled
10	10	0.3231771910577148	0.44910529078442385	0.4261768229431759	0.41351892343894536
20	20	0.5673001449177031	0.5527424466138965	0.5490141708327251	0.4254005379005379
30	30	0.6024447392336969	0.6738202501773983	0.6744405502810149	0.4254005379005379
40	40	0.6576357135233883	0.665520497333606	0.6711038829256886	0.4254005379005379
50	50	0.6681403481519865	0.6867672382483258	0.6896120538017154	0.6150314257444405
60	60	0.6568881323711484	0.6941718821531702	0.694227824247459	0.6735478048933982
64	64	null	0.700319065479182	0.6957228658254693	0.6735478048933982
70	70	0.6565203503113926	null	null	null
78					
80	80	0.6716190566986762	null	null	null
87					
88					
90	90	0.6710842286944101	null	null	null
91					
100	100	0.6717258077012904	null	null	null