size	dial	NLU_Biased	NLU_Oversampled	NLU_Unbiased	NLU_Undersampled
10	10	0.194799258915649	0.3249623412873476	0.2777364756712609	0.27293838644829516
20	20	0.4411193004640275	0.39341668745587716	0.3966465745614082	0.30715465346706006
30	30	0.5123183789569307	0.47821534942347566	0.47732139057076484	0.30715465346706006
40	40	0.4829784467451484	0.4904459954277651	0.46947012301611807	0.30715465346706006
50	50	0.5034381977276529	0.5086540019337833	0.5005855810181437	0.4813809960740263
60	60	0.5000491170586788	0.50992051984961	0.4762500211882613	0.49482180630400446
64	64	null	0.5131601388484244	0.4768937843681865	0.49482180630400446
70	70	0.49962394699065166	null	null	null
78					
80	80	0.46931219125406864	null	null	null
87					
88					
90	90	0.47033036168013387	null	null	null
91					
100	100	0.46282635720222126	null	null	null