size	dial	NLU_Biased	NLU_Oversampled	NLU_Unbiased	NLU_Undersampled
10	10	0.4842840512223516	0.440046565774156	0.4481955762514552	0.3329452852153667
20	20	0.6344586728754366	0.6123399301513388	0.6111757857974389	0.41327124563445866
30	30	0.6623981373690337	0.7287543655413271	0.7310826542491269	0.41327124563445866
40	40	0.7054714784633295	0.7229336437718277	0.7252619324796274	0.41327124563445866
50	50	0.7089639115250291	0.7252619324796274	0.7252619324796274	0.6938300349243306
60	60	0.7497089639115251	0.6949941792782305	0.7008149010477299	0.7112922002328289
64	64	null	0.7054714784633295	0.6973224679860303	0.7112922002328289
70	70	0.7427240977881258	null	null	null
78					
80	80	0.7415599534342259	null	null	null
87					
88					
90	90	0.7508731082654249	null	null	null
91					
100	100	0.7275902211874272	null	null	null