size	dial	NLU_Biased	NLU_Oversampled	NLU_Unbiased	NLU_Undersampled
10	10	0.6190476190476191	0.6910420475319927	0.6707317073170732	0.47587354409317806
20	20	0.6550480769230769	0.743988684582744	0.7415254237288136	0.6373429084380611
30	30	0.7428198433420365	0.770935960591133	0.7677261613691931	0.6373429084380611
40	40	0.7154663518299882	0.7490952955367913	0.7542372881355932	0.6373429084380611
50	50	0.7097902097902098	0.7506024096385542	0.7533252720677146	0.6874279123414071
60	60	0.751458576429405	0.75	0.753441802252816	0.7561881188118812
64	64	null	0.7593984962406015	0.7591888466413181	0.7561881188118812
70	70	0.7523584905660378	null	null	null
78					
80	80	0.754739336492891	null	null	null
87					
88					
90	90	0.7633136094674556	null	null	null
91					
100	100	0.7971938775510204	null	null	null