size	dial	DS_comp_unigrams_async	DS_comp_unigrams_async_biased	DS_comp_unigrams_async_over	DS_comp_unigrams_async_under
10	10	0.4317343173431734	0.6697416974169742	0.3376383763837638	0.11377613776137761
20	20	0.48154981549815495	0.6894218942189422	0.466789667896679	0.26752767527675275
30	30	0.5910209102091021	0.6685116851168512	0.6525215252152522	0.43849938499384994
40	40	0.6808118081180812	0.6629766297662977	0.7004920049200491	0.43849938499384994
50	50	0.6986469864698647	0.6789667896678967	0.7232472324723247	0.4612546125461255
60	60	0.7091020910209103	0.6949569495694957	0.7275522755227553	0.4710947109471095
70	70	0.7207872078720787	0.6094710947109471	0.7490774907749077	0.534440344403444
80	80	0.7416974169741697	0.6396063960639606	0.7460024600246002	0.46494464944649444
90	90	0.7047970479704797	0.6494464944649446	0.7300123001230012	0.46494464944649444
100	100	0.7312423124231242	0.7066420664206642	0.7312423124231242	0.46494464944649444