size	dial	DS_Component_wise	DS_Composite_wise
1	17	0.6714285714285715	0.2769230769230769
2	35	0.5894736842105263	0.3140495867768595
3	47	0.6887417218543046	0.4313725490196078
4	52	0.6754966887417219	0.3764705882352941
5	63	0.7225806451612904	0.4592592592592592
6	80	0.7047619047619048	0.530909090909091
7	87	0.7077922077922079	0.5381818181818182
8	95	0.6796116504854368	0.5957446808510638
9	108	0.7092651757188498	0.6175438596491228
10	119	0.7184466019417477	0.6111111111111112
15	168	0.7152317880794703	0.671280276816609
20	228	0.7058823529411765	0.6948051948051949
30	384	0.7296416938110748	0.7443365695792881
40	546	0.779874213836478	0.766355140186916
50	672	0.7697160883280758	0.79375
60	830	0.8190476190476191	0.7925696594427245
70	978	0.79375	0.7951070336391437
80	1160	0.7721518987341773	0.8138801261829653
90	1294	0.807570977917981	0.8125