size	dial	DS_comp_unigrams_async	DS_comp_unigrams_async_biased
10	10	0.9433962264150942	0.6068455134135061
20	20	0.9199149539333805	0.9342560553633218
30	30	0.923185341789993	0.9123307198859586
40	40	0.9362880886426592	0.80625
50	50	0.9374570446735395	0.907058001397624
60	60	0.9383561643835616	0.921917808219178
70	70	0.9415807560137456	0.9089655172413792
80	80	0.9393939393939394	0.8961218836565096
90	90	0.9414197105444521	0.9018531228551819
91			
100	100	0.9280223619846262	0.9083275017494752
102			
110	110	0.9105225483178239	0.9127988748241913
120	120	0.9188426252646438	0.8946608946608947
130			
140			
150			