size	dial	DS_comp_unigrams_async	DS_comp_unigrams_async_biased
10	10	0.9930843706777317	0.7344398340248963
20	20	0.9903181189488244	0.8464730290456431
30	30	0.9488243430152143	0.8520055325034578
40	40	0.8077455048409405	0.8243430152143845
50	50	0.8160442600276625	0.8201936376210235
60	60	0.7828492392807745	0.8146611341632088
70	70	0.9073305670816044	0.8381742738589212
80	80	0.8243430152143845	0.8132780082987552
90	90	0.8450899031811895	0.8354080221300139
100	100	0.8478561549100968	0.8367911479944675
110	110	0.8603042876901799	0.7621023513139695
120	120	0.8340248962655602	0.7745504840940526
130			