size	dial	DS_Component_wise	DS_Composite_wise
1	17	0.78125	0.7560975609756098
2	35	0.8260869565217391	0.7222222222222222
3	47	0.8387096774193549	0.8444444444444444
4	52	0.819672131147541	0.8461538461538461
5	63	0.8688524590163934	0.86
6	80	0.8666666666666667	0.8928571428571429
7	87	0.8666666666666667	0.8947368421052632
8	95	0.8448275862068966	0.9193548387096774
9	108	0.8524590163934426	0.9354838709677419
10	119	0.8225806451612904	0.9354838709677419
15	168	0.896551724137931	0.9508196721311475
20	228	0.8928571428571429	0.8676470588235294
30	384	0.9454545454545454	0.8923076923076924
40	546	0.8769230769230769	0.8591549295774648
50	672	0.8888888888888888	0.8695652173913043
60	830	0.9508196721311475	0.8873239436619719
70	978	0.9354838709677419	0.9
80	1160	0.9047619047619048	0.8985507246376812
90	1294	0.9508196721311475	0.8591549295774648