size	dial	NLU_Biased	NLU_Oversampled	NLU_Unbiased	NLU_Undersampled
10	10	0.4631578947368421	0.5054945054945055	0.5161290322580645	0.5
20	20	0.41975308641975306	0.5054945054945055	0.4888888888888889	0.42857142857142855
30	30	0.5294117647058824	0.47191011235955055	0.4772727272727273	0.42857142857142855
40	40	0.5373134328358209	0.4888888888888889	0.4888888888888889	0.42857142857142855
50	50	0.5544554455445545	0.5742574257425742	0.5656565656565656	0.38271604938271603
60	60	0.5833333333333334	0.5858585858585859	0.58	0.4909090909090909
64	64	null	0.5979381443298969	0.5833333333333334	0.4909090909090909
70	70	0.5684210526315789	null	null	null
78					
80	80	0.574468085106383	null	null	null
87					
88					
90	90	0.5591397849462365	null	null	null
91					
100	100	0.5714285714285714	null	null	null