size	dial	NLU_Biased	NLU_Oversampled	NLU_Unbiased	NLU_Undersampled
10	10	null	0.6764705882352942	0.6666666666666666	0.6571428571428571
20	20	1	0.6764705882352942	0.6666666666666666	0.391304347826087
30	30	null	0.65625	0.6774193548387096	0.391304347826087
40	40	0.7333333333333333	0.6666666666666666	0.6666666666666666	0.391304347826087
50	50	0.8333333333333334	0.6590909090909091	0.6666666666666666	0.29523809523809524
60	60	0.8214285714285714	0.6904761904761905	0.6744186046511628	0.5094339622641509
64	64	null	0.725	0.717948717948718	0.5094339622641509
70	70	0.8148148148148148	null	null	null
78					
80	80	0.7115384615384616	null	null	null
87					
88					
90	90	0.6612903225806451	null	null	null
91					
100	100	0.6721311475409836	null	null	null