size	dial	DS_comp_unigrams_async	DS_comp_unigrams_async_biased	DS_comp_unigrams_async_over	DS_comp_unigrams_async_under
10	10	0	0.23076923076923078	0	0
20	20	0.15384615384615385	0.2153846153846154	0.18461538461538463	0.27692307692307694
30	30	0.1076923076923077	0.6153846153846154	0.12307692307692308	0.2923076923076923
40	40	0.1076923076923077	0.7230769230769231	0.12307692307692308	0.2923076923076923
50	50	0.49230769230769234	0.6923076923076923	0.5076923076923077	0.6307692307692307
60	60	0.5230769230769231	0.6615384615384615	0.5230769230769231	0.7538461538461538
70	70	0.5384615384615384	0.6	0.5538461538461539	0.6
80	80	0.5538461538461539	0.6307692307692307	0.5538461538461539	0.6615384615384615
90	90	0.36923076923076925	0.6307692307692307	0.4	0.6615384615384615
100	100	0.36923076923076925	0.6307692307692307	0.35384615384615387	0.6615384615384615