size	dial	NLU_Biased	NLU_Oversampled	NLU_Unbiased	NLU_Undersampled
10	10	0.12698412698412698	0.3855421686746988	0.3	0.28378378378378377
20	20	0.24553571428571427	0.6206896551724138	0.6290322580645161	0.3939393939393939
30	30	0.29411764705882354	0.7395833333333334	0.75	0.3939393939393939
40	40	0.5555555555555556	0.6086956521739131	0.6403508771929824	0.3939393939393939
50	50	0.6530612244897959	0.6597938144329897	0.6938775510204082	0.5983606557377049
60	60	0.7747747747747747	0.6618705035971223	0.6791044776119403	0.620253164556962
64	64	null	0.6643356643356644	0.6764705882352942	0.620253164556962
70	70	0.8	null	null	null
78					
80	80	0.82	null	null	null
87					
88					
90	90	0.8181818181818182	null	null	null
91					
100	100	0.7982456140350878	null	null	null