size	dial	DS_Component_wise	DS_Composite_wise
1	17	0	0
2	36	0	0
3	48	0	0.13333333333333333
4	53	0	0
5	64	0	0
6	81	0	0.13333333333333333
7	89	0	0.13333333333333333
8	98	0	0.13333333333333333
9	113	0.2	0.4
10	124	0.26666666666666666	0.2
15	175	0.3333333333333333	0.2
20	238	0.4666666666666667	0.6666666666666666
30	399	0.4666666666666667	0.26666666666666666
40	564	0.6	0.4
50	695	0.5333333333333333	0.6
60	862	0.5333333333333333	0.6
70	1012	0.5333333333333333	0.5333333333333333
80	1199	0.5333333333333333	0.4666666666666667
90	1339	0.6	0.5333333333333333