size	dial	NLU_Biased	NLU_Oversampled	NLU_Unbiased	NLU_Undersampled
10	10	0.29607250755287007	0.26778242677824265	0.21951219512195122	0.37168141592920356
20	20	0.32628398791540786	0.34418604651162793	0.3577981651376147	0.3611111111111111
30	30	0.0736196319018405	0.5634920634920635	0.5714285714285714	0.3611111111111111
40	40	0.10843373493975904	0.5201465201465202	0.5407407407407407	0.3611111111111111
50	50	0.1411764705882353	0.5099601593625498	0.5354330708661418	0.5251798561151079
60	60	0.5528455284552846	0.6174496644295302	0.6275862068965518	0.6242038216560509
64	64	null	0.6354515050167224	0.6301369863013698	0.6242038216560509
70	70	0.551440329218107	null	null	null
78					
80	80	0.5655737704918032	null	null	null
87					
88					
90	90	0.6245059288537549	null	null	null
91					
100	100	0.6940298507462687	null	null	null