size	dial	DS_comp_unigrams_async	DS_comp_unigrams_async_biased	DS_comp_unigrams_async_over	DS_comp_unigrams_async_under
10	10	0.2510220768601799	0.6140637775960752	0.24856909239574815	0.107113654946852
20	20	0.5666394112837285	0.6132461161079313	0.562551103843009	0.27718724448078497
30	30	0.5756336876533116	0.6541291905151267	0.5748160261651676	0.29517579721995096
40	40	0.6124284546197875	0.6680294358135732	0.6034341782502044	0.428454619787408
50	50	0.6222403924775143	0.6704824202780049	0.5911692559280458	0.42354865085854454
60	60	0.6083401471790678	0.669664758789861	0.6034341782502044	0.42354865085854454
70	70	0.6148814390842191	0.6647587898609976	0.6099754701553557	0.4562551103843009
80	80	0.6116107931316435	0.6492232215862633	0.6091578086672118	0.4562551103843009
90	90	0.6091578086672118	0.6369582992641046	0.6083401471790678	0.5126737530662305
100	100	0.6107931316434996	0.6402289452166803	0.6091578086672118	0.5126737530662305