size	dial	NLU_Biased	NLU_Oversampled	NLU_Unbiased	NLU_Undersampled
10	10	0.028037383177570093	0.39880952380952384	0.43103448275862066	0.5229540918163673
20	20	0.10091743119266056	0.34532374100719426	0.44171779141104295	0.597457627118644
30	30	0.10091743119266056	0.40264026402640263	0.3230240549828179	0.41954022988505746
40	40	0.10091743119266056	0.3918918918918919	0.3230240549828179	0.41954022988505746
50	50	0.4577777777777778	0.4234527687296417	0.3973941368078176	0.46866485013623976
60	60	0.2546583850931677	0.42	0.39464882943143814	0.46866485013623976
70	70	0.5966228893058161	0.432258064516129	0.4025157232704403	0.4368421052631579
80	80	0.6003898635477583	0.4266666666666667	0.4105960264900662	0.43526170798898073
90	90	0.6076923076923076	0.6942148760330579	0.65625	0.6301369863013698
100	100	0.62890625	0.685	0.6530612244897959	0.596078431372549
110	110	0.596244131455399	0.6931216931216931	0.6422976501305483	0.6069246435845214
120	120	0.5833333333333334	0.6881188118811881	0.6498740554156172	0.5229540918163673
130	130	0.6130653266331658	0.6870229007633588	0.6734177215189874	0.597457627118644
140	140	0.6172248803827751	0.72264631043257	null	0.597457627118644
150	150	0.7114093959731543	0.7244897959183674	null	0.42105263157894735
160	160	0.71875	0.7135416666666666	null	0.42105263157894735
170	170	0.7149532710280374	0.7052631578947368	null	0.42105263157894735
180	180	0.72	null	null	0.42105263157894735