size	dial	biased	oversampled	unbiased	undersampled
10	10	0.5714285714285714	0.5714285714285714	0.5714285714285714	0.6613756613756614
20	20	0.3862433862433862	0.24338624338624337	0.24338624338624337	0.49206349206349204
30	30	0.6772486772486772	0.21164021164021163	0.21164021164021163	0.49206349206349204
40	40	0.671957671957672	0.2275132275132275	0.2275132275132275	0.47619047619047616
50	50	0.6666666666666666	0.24867724867724866	0.24867724867724866	0.25925925925925924
60	60	0.6402116402116402	0.24338624338624337	0.24338624338624337	0.26455026455026454
70	70	0.6402116402116402	0.5714285714285714	0.5714285714285714	0.6349206349206349
80	80	0.6455026455026455	0.5555555555555556	0.5608465608465608	0.6296296296296297
90	90	0.6190476190476191	0.5714285714285714	0.5661375661375662	0.6613756613756614
100	100	0.6243386243386243	0.5608465608465608	0.5661375661375662	0.6084656084656085
110	110	0.708994708994709	0.5555555555555556	0.5502645502645502	0.6084656084656085
120	120	0.6878306878306878	0.544973544973545	0.544973544973545	0.6084656084656085
130	130	0.7142857142857143	0.582010582010582	null	null