size	dial	DS_comp_unigrams_async	DS_comp_unigrams_async_biased
10	10	0.5897435897435898	0.4
20	20	0.5096153846153846	0.9166666666666666
30	30	0.6233766233766234	0.9166666666666666
40	40	0.6381909547738693	0.9166666666666666
50	50	0.8068965517241379	0.7209302325581395
60	60	0.703125	0.7227722772277227
70	70	0.7182320441988951	0.611764705882353
80	80	0.7329192546583851	0.5918367346938775
90	90	0.7375	0.6344086021505376
91			
100	100	0.7612903225806451	0.6623376623376623
102			
110	110	0.7931034482758621	0.7983870967741935
120	120	0.7816901408450704	0.7727272727272727
130			
140			
150			