size	dial	NLU_Biased	NLU_Oversampled	NLU_Unbiased	NLU_Undersampled
10	10	0.272353586769393	0.41171224668509543	0.4067957523271026	0.4200895792962825
20	20	0.3549262149149982	0.35700460945982965	0.31917996468650495	0.4024040033131251
30	30	0.36020068664933613	0.3780827653593418	0.35175462638866634	0.4024040033131251
40	40	0.40642840566346256	0.3716110771013623	0.35301061444781107	0.4093355241819743
50	50	0.3674433276977924	0.3858039881891112	0.3506644819444557	0.38750511315531777
60	60	0.3843373410166069	0.41748191113764666	0.3617960848636309	0.3920193495332066
64					
70	70	0.4010175547971286	0.4503794002183722	0.41079156947604717	0.41155537083047106
78					
80	80	0.41209874525140594	0.48643788946340205	0.4633302711205855	0.41860624398775265
87					
88					
90	90	0.45051840755969774	0.49881646029872667	0.48578165223334224	0.4200895792962825
91					
100	100	0.4652890419813953	0.5306450613950624	0.5296765685291414	0.49905633387776244