size	dial	NLU_Biased	NLU_Oversampled	NLU_Unbiased	NLU_Undersampled
10	10	0.3737745453773308	0.3303274498343852	0.3911447502908086	0.42065608719380804
20	20	0.4392137944086266	0.39669889942061565	0.40630824567444235	0.47608436030224904
30	30	0.4393798037861319	0.4296286242136108	0.37602852519162155	0.4129728612528875
40	40	0.4392137944086266	0.4527013335012003	0.39370402994796244	0.4129728612528875
50	50	0.4564166380493396	0.44597734740814554	0.40885993602939896	0.42262153605802516
60	60	0.449302395511703	0.44468212727921697	0.41742991772095067	0.42262153605802516
70	70	0.49156567170409105	0.4345159124633533	0.410030957583483	0.40882893019086736
80	80	0.45305279475146365	0.4438511185154211	0.44127852380539184	0.40796737174931336
90	90	0.4487225080096907	0.5164074481295207	0.5024487210450691	0.4513386045994272
100	100	0.5001636117531211	0.49814097054678713	0.44622142577356727	0.45620426525205604
110	110	0.4996069567691738	0.5034215036949892	0.48453441398029407	0.45815576158267235
120	120	0.5109654441173178	0.5058654300277637	0.480175219889419	0.42065608719380804
130	130	0.508964089547783	0.49387291171330044	0.5245166041365629	0.47608436030224904
140	140	0.5141230428985435	0.49475651457249115	null	0.47608436030224904
150	150	0.49086988237690166	0.5337677252941915	null	0.4755763817561566
160	160	0.4940740904196629	0.5536440312133719	null	0.4755763817561566
170	170	0.4969002250632191	0.5569543737649171	null	0.4755763817561566
180	180	0.5098110851811426	null	null	0.4755763817561566