size	dial	NLU_Biased	NLU_Oversampled	NLU_Unbiased	NLU_Undersampled
10	10	0.39333690663908166	0.31115765367690723	0.29707203079586886	0.35100459312744214
20	20	0.4004369277986995	0.3181531361092672	0.2893780891164986	0.3460202025672159
30	30	0.4467933576745233	0.344586694452392	0.3118451911404258	0.3460202025672159
40	40	0.4666508620480622	0.34062726987150344	0.3150755719418036	0.3546449175032516
50	50	0.46230837376616174	0.34566899432491077	0.3197736568199872	0.35700533828275804
60	60	0.4826243580345486	0.3655158877553401	0.32777114782552697	0.36184587243410204
64					
70	70	0.5177560412989796	0.4119305930635702	0.38423738055503065	0.38941770674652854
78					
80	80	0.4761270246510172	0.4363633472868305	0.4172350886520146	0.3960840244108605
87					
88					
90	90	0.4915753232879208	0.4400146237089561	0.4386891330619463	0.35100459312744214
91					
100	100	0.51186192832895	0.469165775335579	0.4641150848925351	0.35927545835716884