size	dial	NLU_Biased	NLU_Oversampled	NLU_Unbiased	NLU_Undersampled
10	10	0.406444680711099	0.4042157023844922	0.4007617161496472	0.47081320772752194
20	20	0.5026335775106981	0.4381674354203532	0.4550567450976961	0.4271221488553364
30	30	0.5076222417218008	0.4781806624683975	0.4641937060195551	0.4271221488553364
40	40	0.6676005842490196	0.47935160578765484	0.4721336700860156	0.48123600630234686
50	50	0.6605161389545121	0.48746418726989815	0.4814629685386924	0.462950914479867
60	60	0.7361633217241983	0.5246591847950164	0.5177811267643037	0.491330210198434
64					
70	70	0.7665780501479567	0.5749223986638635	0.5673745173745174	0.5284930823631521
78					
80	80	0.7728215716526169	0.5783688610609243	0.5766902920631992	0.536973473934115
87					
88					
90	90	0.775248723557618	0.5738367189756427	0.5707782908508098	0.47081320772752194
91					
100	100	0.7742849492710261	0.652256000578369	0.6501370028654027	0.490818895587211