size	dial	NLU_Biased	NLU_Oversampled	NLU_Unbiased	NLU_Undersampled
10	10	0.45031234006958243	0.2916972994688625	0.28074879534662306	0.3231151276025668
20	20	0.48793295326375186	0.3014594151200033	0.2876512155027277	0.33406997324407817
30	30	0.48755221060830883	0.3413159899532398	0.3146764964077667	0.33406997324407817
40	40	0.4765211071557996	0.3448190618740464	0.31836601680609616	0.3362531818857238
50	50	0.3406402593197146	0.3390975008578429	0.32987291741003044	0.3541603349536589
60	60	0.3641405029240747	0.3604872940187913	0.3342003446928359	0.3590334981585752
64					
70	70	0.3829422636982338	0.4236332407901855	0.4048230575741654	0.4114458416778991
78					
80	80	0.4251938888897766	0.4347170145584864	0.4256946440233239	0.4190502300015323
87					
88					
90	90	0.438130012051944	0.46608734931209234	0.4473697834834406	0.3231151276025668
91					
94					
100	100	0.43156709979030905	0.4765754175284273	0.4706972813277105	0.32102824074226344