size	dial	DS_Component_wise	DS_Composite_wise
1	17	0.4139964548677393	0.25184087972106406
2	35	0.31151702786377705	0.31280148423005566
3	47	0.3478691514730178	0.3811480186480186
4	52	0.4280478955007257	0.36053014323138155
5	63	0.4315887484073312	0.3546337312376534
6	80	0.4576279543906855	0.5020804849147753
7	87	0.4948136645962733	0.5640151515151515
8	95	0.44417385299738243	0.5853927934810288
9	108	0.6407621187021345	0.584662853159963
10	119	0.6107760295260295	0.5627105167359607
15	168	0.5991996479612578	0.6549100403175674
20	228	0.755437925918475	0.7200257777938565
30	384	0.7012387387387388	0.6975676979383532
40	546	0.6509457183573002	0.680034503915101
50	672	0.7207360626423662	0.726878478664193
60	830	0.7483817942723553	0.7028432601982456
70	978	0.7430377668308702	0.6947819249024068
80	1093	0.7166471603537145	0.6999338920521186
90	1227	0.7560031347962383	0.6744690809676005