size	dial	NLU_Biased	NLU_Oversampled	NLU_Unbiased	NLU_Undersampled
10	10	0.6596141879278158	0.40385812072184196	0.4405724953329185	0.6278780336029869
20	20	0.6975731176104543	0.6322339763534537	0.6845052893590542	0.627255756067206
30	30	0.6981953951462352	0.6353453640323584	0.6477909147479776	0.6739265712507778
40	40	0.6975731176104543	0.6882389545737398	0.6838830118232732	0.6739265712507778
50	50	0.7517112632233977	0.6950840074673305	0.6901057871810827	0.6440572495332918
60	60	0.6957062850031114	0.6888612321095209	0.7000622277535781	0.6440572495332918
70	70	0.7716241443683883	0.6925948973242066	0.7069072806471687	0.65588052271313
80	80	0.6757934038581207	0.7025513378967019	0.7006845052893591	0.6471686372121966
90	90	0.6919726197884256	0.7423771001866832	0.7529558182949595	0.7342874922215308
100	100	0.7218419415059116	0.7598008711885501	0.7517112632233977	0.7268201617921594
110	110	0.6565028002489111	0.7523335407591786	0.7548226509023024	0.730553827006845
120	120	0.670192906036092	0.7685127566894835	0.7678904791537026	0.6278780336029869
130	130	0.6614810205351587	0.7529558182949595	0.7591785936527692	0.627255756067206
140	140	0.6894835096453018	0.7560672059738643	null	0.627255756067206
150	150	0.6957062850031114	0.7591785936527692	null	0.6552582451773491
160	160	0.6901057871810827	0.761045426260112	null	0.6552582451773491
170	170	0.6795270690728065	0.7579340385812072	null	0.6552582451773491
180	180	0.6876166770379589	null	null	0.6552582451773491