size	dial	DS_comp_unigrams_async	DS_comp_unigrams_async_biased
10	10	0.6302294197031039	0.5600539811066126
20	20	0.7267206477732794	0.5566801619433198
30	30	0.7739541160593792	0.47435897435897434
40	40	0.7591093117408907	0.5641025641025641
50	50	0.7361673414304993	0.664642375168691
60	60	0.7260458839406208	0.6869095816464238
70	70	0.7172739541160594	0.703778677462888
80	80	0.708502024291498	0.7017543859649122
90	90	0.7105263157894737	0.6977058029689609
100	100	0.747638326585695	0.7010796221322537
110	110	0.7651821862348178	0.7159244264507423
120	120	0.7827260458839406	0.7044534412955465
130			