size	dial	DS_comp_unigrams_async	DS_comp_unigrams_async_biased
10	10	0.8045283018867925	0.7744186046511627
20	20	0.7321899736147758	0.7797319932998324
30	30	0.7962962962962963	0.7834339948231234
40	40	0.7450450450450451	0.7787610619469026
50	50	0.7885220125786163	0.78359375
60	60	0.8012872083668544	0.7689144736842105
70	70	0.8008230452674897	0.7806549885757806
80	80	0.7945098039215687	0.7835433654558932
90	90	0.7963936889556724	0.7729289940828402
95			
100	100	0.790188679245283	0.7679882525697503
109	109	null	0.7636746143057503
110	110	0.8193548387096774	null
114			
116			
120	120	0.8192252510760402	null
125			
130			
140			
150			