size	dial	DS_comp_unigrams_async	DS_comp_unigrams_async_biased
10	10	0.7175226586102719	0.7035905271199389
20	20	0.7870736086175943	0.7655913978494624
30	30	0.8105448154657294	0.7656529516994633
40	40	0.8171448323539579	0.7721788502484032
50	50	0.8266756939742722	0.6907918308849875
60	60	0.8280512474713418	0.7275972866833273
70	70	0.8147646461225874	0.7545293072824157
80	80	0.8169304886441845	0.7333092746300975
90	90	0.8094585332419465	0.7633426966292135
91			
100	100	0.8128011011699932	0.7560801144492132
102			
110	110	0.8161865569272976	0.7760984182776801
120	120	0.8079194164640501	0.7382066978754052
130			
140			
150			