size	dial	NLU_Biased	NLU_Oversampled	NLU_Unbiased	NLU_Undersampled
10	10	0.8116385911179173	0.4491349480968858	0.4882758620689655	0.7085674157303371
20	20	0.805316091954023	0.7351664254703328	0.7260726072607261	0.762481089258699
30	30	0.8054558506819813	0.790859798605732	0.7868480725623582	0.7893586005830904
40	40	0.805316091954023	0.8102564102564103	0.7969543147208121	0.7893586005830904
50	50	0.7788523533204385	0.8070809248554913	0.7972681524083394	0.7366548042704626
60	60	0.808972503617945	0.7964028776978417	0.7939308398023994	0.7366548042704626
70	70	0.7635467980295566	0.7854622441778405	0.7845303867403315	0.7116812964213369
80	80	0.6979434447300771	0.8181159420289855	0.8147612156295224	0.7008086253369272
90	90	0.7096362476068921	0.8331005586592178	0.8082832331329325	0.7544757033248082
100	100	0.7512953367875648	0.8216689098250336	0.8074866310160428	0.7458492975734355
110	110	0.6972901520158625	0.8349447513812155	0.8262942779291553	0.7564432989690721
120	120	0.7104221635883905	0.8277479892761395	0.8221185876082612	0.7085674157303371
130	130	0.7246080436264485	0.8310439560439561	0.8299319727891157	0.762481089258699
140	140	0.7308707124010554	0.8270932607215793	null	0.762481089258699
150	150	0.7005012531328321	0.8259986459038592	null	0.7977272727272727
160	160	0.6983627204030227	0.8224613315400134	null	0.7977272727272727
170	170	0.7058823529411765	0.8274456521739131	null	0.7977272727272727
180	180	0.7175324675324676	null	null	0.7977272727272727