size	dial	DS_comp_unigrams_async	DS_comp_unigrams_async_biased
10	10	0.912325285895807	0.7010135135135135
20	20	0.612565445026178	0.8215384615384614
30	30	0.8360083740404746	0.7924823805794832
40	40	0.7391304347826086	0.8525311812179018
50	50	0.8608815426997245	0.8758169934640524
60	60	0.8537271448663852	0.8282208588957056
70	70	0.8573426573426574	0.8676470588235294
80	80	0.8713007570543702	0.882267441860465
90	90	0.8875255623721882	0.8748180494905387
95			
100	100	0.8780151619572708	0.8780841799709724
109	109	null	0.8796498905908097
110	110	0.9050894085281979	null
114			
116			
120	120	0.904335856847901	null
125			
130			
140			
150			