size	dial	DS_comp_unigrams_async	DS_comp_unigrams_async_biased
10	10	0.9196581196581196	0.8754208754208754
20	20	0.8611111111111112	0.8870967741935484
30	30	0.8789407313997478	0.8969072164948454
40	40	0.8924302788844621	0.9067796610169492
50	50	0.9049645390070922	0.9041095890410958
60	60	0.8975817923186344	0.8976
70	70	0.9013062409288825	0.9216965742251223
80	80	0.9027576197387518	0.9230769230769231
90	90	0.8930099857346647	0.9199346405228758
100	100	0.8940027894002789	0.9198036006546645
110	110	0.8870967741935484	0.9234449760765551
120	120	0.9020408163265307	0.9240924092409241
130			