size	dial	DS_comp_unigrams_async	DS_comp_unigrams_async_biased
10	10	0.7420689655172413	0.7172413793103448
20	20	0.9406896551724138	0.6068965517241379
30	30	0.9613793103448276	0.48
40	40	0.926896551724138	0.5903448275862069
50	50	0.88	0.7282758620689656
60	60	0.8703448275862069	0.7737931034482759
70	70	0.856551724137931	0.7793103448275862
80	80	0.8579310344827586	0.7779310344827586
90	90	0.863448275862069	0.776551724137931
100	100	0.8841379310344828	0.7751724137931034
110	110	0.9103448275862069	0.7986206896551724
120	120	0.9144827586206896	0.7724137931034483
130			