size	dial	DS_Component_wise	DS_Composite_wise
1	17	1	0.16666666666666666
2	36	0.08695652173913043	0.14285714285714285
3	48	0.15384615384615385	0.2
4	53	0.15789473684210525	0.25
5	64	0.17647058823529413	0.25
6	81	0.21428571428571427	0.2
7	89	0.25	0.4
8	98	0.125	0.5
9	113	0.42857142857142855	0.3333333333333333
10	124	0.3	0.3333333333333333
15	175	0.2727272727272727	0.6
20	238	0.42857142857142855	0.75
30	399	0.42857142857142855	0.4
40	564	0.25	0.42857142857142855
50	695	0.375	0.6
60	862	0.5	0.5
70	1012	0.5	0.42857142857142855
80	1129	0.6	0.5
90	1269	0.6	0.42857142857142855