size	dial	NLU_Biased	NLU_Oversampled	NLU_Unbiased	NLU_Undersampled
10	10	0	0	0	0
20	20	0	0	0	0
30	30	0	0	0	0
40	40	0	0	0	0
50	50	0	0	0	0
60	60	0	0	0	0
70	70	0	0	0	0
80	80	0	0	0	0
90	90	0	0	0	0
100	100	0.027777777777777776	0	0	0
110	110	0.32653061224489793	0	0	0
120	120	0.32653061224489793	0	0	0
130	130	0.32653061224489793	0	0	0
140	140	0.225	0	null	0
150	150	0.4883720930232558	0.17721518987341772	null	0.25806451612903225
160	160	0.47953216374269003	0.17721518987341772	null	0.25806451612903225
170	170	0.47953216374269003	0.17721518987341772	null	0.25806451612903225
180	180	0.5408805031446541	null	null	0.25806451612903225