size	dial	NLU_Biased	NLU_Oversampled	NLU_Unbiased	NLU_Undersampled
10	10	0	0	0	0
20	20	0	0	0	0
30	30	0	0	0	0
40	40	0	0	0	0
50	50	0	0	0	0
60	60	0	0	0	0
70	70	0	0	0	0
80	80	0	0	0	0
90	90	0	0	0	0
100	100	0.014084507042253521	0	0	0
110	110	0.22535211267605634	0	0	0
120	120	0.22535211267605634	0	0	0
130	130	0.22535211267605634	0	0	0
140	140	0.1267605633802817	0	null	0
150	150	0.5915492957746479	0.09859154929577464	null	0.16901408450704225
160	160	0.5774647887323944	0.09859154929577464	null	0.16901408450704225
170	170	0.5774647887323944	0.09859154929577464	null	0.16901408450704225
180	180	0.6056338028169014	null	null	0.16901408450704225