size	dial	DS_Component_wise	DS_Composite_wise
1	17	0	0.021739130434782608
2	36	0	0.021739130434782608
3	48	0	0.10869565217391304
4	53	0	0.06521739130434782
5	64	0	0.021739130434782608
6	81	0.021739130434782608	0.1956521739130435
7	89	0.08695652173913043	0.2608695652173913
8	98	0.10869565217391304	0.2391304347826087
9	113	0.30434782608695654	0.32608695652173914
10	124	0.391304347826087	0.32608695652173914
15	175	0.391304347826087	0.30434782608695654
20	238	0.6086956521739131	0.41304347826086957
30	399	0.5	0.5652173913043478
40	564	0.6086956521739131	0.5652173913043478
50	695	0.5434782608695652	0.5434782608695652
60	862	0.5869565217391305	0.5652173913043478
70	1012	0.5869565217391305	0.5869565217391305
80	1129	0.5	0.6304347826086957
90	1269	0.5217391304347826	0.5652173913043478