size	dial	DS_Component_wise	DS_Composite_wise
1	17	null	0.3333333333333333
2	35	null	0.3333333333333333
3	47	null	0.5555555555555556
4	52	null	0.5
5	63	null	0.2
6	80	1	0.6428571428571429
7	87	1	0.8571428571428571
8	95	1	0.7857142857142857
9	108	0.8421052631578947	0.7894736842105263
10	119	0.9	0.7142857142857143
15	168	0.9	0.7368421052631579
20	228	0.875	0.76
30	384	0.8214285714285714	0.7575757575757576
40	546	0.7714285714285715	0.78125
50	672	0.8064516129032258	0.8064516129032258
60	830	0.7941176470588235	0.75
70	978	0.8125	0.7567567567567568
80	1093	0.6578947368421053	0.7317073170731707
90	1227	0.8275862068965517	0.7428571428571429