size	dial	DS_comp_unigrams_async	DS_comp_unigrams_async_biased
10	10	0.1810699588477366	0.033333333333333326
20	20	null	0.2505800464037123
30	30	0.28837209302325584	0.4365781710914455
40	40	0.3724696356275303	0.5062499999999999
50	50	0.4861538461538461	0.572289156626506
60	60	0.5389221556886228	0.5342465753424658
70	70	0.5422740524781342	0.5705521472392638
80	80	0.5096774193548387	0.5723076923076923
90	90	0.511326860841424	0.5669781931464175
100	100	0.5586206896551724	0.5510835913312694
110	110	0.5323741007194245	0.575
120	120	0.5156794425087109	0.5625
130			