size	dial	DS_Component_wise	DS_Composite_wise
1	17	0.26666666666666666	0.26666666666666666
2	36	0.26666666666666666	0.6666666666666666
3	48	0.26666666666666666	0.6
4	53	0.6	0.6
5	64	0.6	0.5333333333333333
6	81	0.6	0.5333333333333333
7	89	0.6	0.5333333333333333
8	98	0.6	0.5333333333333333
9	113	0.6	0.6
10	124	0.4666666666666667	0.6
15	175	0.4666666666666667	0.6
20	238	0.4666666666666667	0.6666666666666666
30	399	0.6	0.8
40	564	0.6666666666666666	0.8
50	695	0.6	0.6666666666666666
60	862	0.5333333333333333	0.6
70	1012	0.6	0.5333333333333333
80	1129	0.5333333333333333	0.5333333333333333
90	1316	0.5333333333333333	0.5333333333333333