size	dial	DS_Component_wise	DS_Composite_wise
1	17	0.5357142857142857	0.17857142857142858
2	36	0.4357142857142857	0.25
3	48	0.45714285714285713	0.2857142857142857
4	53	0.4857142857142857	0.21428571428571427
5	64	0.4928571428571429	0.2571428571428571
6	81	0.4714285714285714	0.3
7	89	0.4928571428571429	0.3
8	98	0.5428571428571428	0.35714285714285715
9	113	0.5785714285714286	0.4142857142857143
10	124	0.55	0.40714285714285714
15	175	0.4714285714285714	0.4928571428571429
20	238	0.55	0.5428571428571428
30	399	0.6071428571428571	0.55
40	564	0.6428571428571429	0.5857142857142857
50	695	0.5857142857142857	0.6071428571428571
60	862	0.6285714285714286	0.6285714285714286
70	1012	0.5928571428571429	0.6
80	1129	0.5785714285714286	0.6285714285714286
90	1316	0.6071428571428571	0.6428571428571429