size	dial	DS_Component_wise	DS_Composite_wise
1	17	1	0.16666666666666666
2	36	1	0.35714285714285715
3	48	1	0.3333333333333333
4	53	0.6923076923076923	0.21951219512195122
5	64	0.6	0.21052631578947367
6	81	0.75	0.2222222222222222
7	89	0.75	0.2222222222222222
8	98	0.6923076923076923	0.23529411764705882
9	113	0.75	0.34615384615384615
10	124	0.7	0.3103448275862069
15	175	0.5384615384615384	0.5294117647058824
20	238	0.5	0.7142857142857143
30	399	0.5625	0.6
40	564	0.6666666666666666	0.75
50	695	0.75	0.8333333333333334
60	862	0.8888888888888888	0.6
70	1012	0.6923076923076923	0.5714285714285714
80	1129	0.6666666666666666	0.6666666666666666
90	1316	0.6666666666666666	0.5333333333333333