size	dial	DS_comp_unigrams_async	DS_comp_unigrams_async_biased
10	10	null	0.6276346604215456
20	20	null	0.4982698961937716
30	30	0.2857142857142857	0.5156794425087108
40	40	0.2992125984251969	0.5226480836236934
50	50	0.3058823529411765	0.5244755244755245
60	60	0.3058823529411765	0.46808510638297873
70	70	0.3015873015873016	0.45993031358885017
80	80	0.29365079365079366	0.45859872611464975
90	90	0.29365079365079366	0.5157232704402516
100	100	0.32699619771863114	0.6288951841359773
110	110	0.6163522012578617	0.6202898550724638
120	120	0.6191950464396284	0.6318681318681318
130			