size	dial	NLU_Biased	NLU_Oversampled	NLU_Unbiased	NLU_Undersampled
10	10	0.3598004369029844	0.37283240424128716	0.2704618573742769	0.34533895069258
20	20	0.3721920564003629	0.39402358618003674	0.3732779801226483	0.3168570011414646
30	30	0.39056272143802107	0.4300557040694507	0.4173909704112856	0.2680647547280115
40	40	0.3445191038107749	0.4616693962399187	0.4388847624733149	0.26716183297626783
50	50	0.3506931649599534	0.46047449497358933	0.4232226139681202	0.17362613552372874
60	60	0.44455142777023937	0.46824525549945034	0.4017510167698943	0.17362613552372874
64					
70	70	0.4893417135329432	0.465710676833675	0.40858093188528244	0.17362613552372874
78					
80	80	0.4906154220478572	0.466134816970786	0.38542901245806255	0.27582830584929274
87					
88	88	null	0.4470846902382308	0.39387822747825196	0.37846729122411543
90	90	0.48895033835440266	null	null	null
91					
94					
100	100	0.4757443043761818	null	null	null