size	dial	NLU_Biased	NLU_Oversampled	NLU_Unbiased	NLU_Undersampled
10	10	0.44009992320495744	0.3645806817678396	0.25869075704348843	0.3552033457660776
20	20	0.5463429251359716	0.40125642426134145	0.37364761624672205	0.3366772319720043
30	30	0.5254000450599646	0.41983334480041606	0.39777317538620777	0.2838903415615658
40	40	0.5217794043458154	0.447473809326321	0.427153360782686	0.28695433303605244
50	50	0.5034753514284717	0.44884050614175236	0.4066781602679386	0.18346732480611003
60	60	0.5177404084803336	0.45134560964350007	0.3776632948801585	0.18346732480611003
64					
70	70	0.5042414941918064	0.4366310572523323	0.39121300205472437	0.18346732480611003
78					
80	80	0.511794551909327	0.437299103029536	0.3672681229531209	0.26312235864299716
87					
88	88	null	0.4325151640715762	0.37619028226804224	0.367703428746048
90	90	0.4921297738259776	null	null	null
91					
100	100	0.5184465770543638	null	null	null