size	dial	biased	oversampled	unbiased	undersampled
10	10	0.2113994111495579	0.17601432698475986	0.17745958930236957	0.36706440358623554
20	20	0.2557811012677434	0.20244219063439464	0.2031252044339057	0.31749925381788147
30	30	0.3268951599979575	0.28684772292456706	0.2903973290915921	0.37175476684291536
40	40	0.28247672704308785	0.37344820527076483	0.3738017739779022	0.38650554763585965
50	50	0.3036888961812433	0.33424767488194984	0.3385000270708567	0.23149395461513628
60	60	0.34505428792391085	0.3797268317850674	0.3803747007054668	0.23149395461513628
70	70	0.386193579798502	0.36241647307226094	0.3627130163203548	0.23149395461513628
80	80	0.34735974587665713	0.3509838939337616	0.35007020851765835	0.30871836030101774
90					
100					
110					
120					
130					