size	dial	NLU_Biased	NLU_Oversampled	NLU_Unbiased	NLU_Undersampled
10	10	0.38606981254040074	0.37737674708520913	0.3559894050731391	0.4638302033570382
20	20	0.41826264532142693	0.5141217266595322	0.5143018366068106	0.3937879513592377
30	30	0.4298179325378805	0.6351706871282807	0.6302102894457373	0.32849383094324425
40	40	0.4369740067882252	0.6603547856196281	0.6521113018822096	0.40825000717477805
50	50	0.446364997255175	0.6911563201985321	0.6874156024670366	0.31985267798247674
60	60	0.6175554837213342	0.6717642919742475	0.6604304304304304	0.31985267798247674
64					
70	70	0.6867188449393273	0.6589825833218058	0.6551781046541526	0.31985267798247674
78					
80	80	0.6894994460124895	0.6678221256098961	0.6396321341194315	0.4426532922384313
87					
88	88	null	0.6581854811859729	0.6518659413565664	0.5637579570082304
90	90	0.6846805098273991	null	null	null
91					
94					
100	100	0.6929748776443321	null	null	null