size	dial	NLU_Biased	NLU_Oversampled	NLU_Unbiased	NLU_Undersampled
10	10	0.35970292699583045	0.4275388235976439	0.3372999900974517	0.3702193121837747
20	20	0.4050190516686752	0.4606839486037699	0.44466226128873043	0.413358583258238
30	30	0.4267378688164884	0.4889064858692801	0.48194227812456614	0.4399693360531287
40	40	0.39327902945096693	0.5124538607728589	0.5002745401904801	0.4023766202362655
50	50	0.36241067718920844	0.5167897384829421	0.4905331028318877	0.29481927812843217
60	60	0.5063514823668539	0.5453841475089678	0.49294573064265823	0.29481927812843217
64					
70	70	0.5574381167658919	0.5410880250001073	0.48849987407105333	0.29481927812843217
78					
80	80	0.5585136501567135	0.543120452663144	0.4660219061148879	0.37081023120171686
87					
88	88	null	0.5207682205794494	0.46729947562841306	0.4354460170084443
90	90	0.5576137395519728	null	null	null
91					
94					
100	100	0.5487760989841415	null	null	null