size	dial	DS_comp_unigrams_async	DS_comp_unigrams_async_biased
10	10	0.36352499628313456	0.49865116698795003
20	20	0.40663462774777903	0.4892922149022805
30	30	0.4897311365815061	0.49394622483055367
40	40	0.48997789470347064	0.5262394353549967
50	50	0.48597809528322594	0.5116135467064256
60	60	0.49968100825291195	0.5188576049728978
70	70	0.47223350457818986	0.48327288144972363
80	80	0.4737941543263013	0.49735924187741487
90	90	0.5326139270172779	0.5189007148294896
95			
100	100	0.5169842439414968	null
109			
110	110	0.5099921928107862	null
114			
116			
120	120	0.4991136701265439	null
125			
130			
140			
150			