size	dial	DS_comp_unigrams_async	DS_comp_unigrams_async_biased
10	10	0.21179478370218688	0.4102182183200757
20	20	0.28234129580463235	0.41631809499582856
30	30	0.28897339556150375	0.4413161536435292
40	40	0.29036626706031116	0.4339608135248261
50	50	0.3015832660309122	0.43309219656798326
60	60	0.3237456297026859	0.43043501561061703
70	70	0.3162428061280288	0.4037244788914726
80	80	0.3568072521633642	0.43416490389624096
90	90	0.3544531152389154	0.4046853159867897
100	100	0.32660948587633715	0.39251956363150664
110	110	0.39834956186170717	0.41396126941554273
120	120	0.41252329989622744	0.4212510413225503
130			