size	dial	DS_comp_unigrams_async	DS_comp_unigrams_async_biased
10	10	0.7712557808609036	0.7866888519134776
20	20	0.7481296758104738	0.6828160484481454
30	30	0.7720797720797721	0.6937241638481775
40	40	0.7795414462081129	0.757617728531856
50	50	0.7509659290481208	0.7805375978223885
60	60	0.7512229210342418	0.7773584905660377
70	70	0.7544232130219392	0.754639175257732
80	80	0.7488519957612152	0.7478991596638656
90	90	0.7724039829302987	0.7495559502664298
95			
100	100	0.7626208378088077	null
109			
110	110	0.760229720028715	null
114			
116			
120	120	0.7535919540229885	null
125			
130			
140			
150			