size	dial	NLU_Biased	NLU_Oversampled	NLU_Unbiased	NLU_Undersampled
10	10	0.6336154776299879	0.7663716814159292	0.7324955116696589	0.5778781038374717
20	20	0.752714113389626	0.7471910112359551	0.7353760445682451	0.5018518518518519
30	30	0.7478890229191797	0.7724137931034483	0.7629009762900977	0.5009940357852882
40	40	0.7467144563918757	0.7757731958762887	0.7589743589743589	0.4990328820116054
50	50	0.7633769322235434	0.7846153846153846	0.7818659658344284	0.383399209486166
60	60	0.7758007117437722	0.788563829787234	0.7881705639614855	0.383399209486166
64					
70	70	0.7779111644657863	0.7736842105263158	0.7767253044654939	0.383399209486166
78					
80	80	0.7739644970414201	0.7591145833333334	0.7583892617449665	0.5293072824156305
87					
88	88	null	0.7661498708010336	0.7605820105820106	0.6331938633193863
90	90	0.7799274486094316	null	null	null
91					
100	100	0.7809867629362214	null	null	null