size	dial	NLU_Biased	NLU_Oversampled	NLU_Unbiased	NLU_Undersampled
10	10	0.43355786895284754	0.6736068585425597	0.6625842008573178	0.5646050214329456
20	20	0.711573790569504	0.6864666258420086	0.6821800367421923	0.6264543784445805
30	30	0.7158603796693203	0.7256582976117575	0.7268830373545622	0.6264543784445805
40	40	0.7685241886099204	0.7244335578689528	0.711573790569504	0.3710961420698102
50	50	0.7758726270667483	0.677893447642376	0.6803429271279853	0.2424984690753215
60	60	0.7317819963257808	0.7495407225964482	0.7526025719534599	0.2504592774035517
70	70	0.7219840783833436	0.7403551745254133	0.7391304347826086	0.19228413962033067
80	80	0.7030006123698714	0.7581139007960809	0.7519902020820576	0.19228413962033067
90	90	0.7323943661971831	0.7428046540110227	0.7372933251684017	0.19228413962033067
100	100	0.704225352112676	0.7519902020820576	0.7532149418248623	0.19228413962033067
110	110	0.706062461726883	0.7544396815676668	0.7624004898958971	0.19228413962033067
120	120	0.7183098591549296	null	0.7544396815676668	0.44764237599510104
130	130	0.7207593386405389	null	0.747091243110839	0.44090630740967546
140					
150					
160					
170					
180					