size	dial	DS_comp_unigrams_async	DS_comp_unigrams_async_biased	DS_comp_unigrams_async_over	DS_comp_unigrams_async_under
10	10	0.718091697645601	0.4225526641883519	0.718091697645601	0.31970260223048325
20	20	0.7596034696406444	0.44671623296158613	0.7577447335811648	0.3451053283767038
30	30	0.7571251548946716	0.7211895910780669	0.7558859975216853	0.3451053283767038
40	40	0.7534076827757125	0.7856257744733581	0.7521685254027262	0.3451053283767038
50	50	0.7788104089219331	0.7862453531598513	0.7775712515489467	0.3451053283767038
60	60	0.7794299876084263	0.7998760842627014	0.7825278810408922	0.3451053283767038
70	70	0.7769516728624535	0.8004956629491945	0.7757125154894672	0.25154894671623296
80	80	0.7627013630731103	0.7961586121437423	0.7596034696406444	0.5941759603469641
90	90	0.7428748451053284	0.7763320941759604	0.7391573729863693	0.6902106567534076
100	100	0.7397769516728625	0.781908302354399	0.7447335811648079	0.6864931846344485