size	dial	NLU_Biased	NLU_Oversampled	NLU_Unbiased	NLU_Undersampled
10	10	0.9004854368932039	0.9113924050632911	0.905511811023622	0.934375
20	20	0.867816091954023	0.8952164009111617	0.896551724137931	0.8417721518987342
30	30	0.8488372093023255	0.9463806970509383	0.9445983379501385	0.92
40	40	0.9103448275862069	0.9619565217391305	0.9554317548746518	0.9111111111111111
50	50	0.8	0.9536082474226805	0.9602122015915119	0.9333333333333333
60	60	0.8562091503267973	0.958005249343832	0.9523809523809523	0.9333333333333333
64					
70	70	0.865979381443299	0.9533678756476683	0.9362244897959183	0.9333333333333333
78					
80	80	0.9294871794871795	0.946969696969697	0.9355670103092784	0.9375
87					
88	88	null	0.9532467532467532	0.9476439790575916	0.9531914893617022
90	90	0.9425981873111783	null	null	null
91					
100	100	0.946927374301676	null	null	null