size	dial	DS_comp_unigrams_async	DS_comp_unigrams_async_biased
10	10	0.9901269393511989	0.92524682651622
20	20	0.7193229901269393	0.9548660084626234
30	30	0.7023977433004231	0.763046544428773
40	40	0.8138222849083215	0.843441466854725
50	50	0.9280677009873061	0.9435825105782792
60	60	0.8970380818053597	0.9421720733427362
70	70	0.9167842031029619	0.8956276445698167
80	80	0.919605077574048	0.8871650211565585
90	90	0.9393511988716502	0.844851904090268
91			
100	100	0.9393511988716502	0.8575458392101551
102			
110	110	0.9308885754583921	0.8772919605077574
120	120	0.9125528913963329	0.8589562764456982
130			
140			
150			