size	dial	DS_Component_wise	DS_Composite_wise
1	17	0.8850574712643678	0.6176470588235294
2	35	0.7682119205298014	0.6330935251798561
3	47	0.8322981366459627	0.7651006711409396
4	52	0.7948717948717948	0.6666666666666666
5	63	0.7950310559006211	0.7397260273972602
6	80	0.7792207792207793	0.7733333333333333
7	87	0.7843137254901961	0.7973856209150327
8	95	0.8571428571428571	0.8695652173913043
9	108	0.8658536585365854	0.8695652173913043
10	119	0.8765432098765432	0.8641975308641975
15	168	0.7682119205298014	0.8727272727272727
20	228	0.8414634146341463	0.8863636363636364
30	384	0.8571428571428571	0.9028571428571428
40	546	0.8662420382165605	0.8994082840236687
50	672	0.8466257668711656	0.903954802259887
60	830	0.8765432098765432	0.903954802259887
70	978	0.8711656441717791	0.9204545454545454
80	1093	0.8658536585365854	0.9162011173184358
90	1275	0.8982035928143712	0.903954802259887