size	dial	DS_comp_unigrams_async	DS_comp_unigrams_async_biased	DS_comp_unigrams_async_over	DS_comp_unigrams_async_under
10	10	0.3063063063063063	0.05263157894736842	0.3063063063063063	0.3114754098360656
20	20	0.2826086956521739	0.027777777777777776	0.2765957446808511	0.3076923076923077
30	30	0.2619047619047619	0.35555555555555557	0.2716049382716049	0.3076923076923077
40	40	0.2682926829268293	0.3617021276595745	0.2891566265060241	0.3076923076923077
50	50	0.2891566265060241	0.35789473684210527	0.2823529411764706	0.3076923076923077
60	60	0.2891566265060241	0.5568181818181818	0.2891566265060241	0.3076923076923077
70	70	0.3333333333333333	0.5485714285714286	0.32098765432098764	0.3474903474903475
80	80	0.3917525773195876	0.5485714285714286	0.3917525773195876	0.3463203463203463
90	90	0.3157894736842105	0.5454545454545454	0.3157894736842105	0.26595744680851063
100	100	0.3711340206185567	0.5287356321839081	0.3516483516483517	0.25365853658536586