size	dial	DS_Component_wise	DS_Composite_wise
1	17	0.3333333333333333	0.4444444444444444
2	35	0.6666666666666666	0.5555555555555556
3	47	0.5555555555555556	0.2222222222222222
4	52	0.6666666666666666	0.2222222222222222
5	63	0.6666666666666666	0.4444444444444444
6	80	0.6666666666666666	0.4444444444444444
7	87	0.6666666666666666	0.4444444444444444
8	95	0.6666666666666666	0.4444444444444444
9	108	0.6666666666666666	0.4444444444444444
10	119	0.6666666666666666	0.4444444444444444
15	168	0.5555555555555556	0.5555555555555556
20	228	0.4444444444444444	0.6666666666666666
30	384	0.4444444444444444	0.5555555555555556
40	546	0.4444444444444444	0.6666666666666666
50	672	0.4444444444444444	0.6666666666666666
60	830	0.3333333333333333	0.6666666666666666
70	978	0.4444444444444444	0.6666666666666666
80	1093	0.3333333333333333	0.5555555555555556
90	1275	0.3333333333333333	0.5555555555555556