size	dial	DS_Component_wise	DS_Composite_wise
1	17	1	0.4444444444444444
2	35	0.25	0.5555555555555556
3	47	0.4166666666666667	0.4
4	52	0.42857142857142855	0.5
5	63	0.3333333333333333	0.6666666666666666
6	80	0.3333333333333333	0.6666666666666666
7	87	0.35294117647058826	0.6666666666666666
8	95	0.4	0.8
9	108	0.42857142857142855	0.4444444444444444
10	119	0.42857142857142855	0.4444444444444444
15	168	0.2777777777777778	0.5555555555555556
20	228	0.4	0.6
30	384	0.5714285714285714	0.5555555555555556
40	546	0.4444444444444444	0.6
50	672	0.5	0.6
60	830	0.75	0.75
70	978	0.8	0.8571428571428571
80	1093	0.75	0.8333333333333334
90	1275	0.75	0.8333333333333334