size	dial	DS_comp_unigrams_async	DS_comp_unigrams_async_biased	DS_comp_unigrams_async_over	DS_comp_unigrams_async_under
10	10	0	0	0	0
20	20	0	0.3146067415730337	0	0
30	30	0.4105960264900662	0.2713178294573643	0.3864406779661017	0
40	40	0.35986159169550175	0.30935251798561153	0.34507042253521125	0
50	50	0.436241610738255	0.2857142857142857	0.4228187919463087	0
60	60	0.42953020134228187	0.2965779467680608	0.4175084175084175	0
70	70	0.3701067615658363	0.277992277992278	0.3701067615658363	0.3261802575107296
80	80	0.5822102425876011	0.2608695652173913	0.5652173913043478	0.441351888667992
90	90	0.645	0.45307443365695793	0.628140703517588	0.5421052631578948
100	100	0.6666666666666666	0.5365853658536586	0.6556603773584906	0.5683646112600537