size	dial	DS_comp_unigrams_async	DS_comp_unigrams_async_biased
10	10	null	null
20	20	0.4430379746835443	0.5
30	30	0.5204081632653061	0.6764705882352942
40	40	0.45081967213114754	0.7192982456140351
50	50	0.5252525252525253	0.76
60	60	0.47417840375586856	0.7551020408163265
70	70	0.45555555555555555	0.7457627118644068
80	80	0.4133738601823708	0.671875
90	90	0.4036697247706422	0.6774193548387096
91			
100	100	0.49809885931558934	0.7111111111111111
102			
110	110	0.5077519379844961	0.7099236641221374
120	120	0.5384615384615384	0.7007299270072993
130			
140			
150			