size	dial	DS_Component_wise	DS_Composite_wise
1	17	0	0
2	35	0	0
3	47	0	0.045454545454545456
4	52	0	0
5	63	0	0
6	80	0	0
7	87	0.09090909090909091	0
8	95	0.045454545454545456	0
9	108	0.18181818181818182	0.09090909090909091
10	119	0.22727272727272727	0.18181818181818182
15	168	0.22727272727272727	0.13636363636363635
20	228	0.2727272727272727	0.18181818181818182
30	384	0.3181818181818182	0.22727272727272727
40	546	0.5454545454545454	0.36363636363636365
50	672	0.45454545454545453	0.4090909090909091
60	830	0.5454545454545454	0.45454545454545453
70	978	0.3181818181818182	0.45454545454545453
80	1093	0.3181818181818182	0.5
90	1275	0.36363636363636365	0.45454545454545453