size	dial	Natural	Undersampled	Oversampled	Biased_with_rephrase	Biased_no_rephrase	Natural_All_Lang	Biased_no_rephrase_All_Lang
10	10	0.46468672207702205	0.24024294446416558	0.4645256914812088	0.2854863944457352	0.3062269111687163	0.5127699124777626	0.4287537914159115
20	20	0.49277319687177285	0.23467535017346294	0.49277319687177285	0.3562833111037186	0.4164232609726868	0.5790507999414132	0.4957657369008745
30	30	0.5656405733689515	0.269016379873072	0.565672779488114	0.4180040704341718	0.4724022881073421	0.637623920800457	0.5448494838043498
40	40	0.5970228282661342	0.3275305194833828	0.5970309307397227	0.4641505080491899	0.5308511319910179	0.6812813111839169	0.5835078471367572
50	50	0.6352787328682417	0.2914107646276531	0.6352945923024946	0.4986285873700576	0.5647365973022351	0.7132032543818753	0.6110630732428748
60	60	0.6593678092984192	0.30525219093419337	0.6593924398402911	0.5242454322079924	0.5982385728650117	0.7273452152781252	0.6311752998414093
70	70	0.672114915859799	0.32481894654729204	0.6721632250385425	0.5440002849408789	0.6150051449494567	0.736533183380579	null
80	80	0.6926676226200356	0.3395717745191139	0.6926594124394115	0.5713114243480995	null	0.7399225135456666	null
90	90	0.7037619505799788	0.340767003054535	0.7036900072152664	0.5904207201713377	null	0.7515974087230768	null
100	100	0.7155270200656919	0.30703343260198657	0.7155593215203143	0.6064700563913032	null	0.7568482357635411	null
110	110	0.7250796751698059	0.3465185476658847	0.7251035225465944	0.617043207665335	null	0.7725541295161055	null
120	120	null	null	null	null	null	null	null