\addplot[color=green,mark=*] coordinates {
(5,5)(10,10)(15,15)(20,20)(25,25)(30,30)(35,35)(40,40)(45,45)(50,50)(55,55)(60,60)
};
\addlegendentry{dial}

\addplot[color=green,mark=*] coordinates {
(5,0.5451154723346702)(10,0.601799789982065)(15,0.6955663132710579)(20,0.701800013649582)(25,0.7233516912959054)(30,0.7338266661311905)(35,0.7497463745272583)(40,0.760746578322172)(45,0.7577188049200216)(50,0.7651291590883161)(55,0.7689149820267533)(60,0.7746479192619664)
};
\addlegendentry{Natural}

\addplot[color=green,mark=*] coordinates {
(5,0.5499371259536462)(10,0.569235729194574)(15,0.5841814952618511)(20,0.6039324552320892)(25,0.5377467671659073)(30,0.5316155231281079)(35,0.6058339005362491)(40,0.6139336600932985)(45,0.5571965920366511)(50,0.5558232654079497)(55,0.557425212927629)(60,0.5164784970664619)
};
\addlegendentry{Undersampled}

\addplot[color=green,mark=*] coordinates {
(5,0.5451154723346702)(10,0.601809499206038)(15,0.6955663132710579)(20,0.7018339420280096)(25,0.7232756997621519)(30,0.7338816914592337)(35,0.7497340574699833)(40,0.760715684376444)(45,0.7577628081064012)(50,0.7650982716886636)(55,0.768927148654962)(60,0.774577437165463)
};
\addlegendentry{Oversampled}

\addplot[color=green,mark=*] coordinates {
(5,0.44378775753361505)(10,0.5236453046529137)(15,0.5773740912518938)(20,0.6173973335859632)(25,0.6380663255793384)(30,0.6473560047746271)(35,0.6528120059945575)(40,0.655860060544907)(45,0.6658490242112933)(50,0.6695921718612975)(55,0.6753199017737893)(60,0.6744810118331245)
};
\addlegendentry{Biased\_with\_rephrase}

\addplot[color=green,mark=*] coordinates {
(5,0.505283231275209)(10,0.5859914540779275)(15,0.6490974373266295)(20,0.6805604997638356)(25,0.705787191813616)(30,0.7178715621528281)(35,0.7329481244114538)(40,0.7392994155311402)(45,0.7389950054871076)(50,0.7510406081339499)(55,0.7566359962571033)(60,0.7583374405737363)
};
\addlegendentry{Biased\_no\_rephrase}

\addplot[color=green,mark=*] coordinates {
(5,0.5960374639655368)(10,0.6183776068342168)(15,0.6563811179401771)(20,0.6647814692428895)(25,0.6782877494297007)(30,0.675920192971879)(35,0.6808128760038946)(40,0.6868808131806183)(45,0.6836959097702302)(50,0.6968848201537443)(55,0.7039418693948752)(60,0.7127580184682805)
};
\addlegendentry{Biased\_no\_rephrase\_All\_Lang}

\addplot[color=green,mark=*] coordinates {
(5,0.5570026506570962)(10,0.664881721400821)(15,0.7106550414510002)(20,0.7246992342634632)(25,0.7253720169993647)(30,0.7327824543304946)(35,0.7503960288878332)(40,0.7585419673032618)(45,0.7608715945738049)(50,0.7642721130739797)(55,0.7677849385135022)(60,0.7720232545029475)
};
\addlegendentry{Natural\_All\_Lang}

