size	dial	DS_comp_unigrams_async	DS_comp_unigrams_async_biased
1	12.2	0.43688017133899815	0.5122299377507997
2	23.8	0.4627019185223423	0.42932665326782543
3	39.8	0.4868273611733123	0.4278668127592562
4	55.8	0.4889535804014248	0.4945385657211133
5	63	0.5332973040937764	0.48390849612882186
6	71.6	0.5404887634853756	0.5045077911559428
7	76.6	0.5268812309683828	0.4974988498076235
8	95	0.5147865330213877	0.5095032276465133
9	111.2	0.49905844460299764	0.4954052583473533
10	119.6	0.5189980871954422	0.5010668861290472
11	126	0.5115205735259847	0.494592812993541
12	138.6	0.5043045828003996	0.5007063316005388
13	154.8	0.5090460232197731	0.49808234949065877
14	160	0.5088563207771107	0.4860892503639144
15	168.6	0.5140886452806559	0.4793145604734276
16	177.8	0.5030476670563317	0.477467675114746
17	188.2	0.5023389926253815	0.4720921703775254
18	204.4	0.4921344944481921	0.46488219062811725
19	218.6	0.4865157951034174	0.4820622167097568
20	228.2	0.47470418017821414	0.5109107625486928
21	246.6	0.48303877114356064	0.500699688328445
22	245.4	0.48055263635638257	null