size	dial	DS_comp_unigrams_async	DS_comp_unigrams_async_biased
10	10	null	0.4852538282668878
20	20	null	0.5097467646007894
30	30	null	0.48526085755030735
40	40	null	0.5799325042929275
50	50	null	0.6189269072997978
60	60	null	0.6467795300645262
70	70	null	0.579438756627439
80	80	null	0.5862664341558961
90	90	0.5822407576524922	0.5901460825535022
100	100	0.6119316408840648	0.5872613280363249
110	110	0.5942620018953729	0.5958171689238556
120	120	0.6750740096622687	0.6117005820349315
130	130	0.6797607376179051	0.612225087874277
140	140	0.6880963504877302	0.6111143565236407
150	150	0.684803455104908	0.6237407265175554
160	160	0.6854471461997341	0.6130731602753794
170	170	0.6758626643920762	0.6172815229708929
180	180	0.6911833433097113	0.6280872513443019
190	190	0.7005585727484909	0.6286305324580024
200	200	0.7072633148487446	0.6308288548737935
210	210	0.7109030501568918	0.6275326151712359
220	220	0.7227244501069509	0.6306928763932177
230	230	0.7246808991899416	0.6311103632996043
240	240	0.7245935303428223	0.6331515620143497
242	242	null	0.6336381029536098
250	250	0.7246099230869196	null