size	dial	NLU_Baseline	NLU_Oversample	NLU_Tran	NLU_Tran_Oversample
5	5	0.18941431185017146	0.18941431185017146	0.16819299056948928	0.1783067418329411
6	6	0.19011492178612016	0.19011492178612016	0.1867008416987886	0.1956276393515317
7	7	0.24601480246851865	0.24601480246851865	0.2295835493050476	0.23218402114758732
8	8	0.27619600091852176	0.27619600091852176	0.2573871337833592	0.25242330977640537
9	9	0.2953409611746533	0.2953409611746533	0.2758287499164245	0.2838363697698835
10	10	0.31966808475999964	0.31966808475999964	0.29744427263795803	0.29656351185785235
11	11	0.3496251105555893	0.3496251105555893	0.3449584350241689	0.3289007721209693
12	12	0.3917958510304834	0.3917958510304834	0.37649669706555977	0.36819160941807827
13	13	0.3832747014137247	0.3832747014137247	0.36802915934130603	0.37972273327442263
14	14	0.3931568658911043	0.3931148020262868	0.3986930362899354	0.3721812957019027
19	19	0.4202003121134659	0.43646261872387376	0.4467270862057494	0.4287947495055377
24	24	0.44642016276185564	0.45489184351878764	0.4764029042812622	0.4502105221182672
29	29	0.4314600818708557	0.4429445322335086	0.4997190479518093	0.4550779893950735
34	34	0.44766602543032785	0.45191014494717463	0.5122257797900541	0.49125593644501214