size	dial	DS_comp_unigrams_async	DS_comp_unigrams_async_biased
10	10	0.9534677524094922	0.843727613231132
20	20	0.918279940114345	0.8104000148480734
30	30	0.9121530885103726	0.8118003125845785
40	40	0.9375262228387309	0.8072361251693877
50	50	0.9483106291026298	0.8617142062109068
60	60	0.9516842408407745	0.913162098935766
70	70	0.9510355973006263	0.9111999494358264
80	80	0.9490136985821989	0.9144836783744562
90	90	0.9389594043560953	0.8913218517750281
100	100	0.9364165585345414	0.8773159996889976
110	110	0.9337217239175724	0.8682384026504455
120	120	0.9261556332717802	0.8671745728632114
130	130	0.9116425190641072	0.8676032803894103
140	140	0.9113195723939492	0.8298788569177622
150	150	0.8988144556213984	0.8374449475635541
160	160	0.8990316414355155	0.8352902454308602
170	170	0.8974874283824936	0.8319635958774784
180	180	0.8983070297973846	0.8328664654426389
190	190	0.8953327262497996	0.8276941983246389
200	200	0.8929935449632499	0.8259574326388629
210	210	0.8643138347492945	0.8420774230202482
220	220	0.8599284623859237	0.8474888115333463
230	230	0.8581484352624269	0.8566369288696667
240	240	0.8684986336004623	0.8459012844431533
250	250	0.8538795948343776	0.8571606261726256
257	257	null	0.8600943658828715
260	260	0.8559066005300501	null