size	dial	Natural	Biased_no_rephrase	Trans_Google	Trans_Microsoft	Trans_Yandex
5	5	0.6725711579590693	0.46309625361689977	0.6453035222132208	0.7231835224749669	0.6677667250631629
10	10	0.7384963639220586	0.6529468049415312	0.7601214570229851	0.773285232094578	0.7901476968207107
15	15	0.7588888409027006	0.8051856946128979	0.842787227020861	0.847346245907745	0.8637512652159981
20	20	0.7996024258000834	0.8429592807489693	0.8458117977856385	0.8548384735584584	0.8730766716489078
25	25	0.8119327211645634	0.8601994275266666	0.8620080549400341	0.865337297035214	0.8792630080942387
30	30	0.8407910362493161	0.8752300345364437	0.872136812494807	0.8748193095357317	0.8785709105710883
35	35	0.8514511862052827	0.888985516888144	0.8690360357649642	0.8841219023654314	0.8859289836058182
40	40	0.8595123006461799	0.8932281824453149	0.8806702617316864	0.8888958803272139	0.8913324661325553
45	45	0.8875373364494982	0.9037470132845209	0.8847309983271707	0.8939094360580591	0.8945633309769743
50	50	0.8899936533171235	0.9145465518969604	0.8907408074966754	0.8971061647691674	0.8977208544577736
55	55	0.8928470119199968	0.9201393868590693	0.8942896237429498	0.9005172103079836	0.9022867212793073
60	60	0.9105506577020863	0.9234038635904763	0.8951212993440744	0.9022252545085051	0.9078075229487714