\addplot[color=green,mark=*] coordinates {
(5,5)(10,10)(15,15)(20,20)(25,25)(30,30)(35,35)(40,40)(45,45)(50,50)(55,55)(60,60)(65,65)(70,70)
};
\addlegendentry{dial}

\addplot[color=green,mark=*] coordinates {
(5,0.29095953651760986)(10,0.34629839963090964)(15,0.37240063915175364)(20,0.42535859954698585)(25,0.405902468944647)(30,0.42337926657893166)(35,0.4514437195005227)(40,0.47093566396380665)(45,0.4988007520349196)(50,0.49124578015060694)(55,0.5087703842998386)(60,0.5278364120068817)(65,0.5326986230537457)(70,0.5444454236914161)
};
\addlegendentry{Natural}

\addplot[color=green,mark=*] coordinates {
(5,0.34049089804874483)(10,0.39536496300783563)(15,0.45074727503369544)(20,0.4948429181372935)(25,0.5175653857317566)(30,0.5370508765541385)(35,0.5515093306641786)(40,0.5633641480384464)(45,0.5758321414200511)(50,0.5867453221548132)(55,0.6007686418929455)(60,0.6104876441259889)(65,0.6162976535284137)(70,0.6241225389708164)
};
\addlegendentry{Biased\_with\_rephrase}

\addplot[color=green,mark=*] coordinates {
(5,0.36104458766316144)(10,0.39109388692829794)(15,0.4438596515343248)(20,0.47599876719412465)(25,0.49949733358329523)(30,0.516708892097013)(35,0.5407242937292714)(40,0.5534758170630184)(45,0.5774521236333001)(50,0.5994230499541376)(55,0.6093451744716849)(60,0.6221650559169523)(65,0.6343424352171384)(70,0.6420737758991124)
};
\addlegendentry{Biased\_no\_rephrase}

\addplot[color=green,mark=*] coordinates {
(5,0.30313117923457145)(10,0.37210348682188527)(15,0.39401233303478783)(20,0.43124602613067936)(25,0.4332548452822275)(30,0.45061409142039904)(35,0.47532459147809275)(40,0.48176930334979606)(45,0.5025327218997263)(50,0.5124587707406015)(55,0.5383208025957863)(60,0.533616919896712)(65,0.5538309037527361)(70,0.55659434550044)
};
\addlegendentry{Natural\_All\_Lang}

\addplot[color=green,mark=*] coordinates {
(5,0.3818980970907323)(10,0.41383792307241185)(15,0.46105975553902906)(20,0.4976692798965802)(25,0.5247018826029011)(30,0.5484655485836807)(35,0.5687446226706657)(40,0.5802749203632854)(45,0.5969221571273916)(50,0.5983678103699119)(55,0.603687681412814)(60,0.6120676153053273)(65,0.618110072320402)(70,0.6250734105890088)
};
\addlegendentry{Biased\_no\_rephrase\_All\_Lang}

