\addplot[color=green,mark=*] coordinates {
(5,5)(10,10)(15,15)(20,20)(25,25)(30,30)(35,35)(40,40)(45,45)(50,50)(55,55)(60,60)
};
\addlegendentry{dial}

\addplot[color=green,mark=*] coordinates {
(5,0.7999027939837953)(10,0.844297383692358)(15,0.8938381974921557)(20,0.8880524415830482)(25,0.8973571732690333)(30,0.9022873758191647)(35,0.9104912616464876)(40,0.9102368156250686)(45,0.9093988810939447)(50,0.907312901356563)(55,0.9039632541134628)(60,0.9058639667455792)
};
\addlegendentry{Natural}

\addplot[color=green,mark=*] coordinates {
(5,null)(10,0.8965860567880819)(15,0.8874288720621951)(20,0.891423937087148)(25,0.8944224079507579)(30,0.8880205238715051)(35,0.8954968620119363)(40,0.9071653932432848)(45,0.9172265709124409)(50,0.9237365774301454)(55,0.9319385626016179)(60,0.9347714938042507)
};
\addlegendentry{Balanced}

\addplot[color=green,mark=*] coordinates {
(5,null)(10,0.8487712671113321)(15,0.8387156777756505)(20,0.8403720554896951)(25,0.8486701254193094)(30,0.856261339703689)(35,0.8584906286692658)(40,0.8641548030917892)(45,0.8656332357385397)(50,0.8711421985750328)(55,0.8785105731115205)(60,0.8815897071596024)
};
\addlegendentry{Balanced\_Trans}

\addplot[color=green,mark=*] coordinates {
(5,null)(10,null)(15,0.8687567805127168)(20,0.8755955429115242)(25,0.8872071165395863)(30,0.8931464123963074)(35,0.8966009346453556)(40,0.9000248031452348)(45,0.9023576902594627)(50,0.904944289889165)(55,0.9089707246803177)(60,0.9108595651948554)
};
\addlegendentry{Balanced\_Trans\_Emb\_Neg}

