\addplot[color=green,mark=*] coordinates {
(5,5)(10,10)(15,15)(20,20)(25,25)(30,30)(35,35)(40,40)(45,45)(50,50)(55,55)(60,60)
};
\addlegendentry{dial}

\addplot[color=green,mark=*] coordinates {
(5,0.2699759313095833)(10,0.36771795713650124)(15,0.43563352350211987)(20,0.4579474451701982)(25,0.5117081218701488)(30,0.5274336649924576)(35,0.5269269870119712)(40,0.5049703113792403)(45,0.5120091134570928)(50,0.5166755651029081)(55,0.5201445760665259)(60,0.5103611183877973)
};
\addlegendentry{Natural}

\addplot[color=green,mark=*] coordinates {
(5,0.2240907785976096)(10,0.2822555616219314)(15,0.3200603228559034)(20,0.3361202583121382)(25,0.375803674858215)(30,0.3785681584546346)(35,0.378757738596425)(40,0.3700923231913709)(45,0.3768076248947399)(50,0.3968050859249475)(55,0.3989832350336119)(60,0.400966276682883)
};
\addlegendentry{Undersampled}

\addplot[color=green,mark=*] coordinates {
(5,0.2699759313095833)(10,0.36771795713650124)(15,0.43563352350211987)(20,0.4579474451701982)(25,0.5117867389246894)(30,0.5274206388798465)(35,0.526997258865011)(40,0.5049774024043933)(45,0.5120287577729278)(50,0.5166755651029081)(55,0.5201222200020758)(60,0.5104368754169673)
};
\addlegendentry{Oversampled}

\addplot[color=green,mark=*] coordinates {
(5,0.3763696131855495)(10,0.4387395243045457)(15,0.48761794112756296)(20,0.5107229318781712)(25,0.5335970859630619)(30,0.5572760458405498)(35,0.5651979983320444)(40,0.5706181095065168)(45,0.5818416437290881)(50,0.5899955793604214)(55,0.6014782790246282)(60,0.6067584412454772)
};
\addlegendentry{Biased\_with\_rephrase}

\addplot[color=green,mark=*] coordinates {
(5,0.3678275468189861)(10,0.44078568533275536)(15,0.4626156159011526)(20,0.5038304981516054)(25,0.5302565505760485)(30,0.5470081420157509)(35,0.562269947609297)(40,0.5736631303521768)(45,0.5856185144436942)(50,0.6045973402756096)(55,0.6127319802694511)(60,0.6176362142956059)
};
\addlegendentry{Biased\_no\_rephrase}

\addplot[color=green,mark=*] coordinates {
(5,0.3939084270728815)(10,0.4630710811812726)(15,0.5162652482882971)(20,0.5392719556296313)(25,0.5582236162366553)(30,0.5779411495807486)(35,0.5896812364912056)(40,0.6098340334630004)(45,0.6185231477730198)(50,0.6220942880917114)(55,0.6276402719324681)(60,0.6323223271123933)
};
\addlegendentry{Biased\_no\_rephrase\_All\_Lang}

\addplot[color=green,mark=*] coordinates {
(5,0.287798582550502)(10,0.3833505778099113)(15,0.46851655283250354)(20,0.5123987694273178)(25,0.5452523226754803)(30,0.5495722227673627)(35,0.5513469654911457)(40,0.5341503896130625)(45,0.5468474532590055)(50,0.5758293925596598)(55,0.574283258731587)(60,0.574341677134921)
};
\addlegendentry{Natural\_All\_Lang}

