\addplot[color=green,mark=*] coordinates {
(5,5)(10,10)(15,15)(20,20)(25,25)(30,30)(35,35)(40,40)(45,45)(50,50)(55,55)(60,60)(65,65)(70,70)
};
\addlegendentry{dial}

\addplot[color=green,mark=*] coordinates {
(5,0.22425866289095397)(10,0.33253079192827556)(15,0.38777587866165797)(20,0.43034249370547684)(25,0.45803727404893124)(30,0.4773028070146763)(35,0.48241119597367677)(40,0.4966174318328792)(45,0.5229866241096013)(50,0.5480828310175611)(55,0.5647908864454156)(60,0.5618414867373558)(65,0.5723311031628647)(70,0.5768879281722394)
};
\addlegendentry{Natural}

\addplot[color=green,mark=*] coordinates {
(5,0.18852368267701397)(10,0.2875153139773657)(15,0.3289855960079928)(20,0.32877433920587323)(25,0.36492125450249585)(30,0.35420096303008874)(35,0.39146320364235354)(40,0.3814482889563267)(45,0.4416070301669916)(50,0.4595070908674822)(55,0.4553135275884306)(60,0.4534533715905427)(65,0.44917524674336506)(70,0.47266738720268703)
};
\addlegendentry{Undersampled}

\addplot[color=green,mark=*] coordinates {
(5,0.22425866289095397)(10,0.33253079192827556)(15,0.3879567551556819)(20,0.4303876598313708)(25,0.45807049664029337)(30,0.47729282189158856)(35,0.48241119597367677)(40,0.4965993863401922)(45,0.5228596552892862)(50,0.5398225975522856)(55,0.5572313536060578)(60,0.5528846212354488)(65,0.5635188486876006)(70,0.5673726004186976)
};
\addlegendentry{Oversampled}

\addplot[color=green,mark=*] coordinates {
(5,0.22120631384253753)(10,0.37488749634443097)(15,0.3920580801487037)(20,0.44463838830657887)(25,0.46232646480813566)(30,0.468146519169922)(35,0.47628252883680744)(40,0.5322674753341795)(45,0.5382014493618955)(50,0.5490138297305269)(55,0.5575271363142692)(60,0.5798235376064687)(65,0.5795503407825079)(70,0.595605416956187)
};
\addlegendentry{Biased\_with\_rephrase}

\addplot[color=green,mark=*] coordinates {
(5,0.25680969961661976)(10,0.3659113693800533)(15,0.41253039386304435)(20,0.46502873975789205)(25,0.4705921137118221)(30,0.49589988936399243)(35,0.5189178274963557)(40,0.5323653424541815)(45,0.5440833251553894)(50,0.547011140190432)(55,0.5619493110251755)(60,0.5670821609935963)(65,0.5798123386170959)(70,0.6038350943287503)
};
\addlegendentry{Biased\_no\_rephrase}

\addplot[color=green,mark=*] coordinates {
(5,0.21959141089329046)(10,0.3449782012419823)(15,0.3708605135484312)(20,0.42218096137599737)(25,0.45531247118440454)(30,0.4717520232750768)(35,0.49018195261476905)(40,0.5155748475419726)(45,0.5369026287425611)(50,0.549924233130562)(55,0.5571466885396338)(60,0.5581416987096667)(65,0.5654639394269039)(70,0.5681359843342787)
};
\addlegendentry{Natural\_All\_Lang}

\addplot[color=green,mark=*] coordinates {
(5,0.27484146154833305)(10,0.4328423219840049)(15,0.5019260208813157)(20,0.5326441136143307)(25,0.5405861893575047)(30,0.558692226481419)(35,0.5741395908389859)(40,0.5881417192480816)(45,0.6064992399039754)(50,0.6055781835598182)(55,0.621153593807674)(60,0.6185742521082662)(65,0.6328393773230296)(70,0.6386292340011688)
};
\addlegendentry{Biased\_no\_rephrase\_All\_Lang}

