\addplot[color=green,mark=*] coordinates {
(5,5)(10,10)(15,15)(20,20)(25,25)(30,30)(35,35)(40,40)(45,45)(50,50)(55,55)(60,60)
};
\addlegendentry{dial}

\addplot[color=green,mark=*] coordinates {
(5,0.03544303797468355)(10,0.05)(15,0.08438196877986621)(20,0.11067381029111614)(25,0.1884947871515929)(30,0.18879234881468032)(35,0.1807548153338454)(40,0.18256477008497662)(45,0.18770261502412475)(50,0.18846539897560008)(55,0.2425898004370932)(60,0.2557248766066202)
};
\addlegendentry{Natural}

\addplot[color=green,mark=*] coordinates {
(5,0.06778531983924738)(10,0.12955522095771677)(15,0.19415503020374722)(20,0.22028696974177156)(25,0.26308608907472203)(30,0.28463054557407536)(35,0.313352438939712)(40,0.3314749211821051)(45,0.3439572660631689)(50,0.3763630984960041)(55,0.3887194563226516)(60,0.3985662693082544)
};
\addlegendentry{Balanced}

\addplot[color=green,mark=*] coordinates {
(5,0.025844866430640497)(10,0.023555555555555555)(15,0.08741295938104447)(20,0.08699251269314164)(25,0.12350746632727569)(30,0.14664730391944392)(35,0.19645087969509079)(40,0.18612849254983696)(45,0.19575800986542383)(50,0.1990017137613972)(55,0.2281435820209868)(60,0.20094608538889155)
};
\addlegendentry{Natural\_Trans\_Emb}

\addplot[color=green,mark=*] coordinates {
(5,0.0677502743964745)(10,0.0955664370085792)(15,0.13086009912890623)(20,0.14481425055722189)(25,0.15050061448330596)(30,0.17064797959454162)(35,0.18600070000716784)(40,0.1941898412001864)(45,0.2080335354604047)(50,0.2117111508604973)(55,0.21778930577745872)(60,0.21830708886048722)
};
\addlegendentry{Balanced\_Trans\_Emb}

