size	dial	DS_comp_unigrams_async	DS_comp_unigrams_async_biased
10	10	0.738982202632428	0.55792689586973
20	20	0.7376054928693485	0.726320656304035
30	30	0.7436152253622379	0.6691807337455474
40	40	0.7569280338940378	0.7305597871376653
50	50	0.7639059584567416	0.7583417286746481
60	60	0.772475257999732	0.7644143286539632
70	70	0.7786046932073655	0.7618393897251907
80	80	0.7759136668294946	0.7821980910843422
90	90	0.7855599083240208	0.7667479271110675
100	100	0.7884015386210388	0.7691490624658848
110	110	0.7827114354708219	0.7693963733217928
120	120	0.7864060659956891	0.7746235374448117
130	130	0.7821503843795081	0.7769728841346557
135	135	null	0.7564215775095094
140	140	0.7825933461214862	null