\addplot[color=green,mark=*] coordinates {
(5,5)(10,10)(15,15)(20,20)(25,25)(30,30)(35,35)(40,40)(45,45)(50,50)(55,55)(60,60)
};
\addlegendentry{dial}

\addplot[color=green,mark=*] coordinates {
(5,0.16709509627169414)(10,0.0693931303969593)(15,0.11804447361421158)(20,0.15600341320064615)(25,0.14323843624212076)(30,0.17575913337624693)(35,0.25544621029302667)(40,0.27395795194749817)(45,0.2729340943795432)(50,0.2963861274013953)(55,0.2870870407703035)(60,0.28252204566232614)
};
\addlegendentry{Natural}

\addplot[color=green,mark=*] coordinates {
(5,0.06454271335263752)(10,0.15195941044933342)(15,0.20606375101812585)(20,0.2601960087636843)(25,0.30199174062766476)(30,0.3349597811619491)(35,0.37040630245986855)(40,0.40035187981308984)(45,0.4234055669679583)(50,0.45515026009346465)(55,0.489655250444622)(60,0.5030043971359662)
};
\addlegendentry{Balanced}

\addplot[color=green,mark=*] coordinates {
(5,0.11646689831807652)(10,0.23445125528035582)(15,0.2869286585322589)(20,0.33616254561118486)(25,0.37696549200754986)(30,0.39738484566729326)(35,0.42856267973064166)(40,0.4536817861741717)(45,0.46980730851599245)(50,0.482414760058965)(55,0.49204681609955925)(60,0.49965379325859793)
};
\addlegendentry{Balanced\_Trans}

\addplot[color=green,mark=*] coordinates {
(5,0.10596536264263434)(10,0.17461792918437688)(15,0.18471396399505274)(20,0.2200258480350351)(25,0.25776631030945674)(30,0.2727107289852304)(35,0.29330229730578716)(40,0.30613837042458614)(45,0.3211230337139368)(50,0.3296066476025989)(55,0.3334294125065018)(60,0.33913751855988816)
};
\addlegendentry{Balanced\_Trans\_Emb\_Neg}

