size	dial	Natural	Biased_with_rephrase	Biased_no_rephrase	Oversampled	Undersampled	Biased_no_rephrase_Hungarian	Natural_Hungarian
5	5	0.7793975744131788	null	null	0.7793975744131788	null	null	0.7814913383403155
10	10	0.8361595412977837	null	0.8778229152296967	0.8361581007856512	null	null	0.7856627815361804
15	15	0.8935882170285551	0.8896298731336629	0.8701623374706015	0.8935892234472699	null	0.8504223003632222	0.8137859895126973
20	20	0.9133692275611623	0.8810995112250282	0.8788203922362421	0.9133692275611623	0.9108086754268693	0.844965804281354	0.83085955526252
25	25	0.9136021592680776	0.8771475998216396	0.8855580237646014	0.9136021592680776	null	0.8463635168374576	0.8222888004342184
30	30	0.9125888042789838	0.867432918409632	0.881829396248325	0.9125888042789838	null	0.8440740643378293	0.8121636799001906
35	35	0.905518112241658	0.866000935231808	0.8826000333781937	0.9055146068844576	null	0.8402376951396664	0.8061705691789812
40	40	0.9180452066740931	0.8653876864076726	0.8841738270999325	0.9180452066740931	null	0.8431031850989309	0.8275167934274795
45	45	0.9200614718295326	0.8613757247876533	0.884493999415913	0.9200614718295326	null	0.8412755717052487	0.8294025630630046
50	50	0.9131376137441665	0.8555548284665555	0.8885123903131198	0.9131376137441665	null	0.840479154233486	0.8156710503810594
55	55	0.9182498220473669	0.8551829084020665	0.8869928279725791	0.9182498220473669	null	0.8341459792500525	0.8202806925281426
60	60	0.9219399407460824	0.8471379574869817	0.8853051495768061	0.9219399407460824	null	0.8264799605056594	0.8209133738793529