size	dial	Natural	Balanced	Natural_Trans	Balanced_Trans	Natural_Emb	Balanced_Emb	Natural_Trans_Emb	Balanced_Trans_Emb
5	5	0.6279641713045758	0.5455765594299423	0.6423757318118479	0.6242215387108639	0.6761110172410122	0.6544136300061598	0.6426923957504652	0.6553474009152004
10	10	0.7454971162585793	0.6430350566147175	0.7133778544329676	0.6780493880116922	0.7268685731373682	0.7418457003831664	0.667393481898085	0.741455127045794
15	15	0.756085622119488	0.73069465429517	0.7379507560625476	0.7247138671827712	0.7624641735284634	0.7556596259370547	0.6836969241844371	0.738935143621937
20	20	0.7458292467011399	0.7219486703097246	0.7212406138340024	0.7535302760808508	0.7587841892909442	0.7541671916587231	0.6933120319983537	0.7465420455966882
25	25	0.7560851548603151	0.727119482148206	0.7195641685996834	0.7638513091250082	0.7892448445719255	0.7767360386632312	0.7203354020409012	0.7591181818967885
30	30	0.7837452710063983	0.757847232913599	0.7541483297481728	0.7677745802705018	0.8284004183320144	0.7920074055194257	0.734782642682689	0.7735607125992565
35	35	0.7936529121167856	0.7648391337188443	0.76712317280389	0.7709063971193547	0.8494660742935112	0.8072113752882617	0.7551040703490945	0.7857435628835219
40	40	0.7821233755572958	0.7889626370789916	0.7739683747398292	0.7846206353213212	0.841912321611872	0.8094254981997357	0.7662665379828847	0.7857352503542124
45	45	0.8006471173254861	0.7955312184648821	0.7833292350109807	0.7894065448978445	0.8467529704132607	0.8181911704501944	0.7670832885337222	0.7910661979536806
50	50	0.8052582481075715	0.802826589966342	0.7857875215604283	0.7879360065914224	0.8489501135637841	0.8219046403797051	0.7670951005199729	0.7943968869891854
55	55	0.8110228197528796	0.8043553088431409	0.7826123373206384	0.7888349728357468	0.8530902088009189	0.8188567517460884	0.769240482058821	0.8026048008100786
60	60	0.8200428046505618	0.8117032553468633	0.7938795463828086	0.7939622462707453	0.8527658263880626	0.8224033235478518	0.7743194874054007	0.8063204950066349