\addplot[color=green,mark=*] coordinates {
(5,5)(10,10)(15,15)(20,20)(25,25)(30,30)(35,35)(40,40)(45,45)(50,50)(55,55)(60,60)(65,65)(70,70)
};
\addlegendentry{dial}

\addplot[color=green,mark=*] coordinates {
(5,0.5151444142945532)(10,0.4282169753804222)(15,0.42404232604931075)(20,0.47911785314026545)(25,0.5219589229111115)(30,0.5424849204602079)(35,0.549297022396249)(40,0.5567465818468741)(45,0.5730656592329688)(50,0.5628815017278727)(55,0.5858664452546047)(60,0.5912245136364009)(65,0.5867863838059845)(70,0.6060648117923988)
};
\addlegendentry{Natural}

\addplot[color=green,mark=*] coordinates {
(5,0.4091937726177752)(10,0.23600390627864107)(15,0.1518513711591781)(20,0.14677474329027357)(25,0.14201299454302455)(30,0.15740447261496676)(35,0.16412584232636837)(40,0.1741036910716524)(45,0.19225147245011148)(50,0.1925027287315185)(55,0.16980591131108297)(60,0.16715793623320135)(65,0.18286071037542426)(70,0.19600587166574682)
};
\addlegendentry{Undersampled}

\addplot[color=green,mark=*] coordinates {
(5,0.5151444142945532)(10,0.4282169753804222)(15,0.42404232604931075)(20,0.47911785314026545)(25,0.5219329623711322)(30,0.5418269001889787)(35,0.5439353180688591)(40,0.5541440581875682)(45,0.5686221991704236)(50,0.5628815017278727)(55,0.5850372476594051)(60,0.594343963169531)(65,0.5897329431364973)(70,0.6067036586432806)
};
\addlegendentry{Oversampled}

\addplot[color=green,mark=*] coordinates {
(5,0.2565468952199051)(10,0.3205941633742953)(15,0.36610188759620954)(20,0.404689276543643)(25,0.40947814376956854)(30,0.426019523332583)(35,0.4446458696777979)(40,0.4525348611410165)(45,0.4827444721141007)(50,0.49169380989672556)(55,0.4830291592782012)(60,0.4856932175480573)(65,0.49914591883151976)(70,0.49901168854676914)
};
\addlegendentry{Biased\_with\_rephrase}

\addplot[color=green,mark=*] coordinates {
(5,0.34775242076407975)(10,0.3882183949243704)(15,0.4095744401110967)(20,0.44087515423451956)(25,0.477291009351988)(30,0.4909456174050379)(35,0.5024912004327314)(40,0.4994709553612917)(45,0.5208534539989994)(50,0.5238681033987836)(55,0.547268019168245)(60,0.5658124065762623)(65,0.5771359690072332)(70,0.5772349907196032)
};
\addlegendentry{Biased\_no\_rephrase}

\addplot[color=green,mark=*] coordinates {
(5,0.48332354990990783)(10,0.4785646099147612)(15,0.4981059490619425)(20,0.5440457028485653)(25,0.5621957952035647)(30,0.5804862217572779)(35,0.5984436147280295)(40,0.6020014900648721)(45,0.6254455416121345)(50,0.6184485837187241)(55,0.626310339364704)(60,0.6516100575261451)(65,0.6552584846509524)(70,0.6621146569661245)
};
\addlegendentry{Natural\_All\_Lang}

\addplot[color=green,mark=*] coordinates {
(5,0.4086726854327022)(10,0.4385368306189017)(15,0.4753847890000778)(20,0.5126982357839587)(25,0.5264392804784488)(30,0.5503826114283098)(35,0.5554642301278341)(40,0.5591463280993901)(45,0.5668120976570612)(50,0.5852389319781438)(55,0.6026838587458992)(60,0.6106697505076724)(65,0.6144704023105284)(70,0.6202198349868218)
};
\addlegendentry{Biased\_no\_rephrase\_All\_Lang}

