size	dial	Natural	Undersampled	Oversampled	Biased_with_rephrase	Biased_no_rephrase
1	1	0.3720736281304691	0.3720736281304691	0.3720736281304691	null	null
2	2	0.45340692496840435	0.4568082776410611	0.45340692496840435	0.2894890771146972	0.4124970746939781
3	3	0.5705520842528022	0.5166894349366948	0.5705520842528022	0.3639299395012069	0.43176928043616497
4	4	0.6121077283493083	0.4580625251039014	0.6121077283493083	0.34354211103890037	0.37548217578361287
5	5	0.5555175871459949	0.5045388288614807	0.5555175871459949	0.3703494107583454	0.4432429463486198
6	6	0.5711511523643464	0.49536067717532745	0.5711511523643464	0.39043798136365043	0.46239811940096437
7	7	0.5307400174938117	0.5135132909567612	0.5307400174938117	0.41911170507544654	0.4806008581948323
8	8	0.5402134666695074	0.49869577531517906	0.5402134666695074	0.4360181757585202	0.5383390275690909
9	9	0.5726815518591909	0.43975002961209264	0.5726715649025147	0.4743269384385058	0.5453042801539599
10	10	0.5960676970662935	0.4101132831015085	0.5960125596463911	0.4993619066982618	0.5715799034987119
15	15	0.6151315739250858	0.3355338420857505	0.6150433567569632	0.5874507277600451	0.6515009404058603
20	20	0.6457968713845474	0.2828915972095638	0.6457968713845474	0.6262392690686773	0.67431906619334
25	25	0.6592880326994289	0.30398640025402984	0.6592350720526593	0.6695491671925783	0.6953482904870752
30	30	0.6791316038109246	0.30685718406801044	0.6798563267861129	0.6909368272444603	0.7145891031407181
35	35	0.693540413612594	0.3125628629818998	0.695143382252752	0.7024409586035952	0.7296237659726811
40	40	0.7009727707567118	0.3404577992302682	0.7019893648724904	0.7064762464862996	0.7407011872178204
45	45	0.7271210911836498	0.3387194636118378	0.7285517003821123	0.7145685892688034	0.751617017358178
50	50	0.7287210616145084	0.36520895476654003	0.7301755628208264	0.7254184763215358	0.76132904740407
55	55	0.736317600569399	0.3665623346435236	0.7380517674234458	0.7345490178570937	0.7670027887083757
60	60	0.749195229823263	0.3826919709118703	0.7509746105317574	0.7362202012297742	0.771997899377648