\addplot[color=green,mark=*] coordinates {
(5,5)(10,10)(15,15)(20,20)(25,25)(30,30)(35,35)(40,40)(45,45)(50,50)(55,55)(60,60)
};
\addlegendentry{dial}

\addplot[color=green,mark=*] coordinates {
(5,0.6053954826871943)(10,0.6825188972733)(15,0.6834326010524374)(20,0.6654194041759836)(25,0.6820325573013498)(30,0.7120385974234149)(35,0.7185997113916507)(40,0.7240002661507845)(45,0.7302950110350391)(50,0.7399473900686745)(55,0.7464119812968836)(60,0.7500574327848262)
};
\addlegendentry{Natural}

\addplot[color=green,mark=*] coordinates {
(5,0.46327670264075826)(10,0.5826844341398183)(15,0.6443566934528853)(20,0.688902615244228)(25,0.6935255154811126)(30,0.7043443521620084)(35,0.7178017885332014)(40,0.7361579691013899)(45,0.7528506587753647)(50,0.7641036046290641)(55,0.7748512808234193)(60,0.7781512230838863)
};
\addlegendentry{Balanced}

\addplot[color=green,mark=*] coordinates {
(5,0.5770627390475246)(10,0.6200128999522064)(15,0.6684085803763672)(20,0.6848537238593777)(25,0.7061555528329773)(30,0.7217463140310609)(35,0.7310855389292399)(40,0.7417733276041569)(45,0.748672246800225)(50,0.7553749109971999)(55,0.7641977068592389)(60,0.766705628079602)
};
\addlegendentry{Balanced\_Trans}

\addplot[color=green,mark=*] coordinates {
(5,0.625838760396048)(10,0.6544197288378215)(15,0.6883214678535183)(20,0.6946730122586444)(25,0.7172029405417152)(30,0.733478634793243)(35,0.7437322704898309)(40,0.7473827552512664)(45,0.7529823521310987)(50,0.7562843997172419)(55,0.7656621796243368)(60,0.7707226572615489)
};
\addlegendentry{Balanced\_Trans\_Emb\_Neg}

