size	dial	Natural	NLU_Emb_25	Google	NLU_Tran_Microsoft_Google
1	1	0.029411764705882353	0.029411764705882353	0.029411764705882353	0.029411764705882353
2	2	0.033132694938440496	0.062361956276763574	0.06812144212523719	0.06889774601429358
3	3	0.04662123234736176	0.08744771647098262	0.0792160065332789	0.08194128385339987
4	4	0.07987898927244844	0.09015894875026942	0.09864605266386905	0.09847814220909623
5	5	0.07276846830723946	0.09079713501666564	0.08581126413351159	0.0995332164778504
6	6	0.1020514416018227	0.10431208156835496	0.15287967806021566	0.15539707635624325
7	7	0.11478019726021471	0.1386300559948494	0.1415910693694009	0.15864245775270547
8	8	0.07768762234728718	0.1386300559948494	0.11972221076777609	0.13868380370313751
9	9	0.0833547048942441	0.131910010983964	0.13126894306348466	0.13512411115677264
10	10	0.09254515110081803	0.13698242922398887	0.15172452387049878	0.16008676595606758
15	15	0.1412320632731457	0.1436705344087978	0.2054882802688467	0.21961963592992775
20	20	0.19078373203616164	0.14672255332308756	0.24231729304851282	0.2538532455730078
25	25	0.19434175972254913	0.14210260685514797	0.22275399976030946	0.23565027662920096
30	30	0.21853707778088244	0.19925469766491052	0.2232329774481104	0.2463047123692545
35	35	0.32217308938379124	0.2822359114899172	0.3614603868258902	0.3445902529899584
40	40	0.34131334749331	0.3090181719596888	0.3640838200833403	0.3675938618846406
45	45	0.3645613973251053	0.3336775629114118	0.39056139375830484	0.41048209250022866
50	50	0.3799026505207229	0.3373864975586677	0.4113851728383713	0.44374180867593216