size	dial	Natural	Undersampled	Oversampled	Biased_with_rephrase	Biased_no_rephrase
5	4.91	0.13616803765886942	0.27267043572119315	0.13616803765886942	0.15792812154040842	0.07538299407008354
10	10.52	0.1331226748967321	0.09269705241981063	0.1331226748967321	0.270297564055896	0.13537808128033404
15	16.48	0.0976502616984476	0.10508495292035361	0.0976502616984476	0.286857489911055	0.18065195122227454
20	22.59	0.11642092111992833	0.15441982046737826	0.11642092111992833	0.32811307546981	0.216851806249708
25	28.77	0.16057734050896905	0.19753887951417762	0.16057734050896905	0.368404496880238	0.26676660632338806
30	35.29	0.16831219856584329	0.18894987228625726	0.16831219856584329	0.4045916988962848	0.29139535649549975
35	42.39	0.20227400213602312	0.21346879249112483	0.20227400213602312	0.42392564299008273	0.32851940483160874
40	51.27	0.21495392685204323	0.16784174951894926	0.21551393374443584	0.4536192220423762	0.3479869590365132
45	59.74	0.22504519794324568	0.1894113994312578	0.2248574045160156	0.47948443132696184	0.384854845522896
50	65.35	0.24097575301291882	0.20260354139438178	0.24473102965194252	0.5020664947872214	0.40668345309637255
55	70.48	0.2885844297736058	0.23627163692408173	0.2933214476396937	0.5156487243622493	0.4302991160376253
60	79.41	0.29544916552536965	0.278387922357818	0.30107113914366995	0.5337130349715933	0.45410305484239566