size	dial	Natural	NLU_Emb_25	NLU_Emb_Trans	NLU_Tran_Microsoft_Google
1	1	0.369753098942048	0.369753098942048	0.369753098942048	0.369753098942048
2	2	0.4990040502086301	0.5520481470875424	0.5410623505673136	0.49147858871975236
3	3	0.671450385053812	0.6191859355119587	0.6297285166380149	0.6486895009392073
4	4	0.6142150000952902	0.6608843995873092	0.6166621542535182	0.6056472200427561
5	5	0.6027297516210737	0.6828228054424286	0.6327144659144204	0.5891298650239125
6	6	0.6211464149086067	0.6914336493905596	0.6342485266287132	0.6175664795365735
7	7	0.6232910036325742	0.7126002432438164	0.6544320398087041	0.6258880980559544
8	8	0.6052245660000082	0.6906389300228758	0.6452523660259408	0.623279649923069
9	9	0.6301665907575612	0.6850934454686444	0.6424633540719494	0.6337761551988648
10	10	0.6702946958768159	0.6842220261903437	0.6734343544202852	0.6584347298899467
15	15	0.702990864738149	0.7071961379907139	0.701907731166035	0.6957406618343207
20	20	0.721284628687059	0.711905276864302	0.6938430404880858	0.7097645458485438
25	25	0.7445090449019308	0.7552702180023546	0.7039272732072981	0.7214566309538439
30	30	0.755261326801356	0.76233946088198	0.7144493926247952	0.7432124357705211
35	35	0.7759107093220416	0.7815132753735272	0.7151139947356758	0.7610432661715886
40	40	0.7908589680580281	0.7998579661742902	0.7393849182839904	0.7710605303790722
45	45	0.8114830986694223	0.7922149616425993	0.7498892850283719	0.7943429171840242
50	50	0.8101485378257915	0.7946197930143717	0.7454475489573166	0.7989641013916494