\addplot[color=green,mark=*] coordinates {
(1,1)(2,2)(3,3)(4,4)(5,5)(10,10)(15,15)(20,20)(25,25)(30,30)(35,35)(40,40)(45,45)(50,50)(55,55)(60,60)(65,65)(70,70)
};
\addlegendentry{dial}

\addplot[color=green,mark=*] coordinates {
(1,0.3)(2,0.20915359407111173)(3,0.19910779305946893)(4,0.213360971025377)(5,0.3038893534318806)(10,0.29094784675429874)(15,0.31925017751575396)(20,0.28952489934694425)(25,0.3404569376558222)(30,0.376028524741802)(35,0.3773382288936795)(40,0.4049636339204926)(45,0.45986010651387077)(50,0.45186544248197275)(55,0.4480004225936838)(60,0.41570748461091883)(65,0.4271427154793266)(70,0.42031036294299257)
};
\addlegendentry{Natural}

\addplot[color=green,mark=*] coordinates {
(1,0.3)(2,0.20915359407111173)(3,0.23539793796251446)(4,0.3733998033244832)(5,0.43674821961407595)(10,0.35462668171082506)(15,0.3782987289563083)(20,0.4125987303950722)(25,0.4752012948442881)(30,0.4064986249567161)(35,0.40133241536696684)(40,0.41406821569341995)(45,0.4040695976724138)(50,0.4140198464286327)(55,0.40743514513838947)(60,0.39300728444187194)(65,0.3494887659233536)(70,0.39880383441650424)
};
\addlegendentry{Undersampled}

\addplot[color=green,mark=*] coordinates {
(1,0.3)(2,0.20915359407111173)(3,0.19910779305946893)(4,0.213360971025377)(5,0.3038893534318806)(10,0.29094784675429874)(15,0.31925017751575396)(20,0.28952489934694425)(25,0.3404569376558222)(30,0.41030082521128564)(35,0.42595343715808026)(40,0.44895864138339847)(45,0.5226911455796268)(50,0.5203016341271851)(55,0.5162472607848031)(60,0.4763346097010867)(65,0.4988775829656894)(70,0.516808766510165)
};
\addlegendentry{Oversampled}

\addplot[color=green,mark=*] coordinates {
(1,0.45)(2,0.47145502062600037)(3,0.4876365491243104)(4,0.5413937624334303)(5,0.50734733392385)(10,0.615119106941729)(15,0.4935111380933773)(20,0.5177365916727276)(25,0.5064979825313981)(30,0.516535631574311)(35,0.5658018888716393)(40,0.5787363004966459)(45,0.5877731454747825)(50,0.6069390498401203)(55,0.6313500902018443)(60,0.648004217504374)(65,0.6620458918778098)(70,0.680611612020362)
};
\addlegendentry{Biased\_with\_rephrase}

\addplot[color=green,mark=*] coordinates {
(1,0.45)(2,0.4750258007568446)(3,0.44124613551499325)(4,0.41187537177555855)(5,0.5577578504175487)(10,0.46689980136452436)(15,0.4372937389977606)(20,0.47014116670739703)(25,0.4864791287101044)(30,0.5053222278888854)(35,0.5060901807098452)(40,0.526923260548687)(45,0.5560551080109472)(50,0.586255453057264)(55,0.5901412878469356)(60,0.6023948447152571)(65,0.6090683833502317)(70,0.6288785534814332)
};
\addlegendentry{Biased\_no\_rephrase}

