\addplot[color=green,mark=*] coordinates {
(5,5)(10,10)(15,15)(20,20)(25,25)(30,30)(35,35)(40,40)(45,45)(50,50)(55,55)(60,60)
};
\addlegendentry{dial}

\addplot[color=green,mark=*] coordinates {
(5,0.6175083804302481)(10,0.7165279148720368)(15,0.8604087822065822)(20,0.8605181787176669)(25,0.8888640809608725)(30,0.8972044144257096)(35,0.9120223543089288)(40,0.9219901393567004)(45,0.9135858503159763)(50,0.9233911004406282)(55,0.9189993877799091)(60,0.919488522919937)
};
\addlegendentry{Natural}

\addplot[color=green,mark=*] coordinates {
(5,0.6599982803838822)(10,0.6882141033433054)(15,0.70382597761584)(20,0.7267812524026759)(25,0.6421913742180656)(30,0.6225290944860629)(35,0.7296504728262334)(40,0.7403210122055409)(45,0.6752031884694967)(50,0.675473588309464)(55,0.6770142298163009)(60,0.5870419638746572)
};
\addlegendentry{Undersampled}

\addplot[color=green,mark=*] coordinates {
(5,0.6175083804302481)(10,0.7164992760921571)(15,0.8604087822065822)(20,0.8605759004569324)(25,0.8888640809608725)(30,0.8972044144257096)(35,0.9120223543089288)(40,0.9219901393567004)(45,0.9135858503159763)(50,0.9233465006279837)(55,0.9189993877799091)(60,0.9194550730604537)
};
\addlegendentry{Oversampled}

\addplot[color=green,mark=*] coordinates {
(5,0.5065280350852254)(10,0.6177905253880969)(15,0.6947317316623906)(20,0.7342368900038463)(25,0.7624203281130155)(30,0.7698372428531489)(35,0.7695214147824382)(40,0.7684470732493263)(45,0.7704624138848243)(50,0.7726339570870182)(55,0.7771636012387622)(60,0.77224243452056)
};
\addlegendentry{Biased\_with\_rephrase}

\addplot[color=green,mark=*] coordinates {
(5,0.6019060791104022)(10,0.7166014861142945)(15,0.8007730447975547)(20,0.8311168510598419)(25,0.8539842252499423)(30,0.8593021839108549)(35,0.8726485299049647)(40,0.8734163883732926)(45,0.8625117396019384)(50,0.8714232487406144)(55,0.8698011993455013)(60,0.8681662432722327)
};
\addlegendentry{Biased\_no\_rephrase}

\addplot[color=green,mark=*] coordinates {
(5,0.7461092996265368)(10,0.7627556771966089)(15,0.8067259201871192)(20,0.8079104353716563)(25,0.8104323183468126)(30,0.7981181993204829)(35,0.7970706317496914)(40,0.7956197324645002)(45,0.7935805133289447)(50,0.8026133061131386)(55,0.8034476386825162)(60,0.812076624297158)
};
\addlegendentry{Biased\_no\_rephrase\_All\_Lang}

\addplot[color=green,mark=*] coordinates {
(5,0.6634152643784695)(10,0.8026034240667169)(15,0.8578937353588296)(20,0.8708548384704948)(25,0.8729828697556666)(30,0.8705431346993706)(35,0.8767239455052205)(40,0.8799648438278076)(45,0.8801947331153418)(50,0.8803362575472586)(55,0.879025680605653)(60,0.8822711222046202)
};
\addlegendentry{Natural\_All\_Lang}

