size	dial	NLU_Baseline	NLU_Tran_Arabic	NLU_Tran_Chinese	NLU_Tran_French	NLU_Tran_German	NLU_Tran_Hebrew	NLU_Tran_Portuguese	NLU_Tran_Russian	NLU_Tran_Spanish
5	5	0.926679292929293	0.9477574757973365	null	0.9162626262626263	0.911590909090909	0.9180574980574979	0.9181240981240979	0.9260614385614385	0.3210101795057079
6	6	0.8015642702530708	0.7776997581718942	null	0.7774971973661284	0.7452977664989968	0.7848541983126343	0.8546878988298581	0.7655529150946883	0.34127848134557015
7	7	0.7831923317780006	0.7654031729301803	null	0.7708937655466462	0.7206524710590207	0.7764691704552438	0.8175070182401193	0.7537101815003473	0.3559561229212502
8	8	0.7352905637342733	0.7145202119137404	null	0.732275219304056	0.674097682082114	0.7183464124311809	0.8096963695991611	0.7233357416726386	0.41190018255305594
9	9	0.7181631636550376	0.6966142501744648	null	0.7280893657542999	0.6560487606585719	0.711950466610394	0.7626630394936946	0.7197385360059638	0.4249643676063046
10	10	0.6742258219753335	0.6446049331397735	null	0.6698679262494664	0.6122213440733425	0.6855758029039056	0.7142245081676084	0.6923034290755868	0.41973738938496313
11	11	0.6817152522899498	0.6563083339528543	null	0.6809325703217087	0.6209937159578247	0.7126328866907172	0.7258779348314446	0.7166586481140597	0.41494077678717883
12	12	0.6492654672556752	0.6682729413828745	null	0.6835908442651645	0.6148755928788242	0.6431077742296226	0.7165830314721162	0.6645407157452266	0.4285310714929584
13	13	0.6630120763094186	0.6717457072243478	null	0.692949003701199	0.6348820263328758	0.6473863588279406	0.7280551362901553	0.6843501420498299	0.445396911194005
14	14	0.6562953570544086	0.6597639510096176	null	0.6981802701501166	0.6336647005811249	0.652247363692912	0.7164041396500537	0.6736651025297079	0.45920063967658453
15	15	0.6528459624600625	0.6647216615504424	null	0.693541985863362	0.6439302878755152	0.6776554388947779	0.7110238990019431	0.6733616204007	0.4538881386793916
20	20	0.6627400824339177	0.6850560945787489	null	0.715700951758155	0.6447104272485916	0.6831779336966268	0.7153165974800829	0.6578027848235215	0.5443938218456356
25	25	0.6552013352057624	0.698938395985057	null	0.6510178532164811	0.6257521709648365	0.6320518142248914	0.7012281229044334	0.6254380126762402	0.5912292199255917
30	30	0.6415843091895631	0.6710834331750417	null	0.6399696917918407	0.6373172208515506	0.6474198460886023	0.6714423699044398	0.6294161004885565	0.6022994234702217
35	35	0.6229065504928059	0.6311161530647544	null	0.6292492243622787	0.6097549005951544	0.5956981690897012	0.6471557362749185	0.6270893450204966	0.634236098937115