size	dial	DS_comp_unigrams_async	DS_comp_unigrams_async_biased
1	12.2	0.6521275726018437	0.7381438015753427
2	23.8	0.6863549980892507	0.6655159328567889
3	39.8	0.7078551323120104	0.6335773781682781
4	55.8	0.7172831550033002	0.7084110663754373
5	63	0.7401414508475657	0.7020305777971374
6	71.6	0.7416421307734453	0.7106502592889246
7	76.6	0.7440739876101607	0.7129951654941393
8	95	0.7500590211003848	0.7366508803364853
9	111.2	0.7424477697481574	0.7356332589482897
10	119.6	0.7551744707231848	0.748384848233693
11	126	0.75924633108325	0.7417877363608818
12	138.6	0.7453469142771384	0.7461135207773056
13	154.8	0.7519320059009807	0.7410808917556917
14	160	0.753447794962677	0.7336632588030602
15	168.6	0.7496426593805351	0.7332178876340146
16	177.8	0.7391820705526709	0.7218983066775252
17	188.2	0.7431902724024713	0.7137518275331695
18	204.4	0.7619152359391287	0.7095624277828658
19	218.6	0.7614530511774121	0.7252447787308169
20	228.2	0.7357022048881551	0.7515651432514134
21	246.6	0.7425849365151037	0.7530935332598098
22	245.4	0.7471932558502609	null