size	dial	NLU_Baseline	NLU_Oversample	NLU_Tran	NLU_Tran_Oversample
5	5	0.3667917190344035	0.3667917190344035	0.5599914468885119	0.3432718529224222
6	6	0.41387569771513216	0.41387569771513216	0.58802451666561	0.3632025487631906
7	7	0.44869285113389373	0.44869285113389373	0.6055734566792876	0.40184382345474445
8	8	0.4786452179099102	0.4786452179099102	0.6090333920566267	0.43990810637375777
9	9	0.5132572552979524	0.5132572552979524	0.6127272774099695	0.4492031314121352
10	10	0.5258229486786619	0.5258229486786619	0.6289218657322084	0.47202787025207343
11	11	0.5544461823193506	0.5544461823193506	0.6488224308607193	0.48733360566684925
12	12	0.5720265489541839	0.571992610707453	0.6572000709963437	0.5071721401871161
13	13	0.5877598993590732	0.5877984940045506	0.6576109746308094	0.5281085904073538
14	14	0.5989347989061836	0.5989615612061268	0.6605902353226454	0.5457318756017381
19	19	0.6393381354624672	0.6393381354624672	0.6753595614712541	0.5886658452095654
24	24	0.6564268399126536	0.6564424774071006	0.6896732391942682	0.6310005973204629
29	29	0.6618760251609204	0.6619327232024139	0.6984512935360007	0.6404988073101492
34	34	0.6757208038741479	0.6757267159364442	0.7140221020091745	0.6752698949507674