size	dial	Natural	Biased_with_rephrase	Biased_no_rephrase	Biased_no_rephrase_Hungarian	Natural_Hungarian
5	5	0.744933220391194	0.708211921299299	0.7975897954526081	0.7888281870381862	0.7594360547713748
10	10	0.9267595468086779	0.839747896117535	0.8411624397360491	0.8679981012094099	0.9527372895264975
15	15	0.9674244447789913	0.8760930503770027	0.8847505151238547	0.8794464164520405	0.9761220409605014
20	20	0.967449633035939	0.8933984173204521	0.9017424864474677	0.8823231827587535	0.9685915367577275
25	25	0.9672831483571145	0.9003693272891035	0.9015570678645508	0.8908905147955116	0.9684841440041894
30	30	0.9660417419988423	0.9026301775367837	0.9020455160622142	0.8946322291772734	0.9719874763716188
35	35	0.9671151804999422	0.902555021247801	0.9032567350179999	0.8974873501570496	0.9769330666254119
40	40	0.9768404453625734	0.8920515349260986	0.9029586096393477	0.8897873456567131	0.9782153440964497
45	45	0.9707382825886799	0.8922111226569729	0.910743441036833	0.894205503797779	0.9692536158747561
50	50	0.9704963827703158	0.9025922752432318	0.9062656125466749	0.8992128383274571	0.9691287767499166
55	55	0.9741395060088412	0.9055713573889758	0.9079741765663474	0.8932805878492001	0.9751196145079372
60	60	0.9753309598756316	0.9029751287666593	0.9040698185519593	0.8943651207266089	0.9738880644101924
65	65	0.9653184061640594	0.9097076113701522	0.9026174354590597	0.8900513931267602	0.9671242171509189
70	70	0.9642443274710368	null	0.9075893482309811	0.8949738263683688	0.964661411134811
75	75	0.9628976287273852	null	null	0.8923842231672122	0.9634985659006895
80	80	null	null	null	null	null
85	85	null	null	null	null	null
90	90	null	null	null	null	null
95	95	null	null	null	null	null
100	100	null	null	null	null	null