\addplot[color=green,mark=*] coordinates {
(5,5)(10,10)(15,15)(20,20)(25,25)(30,30)(35,35)(40,40)(45,45)(50,50)(55,55)(60,60)
};
\addlegendentry{dial}

\addplot[color=green,mark=*] coordinates {
(5,0.4933472389832922)(10,0.528658529018992)(15,0.5619564189049459)(20,0.5749033454621151)(25,0.5953962066950936)(30,0.5992610886644466)(35,0.6056442108021229)(40,0.6025053403501206)(45,0.6057187182926687)(50,0.6144409409448226)(55,0.6142921232471392)(60,0.6205280853019998)
};
\addlegendentry{Natural}

\addplot[color=green,mark=*] coordinates {
(5,0.42704647857116057)(10,0.3848192430860129)(15,0.3547890715275309)(20,0.31817242121501643)(25,0.3052612594266023)(30,0.3212852136279698)(35,0.3459778590566638)(40,0.3323555390510779)(45,0.35787736181970853)(50,0.36470319714015026)(55,0.3700585965372988)(60,0.36899367182047166)
};
\addlegendentry{Undersampled}

\addplot[color=green,mark=*] coordinates {
(5,0.49340104581676003)(10,0.528658529018992)(15,0.5619564189049459)(20,0.5748773444220736)(25,0.5953962066950936)(30,0.5992601995407161)(35,0.6056442108021229)(40,0.6025313820167872)(45,0.6057187182926687)(50,0.6144409409448226)(55,0.6143184737082723)(60,0.6205280853019998)
};
\addlegendentry{Oversampled}

\addplot[color=green,mark=*] coordinates {
(5,0.2358932056299451)(10,0.26942754161360916)(15,0.2872795025334796)(20,0.3063019184102632)(25,0.3293977247486815)(30,0.3436427082977094)(35,0.33901236795484113)(40,0.3475262850144512)(45,0.36293669551986596)(50,0.3612096301959842)(55,0.3595634079651784)(60,0.36228635183170554)
};
\addlegendentry{Biased\_with\_rephrase}

\addplot[color=green,mark=*] coordinates {
(5,0.3688887590253984)(10,0.40163831222182217)(15,0.42402882717102214)(20,0.4473371905366607)(25,0.4746300030199159)(30,0.4969142985227302)(35,0.5018893549295022)(40,0.5245505475342109)(45,0.5302619525374558)(50,0.5324722572595892)(55,0.5451975646192473)(60,0.5461859039726036)
};
\addlegendentry{Biased\_no\_rephrase}

\addplot[color=green,mark=*] coordinates {
(5,0.4206769522428342)(10,0.44672264245255616)(15,0.45621571295273033)(20,0.45955869372345126)(25,0.47020217970544637)(30,0.47949498193252965)(35,0.47026993312044607)(40,0.47045152506230414)(45,0.46887100078820426)(50,0.48303251141400083)(55,0.48617145513934396)(60,0.49884897255396327)
};
\addlegendentry{Biased\_no\_rephrase\_All\_Lang}

\addplot[color=green,mark=*] coordinates {
(5,0.487072610318818)(10,0.532803607317437)(15,0.5685260951538518)(20,0.5876782495474427)(25,0.5945428855733436)(30,0.6038115631350665)(35,0.6097087710416903)(40,0.6084725153411287)(45,0.6127370717311657)(50,0.615581146322085)(55,0.6178092765767526)(60,0.6208203638350481)
};
\addlegendentry{Natural\_All\_Lang}

