\addplot[color=green,mark=*] coordinates {
(5,5)(10,10)(15,15)(20,20)(25,25)(30,30)(35,35)(40,40)(45,45)(50,50)(55,55)(60,60)(65,65)(70,70)(75,75)(80,80)(85,85)(90,90)(95,95)(100,100)
};
\addlegendentry{dial}

\addplot[color=green,mark=*] coordinates {
(5,0.8625062780626159)(10,0.9139081904670894)(15,0.9276914128235693)(20,0.9511038244399391)(25,0.9595395959497509)(30,0.9643721622627008)(35,0.9680458713935236)(40,0.9667821915029624)(45,0.964299762717733)(50,0.962999959450181)(55,0.9642839678308686)(60,0.9643305243693114)(65,0.9631540779007779)(70,0.9656155698971535)(75,0.9680443002189822)(80,0.9691912458781541)(85,null)(90,null)(95,null)(100,null)
};
\addlegendentry{Natural}

\addplot[color=green,mark=*] coordinates {
(5,0.7259516067832097)(10,0.8136298480258172)(15,0.8676906802621365)(20,0.8829090393347139)(25,0.8873159590010818)(30,0.8863189166987714)(35,0.8942383777123076)(40,0.8909703206766089)(45,0.8964143640576286)(50,0.899860650458854)(55,0.9028831388251275)(60,0.9005585855800983)(65,0.9016759533520222)(70,0.9017350723775094)(75,0.903209534490043)(80,null)(85,null)(90,null)(95,null)(100,null)
};
\addlegendentry{Biased\_with\_rephrase}

\addplot[color=green,mark=*] coordinates {
(5,0.7289372416891566)(10,0.8403446852950859)(15,0.8902447720038964)(20,0.9022335438940919)(25,0.9017373486793874)(30,0.9067072284775807)(35,0.9081331065905889)(40,0.9152890731485575)(45,0.9183901727875496)(50,0.9177445471355936)(55,0.916573785005947)(60,0.9129489163326372)(65,0.9126222535176551)(70,0.908186572915132)(75,0.9123513096184458)(80,0.9132640144249641)(85,null)(90,null)(95,null)(100,null)
};
\addlegendentry{Biased\_no\_rephrase}

\addplot[color=green,mark=*] coordinates {
(5,0.8184323741588753)(10,0.8534848893693382)(15,0.8683850630957595)(20,0.8920897981710355)(25,0.9007881385765988)(30,0.9033301319496286)(35,0.9014300800983578)(40,0.9030729475673422)(45,0.9102831996822376)(50,0.9056527918809149)(55,0.9054732428540936)(60,0.9059657695833847)(65,0.8977483178644128)(70,0.8978447097044352)(75,0.8957609610318541)(80,0.8978463240124376)(85,0.9002156390685603)(90,0.89739410223758)(95,null)(100,null)
};
\addlegendentry{Biased\_no\_rephrase\_Hungarian}

\addplot[color=green,mark=*] coordinates {
(5,0.8776721125851717)(10,0.9276404043951993)(15,0.9397017384078852)(20,0.9396440317809309)(25,0.9511227110541867)(30,0.9558831237709238)(35,0.954614539528701)(40,0.9596381927975206)(45,0.961955349265397)(50,0.953648713091393)(55,0.9583687487569569)(60,0.9619566101076135)(65,0.9643273722258539)(70,0.9643273722258539)(75,0.9557682303124703)(80,0.9557101329994712)(85,null)(90,null)(95,null)(100,null)
};
\addlegendentry{Natural\_Hungarian}

