size	dial	DS_Component_wise	DS_Composite_wise
1	16.4	null	null
2	33.3	0.2245423785469552	0.2504004329004329
3	45.2	0.2866441728206434	0.35023809523809524
4	50.8	0.2852957826487238	0.33666666666666667
5	61.6	0.29384686735692933	0.3671428571428571
6	78.7	0.2967887667887668	0.37384004884004884
7	86.1	0.31329112064406184	0.396046176046176
8	94.5	0.3171173271173271	0.45522727272727276
9	107.6	0.3637104123946229	0.3250793650793651
10	118	0.36832958707958696	0.3425234487734488
15	170.6	0.35446679911076184	0.49492063492063487
20	236.4	0.39916666666666667	0.76
30	394.2	0.5164879564879565	0.6746031746031745
40	541.8	0.5274877899877899	0.6802380952380951
50	683.8	0.6495238095238095	0.6857142857142856
60	835.8	0.7138888888888889	0.6990476190476189
70	960.7	0.6511904761904762	0.7071428571428571
80	1129.3	0.6725	0.6980952380952381
90	1268.1	0.6144169719169719	0.7059523809523809