size	dial	Natural	NLU_Emb_25	NLU_Emb_50	NLU_Emb_Trans	NLU_Tran_All
1	1	0.25	0.25	0.25	0.25	0.25
2	2	0.25866168318862465	0.341141121790659	0.33592193110571045	0.3489404001466637	0.3180276203776765
3	3	0.29969826174127967	0.4221149798932863	0.4117131038950532	0.3940796665268621	0.34601932417963177
4	4	0.3386118242908093	0.4000017821380853	0.3970665135974446	0.39992158548454243	0.377652469135316
5	5	0.3351302525573839	0.3896591355140651	0.3902898315068538	0.40951097432115036	0.3787103846300376
6	6	0.3253673467394129	0.38883908677770346	0.3906822367223808	0.40047062947480255	0.3773281576980309
7	7	0.30248460243628233	0.3812334379950541	0.37956067487600587	0.41100539672679365	0.3762095977359668
8	8	0.30466100276411545	0.3776078244296815	0.376322516632435	0.40871728533553037	0.3774268597831891
9	9	0.32584193817438106	0.379065979078353	0.3762417174448334	0.3964966487922844	0.3965401836404796
10	10	0.33417380454147316	0.38484872339882203	0.38878373814040923	0.4059751635388449	0.401634800254682
15	15	0.35480794604399735	0.3744890154077695	0.3785946838013948	0.4425203188362622	0.4507790773769697
20	20	0.3888150430426608	0.39987477373024505	0.39623609784795777	0.4621819968272377	0.4617428106035545
25	25	0.40734228506423403	0.43213657142801754	0.42825630999030145	0.48195431869432037	0.47014798768776334
30	30	0.413844990146512	0.4275265151232014	0.42899208775038344	0.48883166195021815	0.4907036183406965
35	35	0.4385282773032581	0.43278307525069304	0.42946942387275433	0.5104336333857498	0.5210019608219688
40	40	0.46378710291523345	0.4466180712603185	0.4504856232246378	0.521770697180596	0.5260593349762924
45	45	0.4792526391164256	0.47097536344804203	0.4714009006724328	0.5421204898708798	0.5383041445408
50	50	0.48459214873534845	0.474733771582978	0.4728205171479208	0.5451768699735203	0.5386549226298141