size	dial	DS_comp_unigrams_async	DS_comp_unigrams_async_biased
10	10	0.4197921525426941	0.5232964802230281
20	20	0.43383163138755493	0.5443762870284237
30	30	0.4335846343048842	0.5709183950767701
40	40	0.46191817581945627	0.582795689245956
50	50	0.4666619357068523	0.5334902582342886
60	60	0.5013737517238306	0.5455965399510282
70	70	0.5221172138769349	0.5329260427112988
80	80	0.5072938565454221	0.524810369145525
90	90	0.5271255817323783	0.5287226299833748
100	100	0.5450107512182443	0.5377226535776715
110	110	0.5245138282062852	0.5348959180237018
120	120	0.5466856947629294	0.5354155776018465
130	130	0.5429746405009885	0.5262941654460731
140	140	0.5412557152668753	0.5084897361299443
150	150	0.5457560901988526	0.5092677547752817
160	160	0.5437920961317321	0.5169947644393877
170	170	0.5295250365714561	0.5081550642664798
180	180	0.5286674807467525	0.5156092889368384
190	190	null	0.5210627636007872
194	194	null	0.5241495512973835
200	200	0.5239080109262961	null