size	dial	Natural	NLU_Tran_Yandex_Google	NLU_Tran_Yandex_Microsoft	NLU_Tran_Microsoft_Yandex	NLU_Tran_Microsoft_Google	NLU_Tran_Google_Yandex	NLU_Tran_Google_Microsoft
1	1	0.00475514549325763	0.00475514549325763	0.00475514549325763	0.00475514549325763	0.00475514549325763	0.00475514549325763	0.00475514549325763
2	2	0.012121212121212121	0.0046681254558716264	0.005733722060252673	0.004688644688644689	0.00475514549325763	0.00475514549325763	0.00475514549325763
3	3	0.01843137254901961	0.016981783269222322	0.014723611645504684	0.011744149105157259	0.012208843268851164	0.00998425468584863	0.014312007011393516
4	4	0.025840726222405613	0.026741573033707867	0.024210047738122298	0.023323036187113858	0.023711340206185566	0.03328457544064946	0.03468489706113469
5	5	0.03347593582887701	0.023864147548358076	0.03014218580551874	0.02484126984126984	0.019279907084785133	0.02896089066514416	0.028247549019607843
6	6	0.02192807192807193	0.02495151906916613	0.03804565844932034	0.033222049689440994	0.023779630429246797	0.036535458430426895	0.04374223602484472
7	7	0.02074898785425101	0.02361111111111111	0.03576058281940635	0.034879249963519626	0.022857299490159532	0.03670465337132004	0.040863648458585165
8	8	0.03495310057321522	0.023158781197366408	0.034878787878787884	0.03069503319857595	0.020974816144595516	0.041872614024512755	0.03881204794517488
9	9	0.025742574257425745	0.011784511784511785	0.03044090056285178	0.027547524314765693	0.01720682302771855	0.03176303562209602	0.03498268564832628
10	10	0.025742574257425745	0.011971830985915493	0.03156010656010656	0.027203647416413373	0.01631578947368421	0.03304998546934031	0.036275066980595926
11	11	0.025742574257425745	0.012639405204460965	0.03068260568260568	0.02560829974623078	0.017714285714285714	0.03406200317965023	0.03665183032064674
16	16	0.08081625541287568	0.08144658885887988	0.08725823332157338	0.0820105461843657	0.08822061829207796	0.09469004079494833	0.08354244893972047
21	21	0.09625179564165559	0.08928884336811231	0.08941367844645175	0.07956890175689837	0.0845171658233627	0.09655288642575462	0.09293433684081844
26	26	0.12860159809510913	0.12304142239876514	0.1246160503629761	0.11630230131229627	0.12375067065757892	0.12716002863693265	0.12269174450967657
31	31	0.13018011848611338	0.12190857183668691	0.1304053684536653	0.12021879006171303	0.12984593318870788	0.12675274050114924	0.1303472187341776