\addplot[color=green,mark=*] coordinates {
(5,5)(10,10)(15,15)(20,20)(25,25)(30,30)(35,35)(40,40)(45,45)(50,50)(55,55)(60,60)
};
\addlegendentry{dial}

\addplot[color=green,mark=*] coordinates {
(5,null)(10,null)(15,null)(20,0.48561637016268866)(25,0.4733141808777428)(30,0.4903481743007863)(35,0.5160033578373746)(40,0.5077580889317485)(45,0.5085457561799904)(50,0.5421180385277358)(55,0.5483255343666785)(60,0.544155801727323)
};
\addlegendentry{Natural}

\addplot[color=green,mark=*] coordinates {
(5,null)(10,null)(15,null)(20,0.42025039576222356)(25,0.41735040649394933)(30,0.4216364983049538)(35,0.44028724857923845)(40,0.4220497228482579)(45,0.43547584189505445)(50,0.4938583017209534)(55,0.50383969704655)(60,0.512836683353696)
};
\addlegendentry{Undersampled}

\addplot[color=green,mark=*] coordinates {
(5,null)(10,null)(15,null)(20,0.48561637016268866)(25,0.4735243552269188)(30,0.4903285654391391)(35,0.5160870428721247)(40,0.5077646485420612)(45,0.5085834467297166)(50,0.5421180385277358)(55,0.548293592198814)(60,0.5442626371600574)
};
\addlegendentry{Oversampled}

\addplot[color=green,mark=*] coordinates {
(5,null)(10,0.3964140031049224)(15,0.4259737084041121)(20,0.449619593500606)(25,0.4715787238040343)(30,0.4888635450199273)(35,0.4935127183708846)(40,0.5011176971886897)(45,0.5075177297720093)(50,0.518784034846878)(55,0.5283671719271538)(60,0.5318782995974763)
};
\addlegendentry{Biased\_with\_rephrase}

\addplot[color=green,mark=*] coordinates {
(5,null)(10,0.41085924104868704)(15,0.4617372629493595)(20,0.4667952792764817)(25,0.49006626908936907)(30,0.5009735059220568)(35,0.5224818553736504)(40,0.5338825272175342)(45,0.5473856060746619)(50,0.5579653507280838)(55,0.5697570879168787)(60,0.5672598851286439)
};
\addlegendentry{Biased\_no\_rephrase}

\addplot[color=green,mark=*] coordinates {
(5,null)(10,0.44168226068965066)(15,0.4777237038099718)(20,0.4906705475764491)(25,0.5146312698970885)(30,0.5344180273797058)(35,0.5484975685276817)(40,0.5681843066735119)(45,0.5696820646951767)(50,0.5693661916173152)(55,0.5737775020530147)(60,0.5720722823107145)
};
\addlegendentry{Biased\_no\_rephrase\_All\_Lang}

\addplot[color=green,mark=*] coordinates {
(5,null)(10,null)(15,null)(20,0.5149122483417985)(25,0.5284226848793375)(30,0.5226008942879219)(35,0.5582057205810361)(40,0.573470009947392)(45,0.5806718109959598)(50,0.6045890645889631)(55,0.6198667395990689)(60,0.6282375015720311)
};
\addlegendentry{Natural\_All\_Lang}

