size	dial	NLU_Biased	NLU_Oversampled	NLU_Unbiased	NLU_Undersampled
10	10	0.3697562961470359	0.3332734339010845	0.3132676087343921	0.2985035017199866
20	20	0.40945070026629493	0.3631440939064038	0.34769045247848085	0.2823541262519734
30	30	0.43680382320335676	0.38711076816573214	0.3744805829165716	0.28530648857283525
40	40	0.4459813684217724	0.39773734510925624	0.38780185299778314	0.2883120746688336
50	50	0.4527192883177772	0.39429782413770276	0.39312601136141534	0.3223996838821036
60	60	0.46444868158420477	0.39455842150956716	0.3985794280214395	0.31289951208280115
64	64	null	0.5108098924260769	0.481855994525485	0.49902268053538335
70	70	0.46421702405906284	null	null	null
78	78	null	0.47884558353617956	0.47772077710518973	0.491424022875773
80	80	0.4743329278924412	null	null	null
87	87	null	0.4271782591124902	0.4450776308553428	0.42046320958530514
88	88	null	0.447460034917071	0.39387822747825196	0.37846729122411543
90	90	0.47754447331719685	null	null	null
91	91	null	0.4068415951698214	0.3718652652453746	0.2236049964624859
100	100	0.4766164317009715	null	null	null