size	dial	NLU_Baseline	NLU_Tran
5	5	0.26657933789306437	0.4481266420759343
6	6	0.32178698938770645	0.4758676424002248
7	7	0.33302137063343773	0.4806621910112767
8	8	0.3605892870514802	0.48521632105096507
9	9	0.3855754914560436	0.49735609708467204
10	10	0.39093198959422715	0.5079390911380935
11	11	0.40467103282091205	0.5166650037352101
12	12	0.4200384480276852	0.5254906686102674
13	13	0.4459310628332774	0.5355992261415484
14	14	0.45827777555872273	0.5426269452383188
19	19	0.496215711668979	0.558169026552044
24	24	0.51393870510607	0.5642899143128716
29	29	0.5321530014627396	0.581144997883013
34	34	0.541898000719504	0.5907555658986807