size	dial	Natural	Balanced	Balanced_Trans_All	NLU_Emb_Trans_Sum_100	NLU_Emb_Trans_Ext_100
5	5	0.1797123226295146	0.17599306995570038	0.21447050001095275	0.1999256531615518	0.2169020022787837
10	10	0.19955975719991373	0.23036053909327003	0.2818545658979792	0.22443556679764115	0.27437477399218285
15	15	0.24197574829718765	0.25998036598440094	0.3169136410477212	0.25391967834709495	0.3220873397751773
20	20	0.26142896898872936	0.2983970104500126	0.34102441648832066	0.2723702010464886	0.33223380005448533
25	25	0.30431519630061504	0.32839847562199104	0.3736570062507606	0.300134805619319	0.351624263725056
30	30	0.3261223785017135	0.35168084015101153	0.3844595291736704	0.31682884514627496	0.3696732065398488
35	35	0.35088370419448006	0.3664874398170094	0.40200189942350595	0.32406652015082643	0.38612536919080537
40	40	0.35877429934274324	0.3824881806308393	0.42300593611837023	0.31816924408237546	0.39823940957746284
45	45	0.3813679892496603	0.4041763735289151	0.44257222304636945	0.32842763999202174	0.41127970096421496
50	50	0.3865589840224058	0.41403332625742095	0.4563046207642223	0.33244854257672607	0.4088478261472189
55	55	0.4003972499311255	0.42613076525228855	0.4705299070676218	0.3275560522960783	0.4257135342753571
60	60	0.3986282170874107	0.4395848258165604	0.4851588184265493	0.32852250168898955	0.4333836222452105