size	dial	Natural	Biased_with_rephrase	Biased_no_rephrase	Biased_no_rephrase_Hungarian	Natural_Hungarian
5	5	0	0.01187480771127424	0.008696153632443953	0.019836704023010868	0
10	10	0.007230965837257139	0.051125405586425934	0.04266831344487983	0.10232345634135533	0.006026146560148705
15	15	0.008552380252718188	0.07778794330868745	0.07930982892412447	0.11696905033451112	0.013116333741090282
20	20	0.03047805987895706	0.10623334339764348	0.12205035920134158	0.13585380130668231	0.056615780294445264
25	25	0.05026338097047003	0.15114481813343467	0.13227156606819077	0.1515825561662366	0.0610263465526716
30	30	0.0696361458876949	0.16134888968658032	0.15752160013175084	0.16834451557925956	0.07905814802416232
35	35	0.10900880625472506	0.16072868281357067	0.17609403613293526	0.1472134047813385	0.10749781641042969
40	40	0.10329490023253542	0.17686406914341002	0.17363176567681343	0.16242625111610562	0.10517396001417795
45	45	0.10481037810720284	0.18453849080920356	0.19550788536352248	0.157398106334825	0.12567845925535778
50	50	0.10595519286138132	0.18870423278383877	0.2082998482605727	0.16371432543194453	0.11146551274441324
55	55	0.10622110464462098	0.18570924148504864	0.20823070404255362	0.17004562371525503	0.09743399765366656
60	60	0.10856620928901703	0.19356338073939694	0.20757998041596246	0.16071901847880418	0.11568959087590747
65	65	0.12044067486207158	0.19760300715771809	0.2192270911479961	0.14399892661742608	0.10649839787265361
70	70	0.11601909504161197	0.19022956195949228	0.21388283661974916	0.13903054880270221	0.12449886769584252
75	75	0.10857578299686083	0.20145868925584168	0.21952921663328698	0.1415295378122965	0.11949718826963572
80	80	0.10586845798037292	null	0.22322205680053758	0.13532921307672058	0.11940752387472711
85	85	null	null	null	0.1473484838814684	null
90	90	null	null	null	0.1522132769167616	null
95	95	null	null	null	null	null
100	100	null	null	null	null	null