\addplot[color=green,mark=*] coordinates {
(10,10)(15,15)(20,20)(25,25)(30,30)(35,35)(40,40)(45,45)(50,50)(55,55)(60,60)(65,65)(70,70)(75,75)
};
\addlegendentry{dial}

\addplot[color=green,mark=*] coordinates {
(10,0.44768475594504253)(15,0.4463558119015926)(20,0.4755688931665673)(25,0.5084494230819124)(30,0.522452233868025)(35,0.5460720982762839)(40,0.5721637057792123)(45,0.5842977074136267)(50,0.5952929090900373)(55,0.6142678387943044)(60,0.626885295885125)(65,0.6381582401839436)(70,0.6476476136156719)(75,0.6550102334905036)
};
\addlegendentry{Natural}

\addplot[color=green,mark=*] coordinates {
(10,0.297994789703677)(15,0.22674082587993638)(20,0.22318849340098168)(25,0.18077882168499967)(30,0.18919001814601472)(35,0.19877864831854036)(40,0.20910556390874746)(45,0.2135743666068925)(50,0.23576504130227888)(55,0.1854924047376359)(60,0.19488782957423725)(65,0.20586442700619778)(70,0.2071534040734915)(75,0.23460808402400232)
};
\addlegendentry{Undersampled}

\addplot[color=green,mark=*] coordinates {
(10,0.44768475594504253)(15,0.4463558119015926)(20,0.47556096295245154)(25,0.5084494230819124)(30,0.5224999286216021)(35,0.5461999212349893)(40,0.5724211907425797)(45,0.5847877552566156)(50,0.5959474373216908)(55,0.6134264049480189)(60,0.6256026436382522)(65,0.6370770514286235)(70,0.6468853240420543)(75,0.6569381640127303)
};
\addlegendentry{Oversampled}

\addplot[color=green,mark=*] coordinates {
(10,0.29452347743472146)(15,0.319153000415433)(20,0.3531436598708387)(25,0.3876284811676852)(30,0.4122646882063268)(35,0.4294898785968781)(40,0.4521380751485815)(45,0.46977852782061275)(50,0.49670067107167426)(55,0.5087943209930944)(60,0.527123502517847)(65,0.5398193985621333)(70,0.5479241400666564)(75,0.5540306824801364)
};
\addlegendentry{Biased\_with\_rephrase}

\addplot[color=green,mark=*] coordinates {
(10,0.3307632877998257)(15,0.3979542786550833)(20,0.439324774082878)(25,0.47081271516848355)(30,0.49509451175507146)(35,0.5107494079920639)(40,0.5312946196846069)(45,0.5427027288845)(50,0.5584782274309881)(55,0.5757020173533726)(60,0.5858003825175213)(65,0.5948658342076433)(70,0.6075558171078024)(75,null)
};
\addlegendentry{Biased\_no\_rephrase}

