size	dial	Natural	Undersampled	Oversampled	Biased_with_rephrase	Biased_no_rephrase
5	5	0.3284168560871187	0.28324425075710413	0.3284168560871187	0.3023928180313376	0.35560522483848334
10	10	0.4355762198982911	0.4110131665659436	0.43554715531187005	0.4646295372552284	0.44616499065109516
15	15	0.48890340202182786	0.4408739588676569	0.48890340202182786	0.5021199755244748	0.5061509636845571
20	20	0.5004192637850537	0.4429396399923769	0.5004192637850537	0.5238143268308413	0.5434613684130915
25	25	0.548082991016295	0.489679736490076	0.548037437533459	0.526858918463669	0.5633757023815789
30	30	0.5767464360388248	0.5061695739120784	0.5668858384060464	0.5608360076846306	0.5873521668384535
35	35	0.6088513675484066	0.5309294690046648	0.5990469142442039	0.5742998041018468	0.6012681560992611
40	40	0.6094160440046709	0.5428482978766528	0.5969104454393783	0.5866494442852391	0.6199207249503246
45	45	0.6205752584520006	0.5606887716594906	0.6107776502885536	0.6039246092021123	0.6370001347339747
50	50	0.6245497603774806	0.5706637923054525	0.6133658421104031	0.6091909157539246	0.6523887607794135
55	55	0.673762844244635	0.5987798396544057	0.6659930813706222	0.6202816193353291	0.6586559298980051
60	60	0.7139565928540392	0.6122873883575131	0.7054098414835347	0.6242696085894324	0.6621564867836709