size	dial	Natural_no_con	Biased_no_rephrase_no_con	Biased_no_rephrase_no_con_trans
5	420.8	0.10626679239840728	0.5849789200712695	0.520768143227629
10	1000	0.20333235110673253	0.4139300234783099	0.5195347127988144
15	1500	0.24169613329544126	0.4454638722444438	0.5503448006462915
20	2000	0.17358264976471496	0.42804297700565613	0.5642865324322386
25	2500	0.20741461628837723	0.4236710909122286	0.5877547370134509
30	3000	0.32926946191496553	0.4606746914327605	0.598112073994988
35	3500	0.3214897553965173	0.4824899021870994	0.5991897881039453
40	4000	0.3093175613496492	0.497860894865645	0.5998564361710954
45	4500	0.3799589608803718	0.5094698296410699	0.6066813433418824
50	5000	0.36276219169293705	0.5236104396004739	0.6155441216543912
55	5500	0.4109008413758248	0.5346735055144624	0.6278033830366263
60	6000	0.40520341379472335	0.5470636315299183	0.6321156459624233