size	dial	DS_comp_unigrams_async	DS_comp_unigrams_async_biased
10	10	0.426403721934268	0.48056468172115074
20	20	0.4286057250090941	0.4999628777080634
30	30	0.43429974709780417	0.5255257246049451
40	40	0.45644233478451524	0.5381056887882392
50	50	0.4590291570041652	0.500443017458726
60	60	0.4889942221210866	0.5079311338900329
70	70	0.5088514506843448	0.5063845039408597
80	80	0.4959081135348004	0.4957357314515927
90	90	0.5047906779545349	0.49554340694151283
100	100	0.5048961459865329	0.5040748218426072
110	110	0.49210774449861994	0.5025543895273838
120	120	0.5029657232710432	0.5036318762161571
130	130	0.5033443906756695	0.48868277793614173
140	140	0.503011103912902	0.476368394804512
150	150	0.5035465897065972	0.4760294777877824
160	160	0.5023347810625252	0.4822077495908818
170	170	0.4933539305750979	0.47100512397331007
180	180	0.4961166771266058	0.48024309335155185
190	190	null	0.48534116822115825
194	194	null	0.4879252003882709
200	200	0.492136259687642	null