size	dial	NLU_Biased	NLU_Oversampled	NLU_Unbiased	NLU_Undersampled
10	10	0.6061277909305057	0.6865377905474155	0.6777660118332519	0.5766834292910661
20	20	0.6307574005648326	0.7129677696357388	0.7076315103573316	0.5312907891453688
30	30	0.6264968206235196	0.7201214307975891	0.7150081024771924	0.5510008726836862
40	40	0.6761921558830097	0.7163174951949655	0.7123332454078037	0.553926933721603
50	50	0.6672591893894921	0.7110220718495638	0.7325594824389134	0.5852593430866319
60	60	0.6885096076376306	0.7195431400187988	0.7406260963169458	0.5752479330704781
64	64	null	0.7610062893081762	0.7591888466413181	0.7561881188118812
70	70	0.7045868139032005	null	null	null
78	78	null	0.7273809523809524	0.7247924080664294	0.7516087516087516
80	80	0.7047474107311704	null	null	null
87	87	null	0.7350996729235071	0.7497967479674796	0.738507519877383
88	88	null	0.7685305591677504	0.7605820105820106	0.6331938633193863
90	90	0.7276630712851799	null	null	null
91	91	null	0.7536231884057971	0.749266862170088	0.4810924369747899
100	100	0.7352570637708118	null	null	null