\addplot[color=green,mark=*] coordinates {
(1,1)(2,2)(3,3)(4,4)(5,5)(10,10)(15,15)(20,20)(25,25)(30,30)(35,35)(40,40)(45,45)(50,50)(55,55)(60,60)
};
\addlegendentry{dial}

\addplot[color=green,mark=*] coordinates {
(1,0.092438274735512)(2,0.1744629673942072)(3,0.24108140111765672)(4,0.2713829669842422)(5,0.28103143406278713)(10,0.3573734618063138)(15,0.44895128773337234)(20,0.43016893687848934)(25,0.47695431018278006)(30,0.5214354223830463)(35,0.5433855702621057)(40,0.5384861013447108)(45,0.5404142264507096)(50,0.5442026627921581)(55,0.5789699157985598)(60,0.6058960970034196)
};
\addlegendentry{Natural}

\addplot[color=green,mark=*] coordinates {
(1,0.06487199532127305)(2,0.17594076089654684)(3,0.2051438962817606)(4,0.24503995659005784)(5,0.28822052672525794)(10,0.37873726243874906)(15,0.4264541583176349)(20,0.45710517673926204)(25,0.4794666460347189)(30,0.4901371244873738)(35,0.5102948456110136)(40,0.5186956452488244)(45,0.5302241347499075)(50,0.5370323198202636)(55,0.5531225831335164)(60,0.5637130894081275)
};
\addlegendentry{Balanced}

\addplot[color=green,mark=*] coordinates {
(1,0.092438274735512)(2,0.1477605188548333)(3,0.21870414180742304)(4,0.23932046971925236)(5,0.2334593845113962)(10,0.324768341253315)(15,0.3823906265920084)(20,0.402876079310502)(25,0.49718945791811237)(30,0.5015465574374114)(35,0.55927899583293)(40,0.5740451383854891)(45,0.5744545699459739)(50,0.5892494338279278)(55,0.5868596236809741)(60,0.5887779287533221)
};
\addlegendentry{Natural\_Hungarian}

\addplot[color=green,mark=*] coordinates {
(1,0.06308094495169518)(2,0.16382836347319354)(3,0.2177033008865819)(4,0.2686600454018313)(5,0.30276064782012496)(10,0.38024119770558074)(15,0.43488626983787854)(20,0.4535017834666361)(25,0.4734762316071417)(30,0.4945201963843548)(35,0.5132952400207876)(40,0.5299199960670914)(45,0.5457747940291502)(50,0.5534755035245058)(55,0.5631640428559658)(60,0.5718756378434215)
};
\addlegendentry{Balanced\_Hungarian}

