\addplot[color=green,mark=*] coordinates {
(5,5)(10,10)(15,15)(20,20)(25,25)(30,30)(35,35)(40,40)(45,45)(50,50)(55,55)(60,60)
};
\addlegendentry{dial}

\addplot[color=green,mark=*] coordinates {
(5,0.6159015004609878)(10,0.7343032802796133)(15,0.7509631665842931)(20,0.7430981863127607)(25,0.7524720301638087)(30,0.7793512935788145)(35,0.7819242453466222)(40,0.7755308836114381)(45,0.7905609144347112)(50,0.7898735698519818)(55,0.7923337756805486)(60,0.8067928342563548)
};
\addlegendentry{Natural}

\addplot[color=green,mark=*] coordinates {
(5,0.542687846540547)(10,0.6544671246464392)(15,0.6851858780088247)(20,0.71005209864346)(25,0.7304676257357827)(30,0.75009375111957)(35,0.7604049531406057)(40,0.7710337976297821)(45,0.7826963713701217)(50,0.7878903525652864)(55,0.7949074282796783)(60,0.8017874020346073)
};
\addlegendentry{Balanced}

