size	dial	NLU_Biased	NLU_Oversampled	NLU_Unbiased	NLU_Undersampled
10	10	0.5609133918663296	0.5435733103564612	0.541077147837888	0.4973129826855506
20	20	0.6189034917099553	0.6048522111343713	0.6072576647233616	0.41356026258367534
30	30	0.6573303781467521	0.637505564125634	0.629272669257897	0.38953437558681
40	40	0.669575656436032	0.6585259019442271	0.6499943088327081	0.40279228055030075
50	50	0.6513038776567748	0.6598942874598432	0.6545800342189818	0.47422942591673556
60	60	0.6585002319745383	0.6601688343943606	0.6575610267449341	0.466943766674577
64	64	null	0.7043073341094296	0.6973224679860303	0.7112922002328289
70	70	0.6734685886921301	null	null	null
78	78	null	0.7254437869822485	0.7230769230769231	0.6911242603550296
80	80	0.6991025013905917	null	null	null
87	87	null	null	0.6985645933014354	0.6423444976076556
88	88	null	0.7017964071856287	0.688622754491018	0.5437125748502994
90	90	0.6956751380647754	null	null	null
91	91	null	0.6225961538461539	0.6141826923076923	0.27524038461538464
94	94	0.7248803827751196	null	null	null
100	100	0.6848803839611206	null	null	null