\addplot[color=green,mark=*] coordinates {
(5,5)(10,10)(15,15)(20,20)(25,25)(30,30)(35,35)(40,40)(45,45)(50,50)(55,55)(60,60)
};
\addlegendentry{dial}

\addplot[color=green,mark=*] coordinates {
(5,0.5313491009804233)(10,0.631632136763826)(15,0.6549451305882045)(20,0.677221868245199)(25,0.7007817210369608)(30,0.6975312496577704)(35,0.6995826903259548)(40,0.7095403435387146)(45,0.7132178283472066)(50,0.7265332487646844)(55,0.7274469364444354)(60,0.7309126873643713)
};
\addlegendentry{Natural}

\addplot[color=green,mark=*] coordinates {
(5,0.48360244662143026)(10,0.4949422622087693)(15,0.4724617810354505)(20,0.46038527581993793)(25,0.4610252343683469)(30,0.4721477462083873)(35,0.5071533309332729)(40,0.49709038515618453)(45,0.49821078512710043)(50,0.5224730319486396)(55,0.5305568065535404)(60,0.5234204017045877)
};
\addlegendentry{Undersampled}

\addplot[color=green,mark=*] coordinates {
(5,0.5313294069579864)(10,0.631632136763826)(15,0.6548988646044794)(20,0.6772023415717631)(25,0.7008926532309108)(30,0.6975311688327498)(35,0.699650840573991)(40,0.7095602222496127)(45,0.71318342634827)(50,0.7195748384375015)(55,0.7209007043951126)(60,0.7244864824381696)
};
\addlegendentry{Oversampled}

\addplot[color=green,mark=*] coordinates {
(5,0.3816460254960637)(10,0.413390872720224)(15,0.4604306237703421)(20,0.48358966015798516)(25,0.5093535117039164)(30,0.5249750108755101)(35,0.5333191837759355)(40,0.5395572021685892)(45,0.545805209255115)(50,0.5507385491979234)(55,0.5522386468517012)(60,0.5537766212573053)
};
\addlegendentry{Biased\_with\_rephrase}

\addplot[color=green,mark=*] coordinates {
(5,0.45781031187903193)(10,0.5111482945067978)(15,0.5419525286866949)(20,0.5747308692395479)(25,0.5710058494955487)(30,0.6116475300635609)(35,0.626512474044566)(40,0.6339542711715783)(45,0.6388622973336864)(50,0.6518288235123041)(55,0.6531792535435055)(60,0.6601613812712498)
};
\addlegendentry{Biased\_no\_rephrase}

\addplot[color=green,mark=*] coordinates {
(5,0.49144982360838785)(10,0.5246124443871653)(15,0.5668441716967154)(20,0.5872895039598149)(25,0.5880062894067416)(30,0.6027990276041353)(35,0.6090473647436668)(40,0.619158002259649)(45,0.6340659455379511)(50,0.63573569613106)(55,0.6496888206979675)(60,0.6584763720387226)
};
\addlegendentry{Biased\_no\_rephrase\_All\_Lang}

\addplot[color=green,mark=*] coordinates {
(5,0.524387306412378)(10,0.6158494547234832)(15,0.6410864045061644)(20,0.6544591332602112)(25,0.6780644329001947)(30,0.6770651309305102)(35,0.6781982743196074)(40,0.680127825144344)(45,0.6848674249246021)(50,0.6867763847931471)(55,0.699791872938882)(60,0.6995391954788336)
};
\addlegendentry{Natural\_All\_Lang}

