size	dial	Natural	Undersampled	Oversampled	Biased_with_rephrase	Biased_no_rephrase
5	5	0.018333333333333333	0.03666666666666667	0.018333333333333333	0.11306426524136681	0.02707536389417632
10	10	0.03666666666666667	0.05	0.03666666666666667	0.13519261438645586	0.07674783039399148
15	15	0.05934782608695653	0.060362318840579736	0.05934782608695653	0.15862578299149455	0.09517343674935475
20	20	0.13148272017837234	0.10031772575250834	0.13148272017837234	0.1736634250266396	0.13244442437889553
25	25	0.16580519289960344	0.18846939438499283	0.16580519289960344	0.1870728125915374	0.15122518576779304
30	30	0.16752933083063795	0.14741346553158954	0.16752933083063795	0.21869924145779354	0.16394880686107963
35	35	0.1678749272631909	0.1674134655315896	0.1678749272631909	0.25579501949871164	0.1876488648313722
40	40	0.16642565190087205	0.1724134655315896	0.16642565190087205	0.27643278320856074	0.21271244340941525
45	45	0.1733700963453165	0.18908013219825612	0.1733700963453165	0.2926458146294442	0.23158406748877527
50	50	0.17620653526871202	0.18908013219825612	0.17620653526871202	0.3071742456687871	0.25014146987410174
55	55	0.2028145407897609	0.2550325131506371	0.2028145407897609	0.32279892354034495	0.2805603500099509
60	60	0.20019934197890998	0.2796701943100574	0.20019934197890998	0.34362146186618814	0.29608281784918816