\addplot[color=green,mark=*] coordinates {
(5,5)(10,10)(15,15)(20,20)(25,25)(30,30)(35,35)(40,40)(45,45)(50,50)(55,55)(60,60)(65,65)(70,70)(75,75)(80,80)(85,85)(90,90)(95,95)(100,100)
};
\addlegendentry{dial}

\addplot[color=green,mark=*] coordinates {
(5,0)(10,0.007230965837257139)(15,0.008552380252718188)(20,0.03047805987895706)(25,0.05026338097047003)(30,0.0696361458876949)(35,0.10900880625472506)(40,0.10329490023253542)(45,0.10481037810720284)(50,0.10595519286138132)(55,0.10622110464462098)(60,0.10856620928901703)(65,0.12044067486207158)(70,0.11601909504161197)(75,0.10857578299686083)(80,0.10586845798037292)(85,null)(90,null)(95,null)(100,null)
};
\addlegendentry{Natural}

\addplot[color=green,mark=*] coordinates {
(5,0.01187480771127424)(10,0.051125405586425934)(15,0.07778794330868745)(20,0.10623334339764348)(25,0.15114481813343467)(30,0.16134888968658032)(35,0.16072868281357067)(40,0.17686406914341002)(45,0.18453849080920356)(50,0.18870423278383877)(55,0.18570924148504864)(60,0.19356338073939694)(65,0.19760300715771809)(70,0.19022956195949228)(75,0.20145868925584168)(80,null)(85,null)(90,null)(95,null)(100,null)
};
\addlegendentry{Biased\_with\_rephrase}

\addplot[color=green,mark=*] coordinates {
(5,0.008696153632443953)(10,0.04266831344487983)(15,0.07930982892412447)(20,0.12205035920134158)(25,0.13227156606819077)(30,0.15752160013175084)(35,0.17609403613293526)(40,0.17363176567681343)(45,0.19550788536352248)(50,0.2082998482605727)(55,0.20823070404255362)(60,0.20757998041596246)(65,0.2192270911479961)(70,0.21388283661974916)(75,0.21952921663328698)(80,0.22322205680053758)(85,null)(90,null)(95,null)(100,null)
};
\addlegendentry{Biased\_no\_rephrase}

\addplot[color=green,mark=*] coordinates {
(5,0.019836704023010868)(10,0.10232345634135533)(15,0.11696905033451112)(20,0.13585380130668231)(25,0.1515825561662366)(30,0.16834451557925956)(35,0.1472134047813385)(40,0.16242625111610562)(45,0.157398106334825)(50,0.16371432543194453)(55,0.17004562371525503)(60,0.16071901847880418)(65,0.14399892661742608)(70,0.13903054880270221)(75,0.1415295378122965)(80,0.13532921307672058)(85,0.1473484838814684)(90,0.1522132769167616)(95,null)(100,null)
};
\addlegendentry{Biased\_no\_rephrase\_Hungarian}

\addplot[color=green,mark=*] coordinates {
(5,0)(10,0.006026146560148705)(15,0.013116333741090282)(20,0.056615780294445264)(25,0.0610263465526716)(30,0.07905814802416232)(35,0.10749781641042969)(40,0.10517396001417795)(45,0.12567845925535778)(50,0.11146551274441324)(55,0.09743399765366656)(60,0.11568959087590747)(65,0.10649839787265361)(70,0.12449886769584252)(75,0.11949718826963572)(80,0.11940752387472711)(85,null)(90,null)(95,null)(100,null)
};
\addlegendentry{Natural\_Hungarian}

