\addplot[color=green,mark=*] coordinates {
(10,10)(20,20)(30,30)(40,40)(50,50)(60,60)(70,70)(80,80)(90,90)(100,100)(110,110)(120,120)
};
\addlegendentry{dial}

\addplot[color=green,mark=*] coordinates {
(10,0.060565936795445)(20,0.07666991478466886)(30,0.08458016649532386)(40,0.09637188377900965)(50,0.16761109102474359)(60,0.2144420091611907)(70,0.2630285140086305)(80,0.2997431875026232)(90,0.3095767238838118)(100,0.3298005492137877)(110,0.36627995847730377)(120,null)
};
\addlegendentry{Natural}

\addplot[color=green,mark=*] coordinates {
(10,0.13912568306010933)(20,0.08535977683518668)(30,0.11986413336575284)(40,0.1828863765795283)(50,0.31564265102542133)(60,0.35589688831355704)(70,0.4348174838470558)(80,0.4674668929398763)(90,0.5021768551088551)(100,0.529052165590723)(110,0.5731578029375383)(120,null)
};
\addlegendentry{Undersampled}

\addplot[color=green,mark=*] coordinates {
(10,0.060565936795445)(20,0.07666991478466886)(30,0.08458016649532386)(40,0.09637188377900965)(50,0.16761109102474359)(60,0.2144420091611907)(70,0.2630285140086305)(80,0.2997431875026232)(90,0.3095767238838118)(100,0.3298005492137877)(110,0.36627995847730377)(120,null)
};
\addlegendentry{Oversampled}

\addplot[color=green,mark=*] coordinates {
(10,0.10681850911232224)(20,0.14193145438513277)(30,0.1660651823918858)(40,0.2113557502763193)(50,0.22976500731808525)(60,0.26398611739618066)(70,0.2831530832070409)(80,0.3086000984642898)(90,0.34090622548999167)(100,0.35975638706135027)(110,0.3833235493650423)(120,null)
};
\addlegendentry{Biased\_with\_rephrase}

\addplot[color=green,mark=*] coordinates {
(10,0.06960511922260847)(20,0.11172017670707862)(30,0.15154073064486048)(40,0.18498428825226454)(50,0.22508713574837114)(60,0.25926713527713124)(70,0.2886610491471028)(80,null)(90,null)(100,null)(110,null)(120,null)
};
\addlegendentry{Biased\_no\_rephrase}

\addplot[color=green,mark=*] coordinates {
(10,0.16538002980625927)(20,0.1783105965073178)(30,0.18546223931849923)(40,0.19129231259222007)(50,0.25053976182377946)(60,0.2802614243420522)(70,0.31642812788211305)(80,0.34482570517239347)(90,0.36984739923270943)(100,0.38191308517729544)(110,0.4297871131262992)(120,null)
};
\addlegendentry{Natural\_All\_Lang}

\addplot[color=green,mark=*] coordinates {
(10,0.1400935009426677)(20,0.20271396485376594)(30,0.2407368402520817)(40,0.32015322548326436)(50,0.35338772255374773)(60,0.3805920777788982)(70,null)(80,null)(90,null)(100,null)(110,null)(120,null)
};
\addlegendentry{Biased\_no\_rephrase\_All\_Lang}

