1
2
3
4
5
6
7
8
9
10
11
12
13
14
15
16
17
18
19
20
21
22
23
24
25
26
27
28
29
30
31
32
33
34
35
36
37
38
39
40
41
42
43
44
45
46
47
48
49
50
51
52
53
54
55
56
57
57
56
31
15
12
12
5
12
15
2
24
12
8
15
2
10
5
38
38
38
31
15
9
13
12
15
9
10
5
13
9
44
12
15
9
2
10
5
12
33
5
1
9
12
15
3
17
7
6
4
12
9
2
10
16
5
12
15
3
9
17
6
12
8
17
2
16
5
12
3
9
10
16
5
12
8
15
2
10
5
12
9
17
2
16
4
12
8
15
3
10
5
24
5
2
5
38
12
5
33
12
8
15
17
2
5
12
15
3
9
17
5
9
12
15
3
9
10
6
9
10
13
21
2
11
4
12
8
2
10
16
5
12
15
9
2
10
5
12
3
17
5
7
3
12
20
9
17
2
16
5
13
24
12
15
9
1
10
5
9
38
2
24
8
38
44
12
33
12
15
9
17
2
5
12
9
4
12
5
12
3
9
10
16
5
2
24
2
24
12
15
3
9
10
5
9
12
9
5
38
38
17
12
3
9
10
16
5
15
5
9
21
5
15
9
15
2
6
7
12
15
3
9
10
6
12
9
10
16
5
28
34
15
3
9
17
5
13
24
2
5
13
12
9
17
16
5
9
17
24
12
15
3
9
10
5
2
24
12
15
9
2
10
6
5
15
17
2
24
5
24
12
15
3
9
10
5
8
15
3
9
17
11
5
38
12
1
10
5
12
8
15
3
10
5
24
24
57
56
31
15, 12
12, 5
57, 12, 15, 2
24
12, 8, 15, 2, 10, 5
38
38, 31
15, 9, 13
12
15, 9, 10, 5, 13
9, 44
12, 15, 9, 2, 10, 5
12, 33
5
1
9
12, 15, 3, 17, 7, 6
4
12, 9, 2, 10, 16, 5
12, 15, 3, 9, 17, 6
12, 8, 17, 2, 16, 5
57, 12, 3, 9, 10, 16, 5
12, 8, 15, 2, 10, 5
12, 9, 17, 2, 16, 4
12, 8, 15, 3, 10, 5
24
5
2
5
38
12, 5, 33
12, 8, 15, 17, 2, 5
57, 12, 15, 3, 9, 17, 5
9, 24
12, 15, 3, 9, 10, 6
9, 10, 13
21, 2, 11, 4
12, 8, 2, 10, 16, 5
12, 15, 9, 2, 10, 5
12, 3, 17, 5, 7
3
12, 20
9, 17, 2, 16, 5, 13
24
12, 15, 9, 1, 10, 5
9
38
2, 24
8
13, 44
12, 33
12, 15, 9, 17, 2, 5
57, 12, 9
57, 4
12, 5
12, 3, 9, 10, 16, 5
2, 24
57, 2, 24
12, 15, 3, 9, 10, 5
9
12, 9, 5
38
38
17
12, 3, 9, 10, 16, 5
15
5
9, 21, 5
15, 9, 24
15, 2, 6, 7
12, 15, 3, 9, 10, 6
12, 9, 10, 16, 5
28, 34
15, 3, 9, 17, 5, 13
24
2
5, 13
12, 9, 17, 16, 5
9, 17, 24
12, 15, 3, 9, 10, 5
2
24
12, 15, 9, 2, 10, 6
5
15, 17
2
24
5, 24
12, 15, 3, 9, 10, 5
8
15, 3, 9, 17, 11, 5
38
12, 1, 10, 5
12, 8, 15, 3, 10, 5
24
24
