size	dial	Natural_Neg_old	Natural_Neg_Svm	Natural_Neg_Decisiontree	Natural_Neg_Randomforest	Natural_Neg_Adaboost
1	1	0.5	0.5	0.5	0.5	0.5
2	2	0.02696629213483146	0.02696629213483146	0.02696629213483146	0.06853932584269663	0.5
3	3	0.905233963874271	0.5239652965438771	0.08553548570615845	0.429384155881098	0.5526240933010952
4	4	0.9766605034845683	0.4887355994879818	0.8840847674583985	0.5078651685393258	0.44470203385009244
5	5	0.9915659223439055	0.5037832456265112	0.867629071255867	0.9974683544303797	0.5361683970985636
6	6	0.9523254160147916	0.9443180201962736	0.867629071255867	0.5613852936993315	0.4807139809415446
7	7	0.975252453420566	0.482264258284739	0.48324562651116487	0.9843976674726213	0.4997013227136965
8	8	0.9955056179775281	0.987355994879818	0.9458682975394681	0.9639027165410325	0.48577727208078514
9	9	0.9866448584838572	0.49871995448727063	0.9597923481723795	0.47946238088465365	0.8840847674583985
10	10	0.9853790356990471	0.011520409614564074	0.08680130849096857	0.0033707865168539327	0.4901720950078225
15	15	0.9321149196415872	0.929583274071967	0.44020765182762056	0.4544303797468354	0.0047788365808562085
20	20	0.9295974967998862	0.45617977528089887	0.9022898591949936	0.9548855070402503	0.45569620253164556
25	25	0.9498222159010099	0.94547006115773	0.9396814108946095	0.9832740719670032	0.899672877257858
30	30	0.9526240933010952	0.9477030294410468	0.8768880671312758	0.9624662210211918	0.8718247759920352
35	35	0.950234675010667	0.9477030294410468	0.9257573602616982	0.9813113355141516	0.8718247759920352
40	40	0.9399658654529939	0.9374342198833736	0.8958754089034278	0.9794766036125728	0.8730905987768454
45	45	0.9377186744417579	0.9351870288721377	0.8303370786516855	0.9766747262124875	0.8694353577016072
50	50	0.9280472194566918	0.9269236239510739	0.9574029298819513	0.9832740719670032	0.867629071255867