\addplot[color=green,mark=*] coordinates {
(10,10)(20,20)(30,30)(40,40)(50,50)(60,60)(70,70)(80,80)(90,90)
};
\addlegendentry{dial}

\addplot[color=green,mark=*] coordinates {
(10,0.13741533792054567)(20,0.1846649042296859)(30,0.23817538035001226)(40,0.29561835769265304)(50,0.372140150844717)(60,0.40461831866957654)(70,0.41180057482280336)(80,0.4208455200127063)(90,0.4302375046049544)
};
\addlegendentry{Unigram\_SVM}

\addplot[color=green,mark=*] coordinates {
(10,0.1845923052047316)(20,0.21991273226850905)(30,0.2448373657974891)(40,0.2607660145340023)(50,0.32149230919067906)(60,0.35361343788600563)(70,0.3714296875896537)(80,0.4052880002450202)(90,0.42194702050483074)
};
\addlegendentry{Unigram+Context\_SVM}

\addplot[color=green,mark=*] coordinates {
(10,0.1678693645894618)(20,0.1971770744214407)(30,0.21758334315846092)(40,0.22610183355547905)(50,0.3016204944178009)(60,0.3328337997225921)(70,0.3397713921557334)(80,0.37040403161574936)(90,0.38157571798096923)
};
\addlegendentry{Unigram+ContextFull\_SVM}

\addplot[color=green,mark=*] coordinates {
(10,0.24798937799244597)(20,0.20598080950073155)(30,0.31157740274735923)(40,0.3437040040330802)(50,0.3873789414345219)(60,0.46317357630849826)(70,0.4576206046341656)(80,0.5132273233597104)(90,0.4392642305781487)
};
\addlegendentry{Unigram\_ADA}

\addplot[color=green,mark=*] coordinates {
(10,0.24714005135362097)(20,0.2052461943996701)(30,0.2870480370995951)(40,0.3334290739987503)(50,0.3841294847196373)(60,0.4127377624491224)(70,0.4248194506684092)(80,0.4928917666563136)(90,0.43003159097176474)
};
\addlegendentry{Unigram+Context\_ADA}

