\addplot[color=green,mark=*] coordinates {
(1,1)(2,2)(3,3)(4,4)(5,5)(6,6)(7,7)(8,8)(9,9)(10,10)
};
\addlegendentry{dial}

\addplot[color=green,mark=*] coordinates {
(1,0.6057508534709111)(2,0.687686720935788)(3,0.6934389429330732)(4,0.7399469021338153)(5,0.7889541021835595)(6,0.8063935855515301)(7,0.8079906985297537)(8,0.7990343292897356)(9,0.7957088919966242)(10,0.8011191924595332)
};
\addlegendentry{Unigram\_SVM}

\addplot[color=green,mark=*] coordinates {
(1,0.7451136990969596)(2,0.9133994578231919)(3,0.8336210370511565)(4,0.8559321541059319)(5,0.882512441205215)(6,0.9069330502365581)(7,0.9139999324777012)(8,0.9144491251129618)(9,0.9065537014186742)(10,0.9063866463903831)
};
\addlegendentry{Unigram+Context\_SVM}

\addplot[color=green,mark=*] coordinates {
(1,0.5908584765125322)(2,0.6970308661673582)(3,0.7130947787213503)(4,0.7950450000258033)(5,0.8521778979189898)(6,0.8398843324194415)(7,0.8359197484995862)(8,0.8161005290920047)(9,0.820467589592545)(10,0.8317328739683963)
};
\addlegendentry{Unigram\_ADA}

\addplot[color=green,mark=*] coordinates {
(1,0.6955677838489817)(2,0.8969066431678435)(3,0.8095238001667792)(4,0.8281527572622365)(5,0.8782723717809333)(6,0.9226161276607321)(7,0.928237152079484)(8,0.9311471313638128)(9,0.9276398313814924)(10,0.9206392494249791)
};
\addlegendentry{Unigram+Context\_ADA}

\addplot[color=green,mark=*] coordinates {
(1,0.6480154773875795)(2,0.7326795023674674)(3,0.7837232790191607)(4,0.8413774785309526)(5,0.8568704602465884)(6,0.8750438289308816)(7,0.89976198761927)(8,0.9001866252422154)(9,0.883829927112951)(10,0.878253591358747)
};
\addlegendentry{Unigram\_RF}

\addplot[color=green,mark=*] coordinates {
(1,0.7113336430491745)(2,0.9345920596961991)(3,0.9226440045470377)(4,0.935958962698248)(5,0.938962518650899)(6,0.9596248698971166)(7,0.9774841027224548)(8,0.9785161872921746)(9,0.9750631088374286)(10,0.9674787892960168)
};
\addlegendentry{Unigram+Context\_RF}

