\addplot[color=green,mark=*] coordinates {
(10,10)(20,20)(30,30)(40,40)(50,50)(60,60)(70,70)(80,80)(90,90)(100,100)(110,110)
};
\addlegendentry{dial}

\addplot[color=green,mark=*] coordinates {
(10,0.9224904483268854)(20,0.9523610908706894)(30,0.9669555256315203)(40,0.9647507923793771)(50,0.9743443932804098)(60,0.9767403711780671)(70,0.9792687198669403)(80,0.973421183872843)(90,0.9734821873805448)(100,0.9745366509533767)(110,0.9722016716777212)
};
\addlegendentry{Unigram+Context\_SVM\_word\_1}

\addplot[color=green,mark=*] coordinates {
(10,0.9670373954349809)(20,0.9715383204682014)(30,0.9741308719401811)(40,0.972728378227355)(50,0.9669996971052036)(60,0.9755869398926966)(70,0.9739196634586478)(80,0.982880030440508)(90,0.9853506725024266)(100,0.9830145633599743)(110,0.9841153375224945)
};
\addlegendentry{Unigram+Context\_SVM\_word\_1\_embed\_300}

\addplot[color=green,mark=*] coordinates {
(10,0.9646130639627506)(20,0.9706320637122415)(30,0.9659651887044467)(40,0.9696930654109657)(50,0.9671363680332193)(60,0.9720166486493549)(70,0.970674145416778)(80,0.981656236235132)(90,0.980484071776852)(100,0.9818044490451591)(110,0.9804504039305708)
};
\addlegendentry{Unigram+Context\_SVM\_word\_1\_embed\_100}

\addplot[color=green,mark=*] coordinates {
(10,0.9611342640319884)(20,0.9620616337247656)(30,0.9562581968261655)(40,0.9537004392890198)(50,0.9563160240707086)(60,0.958437603731179)(70,0.9556411562063343)(80,0.9629047440787746)(90,0.9579951055245577)(100,0.9601765539402333)(110,0.9591798200066017)
};
\addlegendentry{Unigram+Context\_SVM\_word\_1\_embed\_50}

\addplot[color=green,mark=*] coordinates {
(10,0.9488316704420393)(20,0.9585806946779984)(30,0.9394535977021393)(40,0.9434278918007142)(50,0.9349910047174974)(60,0.9385907745165092)(70,0.9565886269159313)(80,0.9501931952124707)(90,0.9528310431392301)(100,0.9516010273167061)(110,0.9492302651984659)
};
\addlegendentry{Unigram+Context\_SVM\_word\_1\_embed\_25}

