\addplot[color=green,mark=*] coordinates {
(5,5)(10,10)(15,15)(20,20)(25,25)(30,30)(35,35)(40,40)(45,45)(50,50)(55,55)(60,60)(65,65)(70,70)(75,75)(80,80)(85,85)(90,90)(95,95)(100,100)(105,105)(110,110)(115,115)(120,120)(125,125)(130,130)(135,135)(140,140)(145,145)(150,150)(155,155)(160,160)
};
\addlegendentry{dial}

\addplot[color=green,mark=*] coordinates {
(5,0.4633405952792347)(10,0.4236245424809292)(15,0.43488135979463205)(20,0.4905371951344546)(25,0.5332173461173542)(30,0.5502718770036662)(35,0.5617163395961484)(40,0.5669150377997921)(45,0.5770971182298464)(50,0.5792367818870419)(55,0.5902486654614678)(60,0.5979429046122556)(65,0.6068481366151466)(70,0.6077478842487108)(75,0.6179298990274196)(80,0.6288159442594082)(85,0.6423658701119642)(90,0.6452154573697536)(95,0.6482473125404153)(100,0.6389297117226662)(105,0.6449768871830112)(110,0.643072577597647)(115,0.6454689437277338)(120,0.6475486573504051)(125,0.6496769004785193)(130,0.6660786925669367)(135,0.6665202153094157)(140,0.6582778349733605)(145,0.6712056319444806)(150,0.6545500287244419)(155,0.6556208668924132)(160,0.6655948553054662)
};
\addlegendentry{Unigram\_SVM}

\addplot[color=green,mark=*] coordinates {
(5,0.57291595078183)(10,0.6406928253919878)(15,0.6297946409625342)(20,0.6514414766370367)(25,0.6546528606479265)(30,0.6686125069346216)(35,0.6741282433479421)(40,0.6837897651773103)(45,0.6913748959649105)(50,0.6901916640833686)(55,0.6996718869151394)(60,0.7079273311630974)(65,0.7116490235271883)(70,0.7121439295771215)(75,0.7236770316429708)(80,0.73191172657314)(85,0.7339434339123047)(90,0.7354229782152162)(95,0.7365856582423238)(100,0.7338062271876384)(105,0.7396411910108013)(110,0.740504555113007)(115,0.747435354989102)(120,0.7493674418040281)(125,0.7498082648698643)(130,0.7473174562550615)(135,0.7517055268836399)(140,0.7538514763653901)(145,0.759495379767543)(150,0.7437163164883229)(155,0.7476413341850849)(160,0.7585914297836233)
};
\addlegendentry{Unigram+Context\_SVM}

\addplot[color=green,mark=*] coordinates {
(5,0.4368877530728833)(10,0.3484800035255042)(15,0.4560399057844725)(20,0.5082113696151619)(25,0.5297717984823418)(30,0.5402657362184766)(35,0.5734472261963043)(40,0.555990596115395)(45,0.5839112781968452)(50,0.5708130267239847)(55,0.5811764305910183)(60,0.6036540696339402)(65,0.5995847120476652)(70,0.615397682032806)(75,0.6280825324612604)(80,0.6413234952016201)(85,0.6484559024607516)(90,0.6504301610223261)(95,0.6537251172256763)(100,0.6574838991131418)(105,0.6646006546125167)(110,0.6573495577024056)(115,0.6672614541226564)(120,0.6594196343553034)(125,0.6651736645656184)(130,0.669384611963469)(135,0.6653304381193372)(140,0.6648079590074824)(145,0.6674478229535119)(150,0.6667573038984846)(155,0.6707789666952608)(160,0.6682789197904071)
};
\addlegendentry{Unigram\_ADA}

\addplot[color=green,mark=*] coordinates {
(5,0.5368309172505351)(10,0.5101546189307893)(15,0.5481757028456589)(20,0.5997746758476259)(25,0.606939113667498)(30,0.6146624710315273)(35,0.644774105667193)(40,0.6546034863698028)(45,0.6529160541282796)(50,0.6450078325453534)(55,0.6655289405333324)(60,0.6867060421830441)(65,0.6900252124845372)(70,0.695014009365942)(75,0.6905902833772264)(80,0.7091093554948259)(85,0.7102185180862878)(90,0.7108269955158655)(95,0.7186356800596572)(100,0.7171181301712664)(105,0.728045566525288)(110,0.7309284518175788)(115,0.736617665170388)(120,0.7278685872650625)(125,0.7293127305298321)(130,0.7402224414900983)(135,0.7315060063629892)(140,0.7401233554373848)(145,0.7371169219364161)(150,0.7353592190542837)(155,0.7297886035931224)(160,0.7053460422710318)
};
\addlegendentry{Unigram+Context\_ADA}

\addplot[color=green,mark=*] coordinates {
(5,0.4568806736441576)(10,0.38009730660521257)(15,0.4027514104674773)(20,0.46743372339057687)(25,0.5529547941500369)(30,0.5533965673058926)(35,0.5806048835503822)(40,0.5791299572587464)(45,0.5983261968656827)(50,0.5946746643306462)(55,0.603652783994217)(60,0.6151862529425236)(65,0.6173660212367684)(70,0.6205339992151332)(75,0.6332145447117143)(80,0.6340378515587466)(85,0.6351598218060939)(90,0.6435561022072016)(95,0.6550430781040417)(100,0.6544909889860042)(105,0.6580693685042401)(110,0.6650013135359736)(115,0.6595594110466796)(120,0.6552195925634663)(125,0.6623664701874366)(130,0.670253519980827)(135,0.6738376856583945)(140,0.6639369384739777)(145,0.6638750431026024)(150,0.6733337173661238)(155,0.6760102380547972)(160,0.6781750924784217)
};
\addlegendentry{Unigram\_RF}

\addplot[color=green,mark=*] coordinates {
(5,0.568630292875489)(10,0.6060048422704498)(15,0.6616734295290798)(20,0.6462674199350117)(25,0.663730990074246)(30,0.6943829168714527)(35,0.6810080924099762)(40,0.6949748290476704)(45,0.6985527241957118)(50,0.7015670347302201)(55,0.7077930330869132)(60,0.7194279946809544)(65,0.7211100165546784)(70,0.7164326639901034)(75,0.7203726850658959)(80,0.7268520667330458)(85,0.7305314402671226)(90,0.7314819908114685)(95,0.7348339098863325)(100,0.730962986065331)(105,0.7349406384664714)(110,0.7381264571537628)(115,0.743423768575046)(120,0.7518169823336548)(125,0.7466359016421285)(130,0.7582595553993499)(135,0.7519167060728171)(140,0.7454843824906885)(145,0.7597109674180027)(150,0.7496678179466323)(155,0.7528448144388992)(160,0.7432885906040269)
};
\addlegendentry{Unigram+Context\_RF}

