size	dial	Unigram+Context_SVM	Unigram_SVM	Unigram+Context_ADA	Unigram_ADA	Unigram+Context_RF	Unigram_RF
10	10	0.8058897847925817	0.6508873908717174	0.7661353312076664	0.5998527083160546	0.7505873250015493	0.6304353494059317
20	20	0.8254217632671512	0.6923621145652225	0.8207743299742315	0.6302290365424165	0.8246395720966178	0.6652030769922337
30	30	0.8373118266206552	0.6771840118631814	0.8454674283472571	0.6555883629219442	0.8324972709012469	0.6500651323034515
40	40	0.8532019542375169	0.7037532037229008	0.8525557750385578	0.6847385343061181	0.8343007676185797	0.6725566089811748
50	50	0.8475724105655689	0.6931006519977633	0.8420909655653418	0.691578963737797	0.8309901099825941	0.6705564836848088
60	60	0.8445944019289282	0.6894794371809381	0.8541688191024714	0.6809957562970451	0.8356466911490458	0.6604579012123698
70	70	0.8490326750226457	0.6961336640581933	0.8476389021856321	0.6846316342782177	0.8378087836313405	0.6682774876490456
80	80	0.8526828028670528	0.6999409983267164	0.8493459808154284	0.6980086918979065	0.8407240164695491	0.6726528588144131
90	90	0.8507556619401081	0.7090815264662831	0.8518316186824603	0.7026577317033139	0.8420757790314133	0.6976348354347888
100	100	0.8513660284899942	0.7175884141392049	0.8517911118260837	0.7262321990930833	0.8425949972383681	0.690709788162293
110	110	0.8535383545504237	0.7174480908353099	0.8524553548424578	0.7195823733544422	0.8385832279303124	0.7013206296262939
120	120	0.8504905490673298	0.7204871045004363	0.8516636394155116	0.7289068382105505	0.8417316916575011	0.7079810693304751
130	130	0.8577261510545704	0.7169054287319859	0.8557870102732668	0.728965393837577	0.8375726659350586	0.708348156155717