\addplot[color=green,mark=*] coordinates {
(1,1)(2,2)(3,3)(4,4)(5,5)(6,6)(7,7)(8,8)(9,9)(10,10)
};
\addlegendentry{dial}

\addplot[color=green,mark=*] coordinates {
(1,0.20441115987610398)(2,0.3296123693604993)(3,0.40746546034578834)(4,0.4396143944598898)(5,0.46258255994524833)(6,0.4936374782755736)(7,0.5445435485105465)(8,0.5617871972794096)(9,0.5722854747796918)(10,0.5782262801618663)
};
\addlegendentry{Unigram\_SVM}

\addplot[color=green,mark=*] coordinates {
(1,0.21397492076921387)(2,0.4693571314006709)(3,0.5476661550791775)(4,0.6359727142961811)(5,0.6487992452358541)(6,0.6629856568868474)(7,0.6628341447388251)(8,0.6794733412112277)(9,0.7038012721986779)(10,0.7119378379953611)
};
\addlegendentry{Unigram+Context\_SVM}

\addplot[color=green,mark=*] coordinates {
(1,0.2073568370671537)(2,0.3141883058414795)(3,0.41870508248890903)(4,0.45962350834051763)(5,0.47018601075445154)(6,0.49115324107023683)(7,0.5484269483843389)(8,0.5640498067223451)(9,0.5908852772322428)(10,0.6272567811120041)
};
\addlegendentry{Unigram\_ADA}

\addplot[color=green,mark=*] coordinates {
(1,0.210040168933743)(2,0.3981709685846416)(3,0.4483001919205748)(4,0.5127742903101092)(5,0.5945992187121454)(6,0.6159168739807407)(7,0.6389718082771206)(8,0.6284245702208155)(9,0.6803870614615866)(10,0.6875722681763377)
};
\addlegendentry{Unigram+Context\_ADA}

\addplot[color=green,mark=*] coordinates {
(1,0.20011384609814606)(2,0.3340715936741148)(3,0.39929225806229757)(4,0.45437338558649526)(5,0.47005637639358805)(6,0.4450157268184848)(7,0.5297198264836256)(8,0.557086395565)(9,0.5764367261337524)(10,0.5892113811870774)
};
\addlegendentry{Unigram\_RF}

\addplot[color=green,mark=*] coordinates {
(1,0.22427988363086845)(2,0.3677148934036473)(3,0.48409467260275096)(4,0.5726602613864842)(5,0.5844479595610971)(6,0.624231090467431)(7,0.6072081020027655)(8,0.6561337213721691)(9,0.6718634521851374)(10,0.6699102850210833)
};
\addlegendentry{Unigram+Context\_RF}

