size	dial	Natural_SVM	Natural_RF	Natural_ADA
5	5	0.03476923076923076	0.01553846153846154	0.03441958041958042
10	10	0.031846153846153843	0.008	0.17271328671328673
15	15	0.0896923076923077	0.03876923076923077	0.12935664335664337
20	20	0.0896923076923077	0.034923076923076925	0.18180419580419582
25	25	0.21665734265734266	0.0498041958041958	0.2401958041958042
30	30	0.237986013986014	0.12093706293706294	0.26606993006993007
35	35	0.245986013986014	0.10454545454545454	0.3199160839160839
40	40	0.22434965034965035	0.07727272727272727	0.2423776223776224
45	45	0.22434965034965035	0.08581818181818182	0.25837762237762235
50	50	0.22434965034965035	0.050153846153846146	0.2383776223776224
55	55	0.21634965034965034	0.07672727272727273	0.2999160839160839
60	60	0.21634965034965034	0.09051748251748253	0.2383776223776224
65	65	0.22034965034965034	0.06503496503496503	0.2383776223776224
70	70	0.22034965034965034	0.0811188811188811	0.2999160839160839
75	75	0.28034965034965037	0.10542657342657344	0.3294773374773375
80	80	0.3688111888111888	0.14043356643356644	0.4105314685314685
85	85	0.36111888111888113	0.1314965034965035	0.4717850297850298
90	90	0.36111888111888113	0.13134265734265735	0.4643776223776223
95	95	0.38211888111888115	0.1542947052947053	0.49678502978502975