size	dial	Unigram+Context_SVM	Unigram_SVM	Unigram+Context_ADA	Unigram_ADA	Unigram+Context_RF	Unigram_RF
10	10	0.6038549902414765	0.49753678315255023	0.5894334217168227	0.5364694583381457	0.60212963676721	0.5009953191635741
20	20	0.6548861855007921	0.5296707149959035	0.6760299109534325	0.5360677889895343	0.635494806120169	0.516730464471268
30	30	0.6828639855352272	0.5628639491741056	0.658356222923038	0.5756226392940794	0.6621697319994745	0.5789059781610576
40	40	0.7009576085878072	0.5783554229325516	0.6751207935673496	0.5916225009530843	0.6771595653954058	0.6107943817876091
50	50	0.7195144870864448	0.6280346749282212	0.6781968134683671	0.6174947131394193	0.6911375069785609	0.6254472894484785
60	60	0.7249243109109488	0.629686143196638	0.7103091914574755	0.6420973411609433	0.6969787452975902	0.6397292970326818
70	70	0.7247374558182396	0.6300442918716789	0.7064962912069318	0.6448893195496133	0.6882798249603794	0.6252765936353558
80	80	0.7320264981631157	0.6519625054344631	0.7112492433539529	0.6683150670010037	0.7036262455628746	0.6351783888819075
90	90	0.7285916288073213	0.6617943328949104	0.7227813254768244	0.6720080507869102	0.7162533637802969	0.6424548417607906
100	100	0.723733667370602	0.6593294024740273	0.7256617880207419	0.6780207271305853	0.7074243375223018	0.6592788678075037
110	110	0.7253260803414798	0.6706398742460893	0.7411479006997572	0.6825164999361184	0.7317546281852587	0.6579280916401419