\addplot[color=green,mark=*] coordinates {
(1,1)(2,2)(3,3)(4,4)(5,5)(6,6)(7,7)(8,8)(9,9)(10,10)
};
\addlegendentry{dial}

\addplot[color=green,mark=*] coordinates {
(1,0.5704962555475409)(2,0.6812595315165968)(3,0.7007913570639946)(4,0.7272987344424348)(5,0.7532086942143005)(6,0.7710673518302145)(7,0.7837782208379873)(8,0.7804728824803383)(9,0.7816830559415031)(10,0.7848832121456475)
};
\addlegendentry{Unigram\_SVM}

\addplot[color=green,mark=*] coordinates {
(1,0.6936055144303445)(2,0.8635825513991812)(3,0.8298029660331926)(4,0.8433019501284456)(5,0.8584096991546242)(6,0.8764073145714644)(7,0.8791806442671047)(8,0.8794779266993336)(9,0.8775853951926825)(10,0.8801661420979944)
};
\addlegendentry{Unigram+Context\_SVM}

\addplot[color=green,mark=*] coordinates {
(1,0.5629363544539654)(2,0.6672339935675236)(3,0.711308710497015)(4,0.7486579520356015)(5,0.7840567336383033)(6,0.782417862699782)(7,0.7872865133566238)(8,0.7791504730243989)(9,0.785038360056339)(10,0.7928810641831012)
};
\addlegendentry{Unigram\_ADA}

\addplot[color=green,mark=*] coordinates {
(1,0.6547439521653278)(2,0.8530352463052393)(3,0.8085088542163306)(4,0.8229277485096833)(5,0.8509845090253616)(6,0.8821816114114341)(7,0.8839627205295975)(8,0.8839122036925797)(9,0.8844290353354248)(10,0.8842480494707521)
};
\addlegendentry{Unigram+Context\_ADA}

\addplot[color=green,mark=*] coordinates {
(1,0.5570689691525204)(2,0.690141377041935)(3,0.7356190134607822)(4,0.761375315573178)(5,0.7716230459929844)(6,0.7850640080079777)(7,0.805056160287724)(8,0.8017272059621365)(9,0.805087496653248)(10,0.8050976397602527)
};
\addlegendentry{Unigram\_RF}

\addplot[color=green,mark=*] coordinates {
(1,0.6263853587712065)(2,0.8496801269585257)(3,0.8662489456928304)(4,0.8803226164251212)(5,0.882087420202786)(6,0.8957387055789962)(7,0.9023749475385578)(8,0.9018558500545988)(9,0.9041169766196988)(10,0.8986756062898678)
};
\addlegendentry{Unigram+Context\_RF}

