size	dial	Unigram_SVM	Unigram+Context_SVM	Unigram_ADA	Unigram+Context_ADA	Unigram_RF	Unigram+Context_RF
5	5	null	null	null	null	null	null
10	10	null	null	null	null	null	null
15	15	0.41665169493045784	0.446920903393635	0.3697200692448465	null	null	null
20	20	0.45598055719267083	0.5178363534948907	null	null	null	0.5086584751472358
25	25	0.4494115216053375	0.48044347140752103	0.5009959628599931	0.5010130308202394	0.5729936362607536	0.5648731797863225
30	30	0.44121552252592566	0.48652039879874964	0.5521416907339881	0.46422142143450673	0.49926120760100023	0.5087729175848462
35	35	0.46963829973625276	0.485358140067128	0.5587258296278893	0.4424514673215228	0.603309328926646	0.4598386037977972
40	40	0.46394469479535444	0.4953996708441005	0.5162378909184524	0.4464075881746231	0.614990146777893	0.5285325702728324
45	45	0.4915096745348773	0.515811664201054	0.4880295732787623	0.437588525174622	0.6178565228157545	0.4899418608561234
50	50	0.5035147108385857	0.532870109544531	0.4930816864797869	0.42861902386745443	0.6589036742924879	0.5310381095478809
55	55	0.5195206717519033	0.5278531604997916	0.5097813388843612	0.43795037117878727	0.6397553614158976	0.5373026907257302
60	60	0.5340354746416767	0.5483665575502814	0.5763649501733402	0.5238577661699473	0.6396215057356679	0.5807369333057149
65	65	0.5477772851188388	0.5494292494906127	0.5687725353324189	0.49173412923707593	0.682330358814693	0.5300782548856147
70	70	0.5515108139459172	0.5492141222345093	0.5715246633989777	0.501601443668738	0.7080785039376696	0.5844559240483964
75	75	0.5745203273613819	0.5717449248026042	0.6410944982320754	0.49334775804936093	0.7278801773903003	0.5253675929810091
80	80	0.6053160846210319	0.5828915027809194	0.6427130524740813	0.5175415114478311	0.7341490933790992	0.5822105813733971
85	85	0.619323028498149	0.5990455950212183	0.6571840525295506	0.5294614273007119	0.747868805685522	0.5863158384381985
90	90	0.6227007445243261	0.6077470355385791	0.6452592617496123	0.5405127461332144	0.7599204757674226	0.5775396928401222
95	95	0.6325927667664517	0.6185420260974659	0.6515564226586547	0.579310606837466	0.7910513662862126	0.58373886019842
100	100	0.5965146822985167	0.618976001165357	0.6406965379611387	0.6325943907312884	0.7451009431065957	0.5937910585644397
105	105	0.5898557393662813	0.6327252604092147	0.6423229878668141	0.6339839069622453	0.7576443795460712	0.6154230307176849
110	110	0.5981036022134086	0.6419199150725168	0.6762966102216459	0.6198767538700374	0.7683703342326299	0.6096329046530008
115	115	0.6136440422214923	0.658172765091853	0.6487501469033122	0.6988868224193104	0.7716474540877045	0.634624907548944
120	120	0.6033664285687371	0.6528819197584134	0.67522044813004	0.6480112308934965	0.7759790915224979	0.6510047947171381
125	125	0.6007684672485167	0.6608696238354085	0.6876934281821673	0.6878661771507952	0.7259780448093653	0.6568443506617838
130	130	0.5759990112877976	0.6318089391154733	0.5983015267175573	0.727994227994228	0.7451388888888889	0.6811846689895471
135	135	0.5714939522719843	0.6502043810921287	0.581880887042943	0.6277218189897793	0.7692601067887109	0.5691957087265926
140	140	0.5647319347319347	0.6479363597463725	0.5627987188962799	0.6496338524286244	0.7275275938189846	0.5775862068965517
145	145	0.5808619091751622	0.6704260651629073	0.6100175814095704	0.6015368766293836	0.6796445196783749	0.6305769230769231
150	150	0.5233045770428948	0.6322538503850385	0.575855811413168	0.6420979567046983	0.7050857728883089	0.5950318861566738
155	155	0.5224764686790003	0.6411608552159563	0.5681288302691181	0.611969111969112	0.7230971128608923	0.625053809728799
160	160	0.54	0.6763285024154589	0.587378640776699	0.5720930232558139	0.6928104575163399	0.6060606060606061