\addplot[color=green,mark=*] coordinates {
(5,5)(10,10)(15,15)(20,20)(25,25)(30,30)(35,35)(40,40)(45,45)(50,50)(55,55)(60,60)(65,65)(70,70)(75,75)(80,80)(85,85)(90,90)(95,95)
};
\addlegendentry{dial}

\addplot[color=green,mark=*] coordinates {
(5,0.3543968531358544)(10,0.38887727142659334)(15,0.42201593844234)(20,0.45831388993727573)(25,0.47113595267932035)(30,0.496354571429481)(35,0.5080081686137291)(40,0.5176064796784342)(45,0.5230923554733777)(50,0.5272064850742113)(55,0.5493808444733773)(60,0.582179030427842)(65,0.5938720290416913)(70,0.5968952640771679)(75,0.6043521621251915)(80,0.6013133907301138)(85,0.5994429920320644)(90,0.6014076125813038)(95,0.6174491616076478)
};
\addlegendentry{Unigram}

\addplot[color=green,mark=*] coordinates {
(5,0.5114354069250109)(10,0.5767722566679502)(15,0.6333591410006949)(20,0.6466848171470734)(25,0.6708304981298026)(30,0.6842702634547668)(35,0.6865180416506428)(40,0.6909159285573407)(45,0.7027907485740229)(50,0.7065261640632142)(55,0.7185786327808372)(60,0.7194785886406555)(65,0.7213113173607637)(70,0.7297520732112883)(75,0.7361868066105496)(80,0.7382515549672427)(85,0.7430948675910644)(90,0.7514707247166842)(95,0.7561618098324879)
};
\addlegendentry{Unigram+Context}

\addplot[color=green,mark=*] coordinates {
(5,0.5788184112012348)(10,0.578309270497438)(15,0.645557221381621)(20,0.6307644182546805)(25,0.6351878257080735)(30,0.6537635484932057)(35,0.6336319478691202)(40,0.6483527443477821)(45,0.6370722295628869)(50,0.6587905169777393)(55,0.6592615988449324)(60,0.6700215524735403)(65,0.6661649469536142)(70,0.651050927115185)(75,0.653397634155306)(80,0.658122043604125)(85,0.6488756018864235)(90,0.6367346222700678)(95,0.641931568838529)
};
\addlegendentry{Context}

