size	dial	Unigram	Unigram_No_Clean
5	5	0.43467961731024785	0.4810457448606124
10	10	0.4665285386081656	0.5201749067305819
15	15	0.5303344097728078	0.5466885089996507
20	20	0.5912551066060346	0.6257718891909206
25	25	0.6263222574300064	0.7039982466066549
30	30	0.612359421287497	0.7040063375087801
35	35	0.621900661859879	0.71466719353394
40	40	0.6240403597218462	0.7221104508745432
45	45	0.6342086502561399	0.7367293006458064
50	50	0.6438532259415242	0.748458241915529
55	55	0.656644530232118	0.7522274422711897
60	60	0.6473866856506744	0.7409212366833414
65	65	0.6577806727734025	0.7483525519952025
70	70	0.6736524297792885	0.7595479043515988
75	75	0.6796171140073464	0.7664490917569358
80	80	0.6722062402625465	0.7632159122000457
85	85	0.677001844167173	0.7614189019059954
90	90	0.682790750593557	0.7710321061740417
95	95	0.6903089292803365	0.7809725884654843