size	dial	Natural_Neg	Natural_Neg_Svm	Natural_Neg_Decisiontree	Natural_Neg_Randomforest	Natural_Neg_Adaboost
1	1	0.40285975385249306	0.40285975385249306	0.40285975385249306	0.40285975385249306	0.40285975385249306
2	2	0.18766988043477154	0.18766988043477154	0.09270187322050104	0.20670344883542852	0.3450991397734924
3	3	0.6641409495306316	0.37541391516669803	0.10544238443214782	0.48559082678153076	0.37818293275146064
4	4	0.6403185618311236	0.6403185618311236	0.37388283087449214	0.6356388225893352	0.38000298415684003
5	5	0.640340490112385	0.5926064776018466	0.6431217544130621	0.30928379963628566	0.5893347979385376
6	6	0.6251120637164459	0.32985672420624534	0.5091465326489111	0.39335909594877216	0.5998638322269702
7	7	0.6323636953335598	0.6323636953335598	0.39733750434480364	0.3118276704630619	0.590941678022405
8	8	0.6743165770666896	0.33206053779710815	0.6052967739191522	0.6579122738068793	0.30824130925665216
9	9	0.6888198403009173	0.3634282322514998	0.39953856594085024	0.31712528785632205	0.39953856594085024
10	10	0.7245707517433199	0.48282804856050465	0.6606033819329489	0.3780141655834682	0.6614445893755474
15	15	0.7166761854367663	0.7166761854367663	0.6963967075861897	0.6911907632210976	0.7007982639696195
20	20	0.696597303722428	0.3989107197393872	0.6765245150686232	0.6657748893714994	0.6803256982848904
25	25	0.7169377086159332	0.7169377086159332	0.6811178539768762	0.7174579965169071	0.6836570307437541
30	30	0.7220007593014427	0.7220007593014427	0.7060967227434356	0.7296816087138668	0.6660205450079688
35	35	0.7315648789463398	0.7315648789463398	0.7048923586607652	0.7316205215756135	0.6644844401225023
40	40	0.7265150171080977	0.7265150171080977	0.7002768083084825	0.726065720363132	0.7104550458303379
45	45	0.7402916504765605	0.7402916504765605	0.7104927503610752	0.7347197431781701	0.6953950330034996
50	50	0.7008414880346079	0.7008414880346079	0.6798938959505665	0.7242220948838819	0.6744260312834266