size	dial	Natural_Neg	Natural_Neg_Svm
1	1	0.37442628948712964	0.37442628948712964
2	2	0.48878205135307223	0.4287918967375105
3	3	0.60012861394343	0.4103925208407406
4	4	0.6234972603156972	0.5525335397843836
5	5	0.5607595545533343	0.47484569283876626
6	6	0.5750256571150933	0.4400113656579772
7	7	0.5653426021228465	0.41273221499506985
8	8	0.5955499119632253	0.5651524935586668
9	9	0.6282996903682054	0.4294145376842021
10	10	0.632871796382596	0.4480944323302195
15	15	0.606322544897137	0.5777079995041079
20	20	0.5944036209381423	0.5745798521094757
25	25	0.6125256215140193	0.6178187811231399
30	30	0.6212828645214371	0.6212828645214371
35	35	0.6282609637221575	0.6282609637221575
40	40	0.642424468142209	0.642424468142209
45	45	0.65731157840016	0.65731157840016
50	50	0.6584095313307771	0.6583297228710803