\addplot[color=green,mark=*] coordinates {
(5,5)(10,10)(15,15)(20,20)(25,25)(30,30)(35,35)(40,40)(45,45)(50,50)(55,55)(60,60)(65,65)(70,70)(75,75)(80,80)(85,85)(90,90)(95,95)
};
\addlegendentry{dial}

\addplot[color=green,mark=*] coordinates {
(5,0.03476923076923076)(10,0.031846153846153843)(15,0.0896923076923077)(20,0.0896923076923077)(25,0.21665734265734266)(30,0.237986013986014)(35,0.245986013986014)(40,0.22434965034965035)(45,0.22434965034965035)(50,0.22434965034965035)(55,0.21634965034965034)(60,0.21634965034965034)(65,0.22034965034965034)(70,0.22034965034965034)(75,0.28034965034965037)(80,0.3688111888111888)(85,0.36111888111888113)(90,0.36111888111888113)(95,0.38211888111888115)
};
\addlegendentry{Unigram}

\addplot[color=green,mark=*] coordinates {
(5,0.09261538461538461)(10,0.06246153846153846)(15,0.1356923076923077)(20,0.11261538461538463)(25,0.23973426573426573)(30,0.23029370629370627)(35,0.23728671328671327)(40,0.24567832167832168)(45,0.24183216783216782)(50,0.237986013986014)(55,0.22629370629370632)(60,0.22244755244755243)(65,0.2146013986013986)(70,0.22215125615125614)(75,0.28215125615125614)(80,0.342990416990417)(85,0.342990416990417)(90,0.34213727013727013)(95,0.3652391682391682)
};
\addlegendentry{Unigram+Context}

\addplot[color=green,mark=*] coordinates {
(5,0.15769230769230771)(10,0.15769230769230771)(15,0.15769230769230771)(20,0.08076923076923077)(25,0.08076923076923077)(30,0.08076923076923077)(35,0.08076923076923077)(40,0.08076923076923077)(45,0)(50,0)(55,0)(60,0)(65,0)(70,0)(75,0)(80,0)(85,0)(90,0)(95,0)
};
\addlegendentry{Context}

