\addplot[color=green,mark=*] coordinates {
(10,10)(20,20)(30,30)(40,40)(50,50)(60,60)(70,70)(80,80)(90,90)
};
\addlegendentry{dial}

\addplot[color=green,mark=*] coordinates {
(10,0.0341316632928475)(20,0.06544956140350877)(30,0.12263246602913118)(40,0.17776642147242921)(50,0.20446966458029364)(60,0.22760378393945838)(70,0.2973150404249084)(80,0.302420077754585)(90,0.33639947764697886)
};
\addlegendentry{Unigram\_SVM}

\addplot[color=green,mark=*] coordinates {
(10,0.08318910256410256)(20,0.11418859649122808)(30,0.1199998572208191)(40,0.16646433173613234)(50,0.2119990166970255)(60,0.2201204446587365)(70,0.29348282920547797)(80,0.2918897457599342)(90,0.3434894256391524)
};
\addlegendentry{Unigram+Context\_SVM}

\addplot[color=green,mark=*] coordinates {
(10,0.04627108636977058)(20,0.07532910072383756)(30,0.11765864617838302)(40,0.21911396903360295)(50,0.2447790566341744)(60,0.2696507218617907)(70,0.3319967629175092)(80,0.335434610525963)(90,0.3543864958875563)
};
\addlegendentry{Unigram\_ADA}

\addplot[color=green,mark=*] coordinates {
(10,0.024972587719298243)(20,0.09871177616243405)(30,0.11427796436020118)(40,0.20347623392388509)(50,0.19719943323106662)(60,0.2560308959609581)(70,0.31029352362806295)(80,0.31340809537444786)(90,0.3192213255880275)
};
\addlegendentry{Unigram+Context\_ADA}

\addplot[color=green,mark=*] coordinates {
(10,0.003508771929824561)(20,0.04280701754385965)(30,0.02278248067721752)(40,0.061913809930712715)(50,0.0888988495136774)(60,0.07766756339497982)(70,0.11883520816726938)(80,0.13776848661164565)(90,0.11511835626465916)
};
\addlegendentry{Unigram\_RF}

\addplot[color=green,mark=*] coordinates {
(10,0)(20,0.04979757085020243)(30,0.05053317844436265)(40,0.06948174065801108)(50,0.07049051489072565)(60,0.09573229727505679)(70,0.10635380524087275)(80,0.09758837809537417)(90,0.07998796902022706)
};
\addlegendentry{Unigram+Context\_RF}

