size	dial	Natural_SVM	Natural_RF	Natural_ADA
5	5	0.3802608326253186	0.33316397621070515	0.33259584560876615
10	10	0.38925852700862806	0.2973135488987495	0.28136754022371047
15	15	0.32027126923152005	0.2998800305881895	0.2926792142757159
20	20	0.28910957103954654	0.24499007637230696	0.31782949487589174
25	25	0.3620222610632973	0.25505499307657004	0.3255256101515512
30	30	0.3338825634993393	0.2739986210896643	0.3740900597885056
35	35	0.35669946138917424	0.2955167972348387	0.37539565787273904
40	40	0.378568868546816	0.33323310171421816	0.4122558164711413
45	45	0.3908193933555789	0.292377187887486	0.44892896308312374
50	50	0.3804659514848898	0.347912795304094	0.42929388862347145
55	55	0.4249260278501089	0.3691753991781478	0.47220576982378637
60	60	0.4777836622059234	0.3737314039018246	0.4830113399325455
65	65	0.4805474688063624	0.38267362922959525	0.48972417958074316
70	70	0.4788069644625737	0.3691560355789193	0.48037862785928176
75	75	0.5060785972764192	0.42006149832255335	0.5321370046704418
80	80	0.5067042040752396	0.4266209983921179	0.5313683063304487
85	85	0.4969258829773679	0.42086273220859044	0.5134003426813233
90	90	0.502830622851067	0.4375807694888299	0.515189875566555
95	95	0.501512767790768	0.4080822772193128	0.5174502799383781