size	dial	Unigram+Context_SVM_word_1	Unigram+Context_SVM_word_1_embed_300	Unigram+Context_SVM_word_1_embed_100	Unigram+Context_SVM_word_1_embed_50	Unigram+Context_SVM_word_1_embed_25
10	10	0.9224904483268854	0.9670373954349809	0.9646130639627506	0.9611342640319884	0.9488316704420393
20	20	0.9523610908706894	0.9715383204682014	0.9706320637122415	0.9620616337247656	0.9585806946779984
30	30	0.9669555256315203	0.9741308719401811	0.9659651887044467	0.9562581968261655	0.9394535977021393
40	40	0.9647507923793771	0.972728378227355	0.9696930654109657	0.9537004392890198	0.9434278918007142
50	50	0.9743443932804098	0.9669996971052036	0.9671363680332193	0.9563160240707086	0.9349910047174974
60	60	0.9767403711780671	0.9755869398926966	0.9720166486493549	0.958437603731179	0.9385907745165092
70	70	0.9792687198669403	0.9739196634586478	0.970674145416778	0.9556411562063343	0.9565886269159313
80	80	0.973421183872843	0.982880030440508	0.981656236235132	0.9629047440787746	0.9501931952124707
90	90	0.9734821873805448	0.9853506725024266	0.980484071776852	0.9579951055245577	0.9528310431392301
100	100	0.9745366509533767	0.9830145633599743	0.9818044490451591	0.9601765539402333	0.9516010273167061
110	110	0.9722016716777212	0.9841153375224945	0.9804504039305708	0.9591798200066017	0.9492302651984659