size	dial	Natural_SVM	Natural_RF	Natural_ADA
5	5	0	0	0
10	10	0.07567567567567568	0.05625	0.07894736842105263
15	15	0.07567567567567568	0.05625	0.07894736842105263
20	20	0.07567567567567568	0.04666666666666667	0.07894736842105263
25	25	0.07222222222222222	0.05161290322580645	0.07894736842105263
30	30	0.14067567567567568	0.09185606060606061	0.1562200956937799
35	35	0.15009428032683847	0.08303030303030304	0.1562200956937799
40	40	0.15009428032683847	0.07892473118279571	0.1562200956937799
45	45	0.15336597307221542	0.041379310344827586	0.1562200956937799
50	50	0.15336597307221542	0.08784313725490196	0.1562200956937799
55	55	0.15336597307221542	0.08911290322580645	0.1665649232799868
60	60	0.15037593984962405	0.05405405405405406	0.18047242288728355
65	65	0.2295564492626916	0.14302404718693285	0.24925549167035235
70	70	0.2761605718842561	0.1792063492063492	0.29300549167035234