size	dial	Unigram+Context_SVM_word_1	Unigram+Context_SVM_word_1_embed_300	Unigram+Context_SVM_word_1_embed_100	Unigram+Context_SVM_word_1_embed_50	Unigram+Context_SVM_word_1_embed_25
10	10	0.016949611551193608	0.007058823529411765	0.011764705882352941	0.011764705882352941	0.0035294117647058825
20	20	0.03151389408960314	0.005827633378932969	0.004871914997282761	0.014645106708174066	0.021987663767375386
30	30	0.0832347780028653	0.02920218419465796	0.023362892094369554	0.023661455722973505	0.027376820873731167
40	40	0.09280850511673278	0.0237928316132825	0.027602848884021647	0.02886753691633532	0.03350811073907489
50	50	0.10026664317937857	0.02442890701181465	0.02949106339855869	0.03205093593200827	0.03660329120321397
60	60	0.11219408163435544	0.02231239986769405	0.030146932214964072	0.029697994755537683	0.041162830731188885
70	70	0.1108714194052983	0.026711305841231603	0.025671531408168875	0.036509879517741886	0.03021633679377439
80	80	0.1090033722735296	0.02925663130141274	0.035283112336562464	0.0402979451061657	0.0274759397704142
90	90	0.11305338470260991	0.034601513076193545	0.04054599939186832	0.05289187145836266	0.03511492134221457
100	100	0.11301150086046548	0.04292617862441685	0.0495738381396364	0.060398483346402784	0.049765383592284475
110	110	0.11929516492850231	0.04760155016023422	0.04881165958934961	0.06054056717336063	0.05132967129290048