\addplot[color=green,mark=*] coordinates {
(10,10)(20,20)(30,30)(40,40)(50,50)(60,60)(70,70)(80,80)(90,90)(100,100)(110,110)(120,120)(130,130)
};
\addlegendentry{dial}

\addplot[color=green,mark=*] coordinates {
(10,0.0489479044261653)(20,0.05058558558558559)(30,0.047125668422631876)(40,0.06758692531739065)(50,0.11628321641028097)(60,0.11879264015690379)(70,0.12289912669756828)(80,0.12742817549521582)(90,0.1278927253616338)(100,0.15224429552379296)(110,0.15477251679961837)(120,0.16273809523809527)(130,0.2702702702702703)
};
\addlegendentry{Unigram+Context\_SVM\_word\_2}

\addplot[color=green,mark=*] coordinates {
(10,0.12598651014313664)(20,0.13152241658217703)(30,0.1471227159728366)(40,0.17562288280736174)(50,0.2718193321303593)(60,0.29810104300601886)(70,0.3142395488821056)(80,0.331548230514352)(90,0.3623792470755155)(100,0.3852095020123899)(110,0.42309140337142803)(120,0.40581516241429694)(130,0.5428571428571428)
};
\addlegendentry{Unigram+Context\_SVM\_word\_1}

\addplot[color=green,mark=*] coordinates {
(10,0.052779122642136335)(20,0.05607622933166849)(30,0.05213545315844401)(40,0.07518580057318744)(50,0.11644057282255475)(60,0.11900403181867714)(70,0.12439109136477558)(80,0.13241426338089912)(90,0.13488606269035647)(100,0.1583883965974715)(110,0.1545980800911951)(120,0.18356246968490605)(130,0.2631578947368421)
};
\addlegendentry{Unigram+Context\_SVM\_lemma\_2}

\addplot[color=green,mark=*] coordinates {
(10,0.11252297839679434)(20,0.1358415777477433)(30,0.14663514983649212)(40,0.19132089081183762)(50,0.28425112694504423)(60,0.31051248403443243)(70,0.31459940209705584)(80,0.3427041098742916)(90,0.3555134037471299)(100,0.39466110952420647)(110,0.4321504018572059)(120,0.4348813888769457)(130,0.5323741007194245)
};
\addlegendentry{Unigram+Context\_SVM\_lemma\_1}

