\addplot[color=green,mark=*] coordinates {
(5,5)(10,10)(15,15)(20,20)(25,25)(30,30)(35,35)(40,40)(45,45)(50,50)(55,55)(60,60)(65,65)(70,70)(75,75)(80,80)(85,85)(90,90)(95,95)
};
\addlegendentry{dial}

\addplot[color=green,mark=*] coordinates {
(5,0.11223214243905699)(10,0.14348809851216382)(15,0.182355006045349)(20,0.21790698292045252)(25,0.27167263458924523)(30,0.2785319356433321)(35,0.2933553614970999)(40,0.3000242213936375)(45,0.305127678756424)(50,0.309002432875278)(55,0.3274334895466024)(60,0.3366995800463267)(65,0.34666260132515836)(70,0.3574564877090117)(75,0.37657692742103194)(80,0.39835183221587)(85,0.3973213423080246)(90,0.40613103570200304)(95,0.4271847763241975)
};
\addlegendentry{Unigram}

\addplot[color=green,mark=*] coordinates {
(5,0.1550104776588092)(10,0.20102134633251093)(15,0.25460770822736867)(20,0.2729031278061432)(25,0.3124995492701406)(30,0.3397041087596707)(35,0.3529999797456276)(40,0.35270268662806464)(45,0.3628856708861052)(50,0.3680139795936346)(55,0.38236136807062443)(60,0.39193370779427156)(65,0.3966731308261122)(70,0.41256996054290945)(75,0.43184368637837045)(80,0.45353986820895686)(85,0.46119097714321855)(90,0.47580027809106673)(95,0.49158487546775864)
};
\addlegendentry{Unigram+Context}

\addplot[color=green,mark=*] coordinates {
(5,0.16828792496559103)(10,0.18550481713813027)(15,0.22120740104697742)(20,0.23241314441986485)(25,0.23629193870247045)(30,0.26196886041678247)(35,0.2472030444098317)(40,0.25540248674183763)(45,0.25206240197330376)(50,0.2731686842433624)(55,0.27953704305407034)(60,0.27982388026678817)(65,0.2654820946078866)(70,0.25616772357327694)(75,0.2653122663461383)(80,0.26682399825280767)(85,0.2501019561911743)(90,0.25080274452837253)(95,0.2695080108154458)
};
\addlegendentry{Context}

