size	dial	Unigram+Context_SVM	Unigram_SVM	Unigram+Context_ADA	Unigram_ADA	Unigram+Context_RF	Unigram_RF
10	10	null	null	null	null	null	null
20	20	null	null	null	null	null	null
30	30	0.6044850327537094	0.5420285158764641	0.4676549585592154	0.5623859802265073	null	null
40	40	0.5778039591792321	0.5820890468866899	0.5223601652406614	0.5177685208795203	null	0.6143483948963597
50	50	0.6076108338735873	0.6534687677881073	0.5483517490103548	0.5806494841391383	0.6247240886819602	0.7479694190841742
60	60	0.6270553568560244	0.6508833621391722	0.5623787652357046	0.5743202244809111	0.6826122102089127	0.7649844905108173
70	70	0.5997589731003986	0.6353922071356755	0.5901414393637088	0.5716407370621763	0.6729957560559144	0.7501301654614908
80	80	0.6065927691706061	0.6392908296725751	0.591878959178508	0.573818201035507	0.768031503718924	0.6405128247711368
90	90	0.6240811864935354	0.6482457746462633	0.5906164485620369	0.5940501167192054	0.728733848166957	0.7217902722778453
100	100	0.6362916705049323	0.6466928948856221	0.6200295122489529	0.6039634802696134	0.7117902658579291	0.6983994046123618
110	110	0.6390704902065554	0.6263328216350164	0.598479803110662	0.6260964228438293	0.7591056351852157	0.6990784678576747