size	dial	Natural_Neg	Natural_Neg_Svm	Natural_Neg_Decisiontree	Natural_Neg_Randomforest	Natural_Neg_Adaboost
1	1	0.1336239435355727	0.1336239435355727	0.1336239435355727	0.1336239435355727	0.1336239435355727
2	2	0.08699516468193455	0.08699516468193455	0.04197653514996688	0.10150074933613422	0.1654253424402376
3	3	0.32928301642777424	0.2117238289550198	0.06632673902894491	0.23513245357514365	0.13268316226646842
4	4	0.2835688734876902	0.2835688734876902	0.20162066696908065	0.25154167132692834	0.1954483243977109
5	5	0.2784676696274309	0.26651875338163966	0.30305909736765213	0.11814336808584527	0.28014541984934616
6	6	0.2853854654662906	0.18898048915599963	0.23138822819166904	0.2225680763265241	0.2990942993945042
7	7	0.2819605813216513	0.2819605813216513	0.22412965414093433	0.1958896764873082	0.29540664351338775
8	8	0.31473956032575623	0.1958710201604552	0.30385236280683836	0.28421346530675123	0.1838055374224793
9	9	0.3358830367065313	0.21016416301829718	0.22364918524072452	0.15611054313853978	0.22364918524072452
10	10	0.407524250902531	0.2997807499800962	0.34609344335015546	0.2049688872774041	0.34644458013641133
15	15	0.43917710879759714	0.43917710879759714	0.3818427703753678	0.3542599862100823	0.35847274083975667
20	20	0.3837789445609818	0.2713167833345173	0.3388490537796657	0.3176740195816385	0.39273408243921915
25	25	0.4252154334940311	0.4252154334940311	0.40099552491343404	0.3714010628713199	0.4131383628529872
30	30	0.4256407777477491	0.4256407777477491	0.4527890203187944	0.3653210397712038	0.39820847604739923
35	35	0.45314944605858387	0.45314944605858387	0.4427386330326205	0.4003421767063392	0.39717255290621295
40	40	0.4278633233755064	0.4278633233755064	0.4381031756553998	0.3438657900072011	0.4713679759847484
45	45	0.46174762022239796	0.46174762022239796	0.4946496549371022	0.4017640640837821	0.44635829322373544
50	50	0.45370452524846866	0.45370452524846866	0.49363947756260484	0.39609386799200363	0.44195485458678896