size	dial	Natural_SVM	Natural_RF	Natural_ADA
5	5	0	0	0
10	10	0	0	0
15	15	0	0	0.00909090909090909
20	20	0	0	0.010526315789473684
25	25	0	0	0
30	30	0.021052631578947368	0	0.03380645161290323
35	35	0.031052631578947366	0.012903225806451613	0.018369453044375643
40	40	0.03057644110275689	0	0.04115732880588568
45	45	0.031746031746031744	0	0.016773641420624732
50	50	0.031746031746031744	0	0.026846185230518155
55	55	0.031746031746031744	0	0.06077317877563765
60	60	0.031746031746031744	0	0.020350877192982456
65	65	0.031746031746031744	0	0.0445933014354067
70	70	0.03222222222222222	0	0.05506949191159718
75	75	0.03961352657004831	0	0.07315100346873328
80	80	0.04913733609385783	0.011764705882352941	0.0389778416263985
85	85	0.053968253968253964	0	0.021249999999999998
90	90	0.053968253968253964	0.015384615384615385	0.03129744651483782
95	95	0.053968253968253964	0	0.02463343108504399