\addplot[color=green,mark=*] coordinates {
(10,10)(20,20)(30,30)(40,40)(50,50)(60,60)(70,70)(80,80)(90,90)
};
\addlegendentry{dial}

\addplot[color=green,mark=*] coordinates {
(10,0.28850069892419394)(20,0.3252109406544913)(30,0.36839793994905656)(40,0.4060576626633307)(50,0.4305527509768279)(60,0.4507319131890008)(70,0.4769770391468441)(80,0.5040053423571409)(90,0.5153485743367645)
};
\addlegendentry{Unigram\_SVM}

\addplot[color=green,mark=*] coordinates {
(10,0.35811295499897594)(20,0.41931314877445114)(30,0.43108029391179425)(40,0.4693841722865096)(50,0.5024488468784695)(60,0.5164848356713345)(70,0.534261002927707)(80,0.5519080583763719)(90,0.5663100717917879)
};
\addlegendentry{Unigram+Context\_SVM}

\addplot[color=green,mark=*] coordinates {
(10,0.34569953247841856)(20,0.4247807559393718)(30,0.4355742935055675)(40,0.47211769920869767)(50,0.4908353360560286)(60,0.5080324139188852)(70,0.5324599268606238)(80,0.5406661443076409)(90,0.557006910363733)
};
\addlegendentry{Unigram+ContextFull\_SVM}

\addplot[color=green,mark=*] coordinates {
(10,0.26798971111081304)(20,0.30773579200975065)(30,0.36157812640665654)(40,0.4219103189377263)(50,0.44044268723235264)(60,0.47358122466235314)(70,0.4927277321407117)(80,0.5060702718983936)(90,0.5078393757242055)
};
\addlegendentry{Unigram\_ADA}

\addplot[color=green,mark=*] coordinates {
(10,0.3238524035948283)(20,0.36588565419906904)(30,0.39696412266747805)(40,0.4639875655804784)(50,0.48221421746139803)(60,0.5214462367791264)(70,0.53462727874541)(80,0.5305394820127299)(90,0.5480823839305649)
};
\addlegendentry{Unigram+Context\_ADA}

\addplot[color=green,mark=*] coordinates {
(10,0.33559732144491383)(20,0.35621830309821756)(30,0.41876449479367633)(40,0.47641210032326703)(50,0.4703504410592269)(60,0.5253417305203059)(70,0.5333781505213318)(80,0.526812367871317)(90,0.542969633446355)
};
\addlegendentry{Unigram+ContextFull\_ADA}

