size	dial	Unigram	Unigram_No_Clean
5	5	0.3251002519985341	0.344868581741864
10	10	0.3578654096030912	0.378676929942056
15	15	0.3885940882557902	0.4044073313666573
20	20	0.4224965823975815	0.4379998886672499
25	25	0.4346502560846763	0.48083122569293363
30	30	0.4501536100567226	0.4977240507135555
35	35	0.45888390737631013	0.5031231707622947
40	40	0.4621693688960926	0.5193933980125773
45	45	0.4711681994208606	0.541155420416448
50	50	0.4741335047650487	0.555091779036319
55	55	0.49198378425850536	0.5705108194717015
60	60	0.5180233944268682	0.5842139632784582
65	65	0.5271361718150873	0.584758746776858
70	70	0.5301047899966325	0.5892946227748288
75	75	0.5394581950468104	0.5987911511611269
80	80	0.5330964735611643	0.5994435818151063
85	85	0.5308359750341058	0.6013122380638236
90	90	0.5350944300794913	0.613888882549311
95	95	0.5474358644092787	0.6199302465473446