size	dial	Unigram	Unigram_No_Clean
5	5	0.02972972972972973	0.030668127053669218
10	10	0.08708491408988321	0.06548294464175455
15	15	0.16492679495354148	0.1594366865068943
20	20	0.2179036562775348	0.20244070148535642
25	25	0.26492797688799435	0.2395739683984884
30	30	0.27285556240365316	0.246892991431037
35	35	0.305835536321651	0.2899615738406141
40	40	0.3210112109660951	0.3014534697618344
45	45	0.32107392754348985	0.3054528690062743
50	50	0.3333762055797315	0.3271047207099875
55	55	0.37495870087694605	0.36550511391729085
60	60	0.3888759008033956	0.3745026841561724
65	65	0.411227292417521	0.3775467903706696
70	70	0.4408025934302815	0.41002453748556367
75	75	0.44792775647017224	0.4175119706991449
80	80	0.4572104021031403	0.42987713003673605
85	85	0.43468552326517934	0.4221072478210245
90	90	0.4558569032986557	0.44800301537501425
95	95	0.4836107714846773	0.4556150512493942