\addplot[color=green,mark=*] coordinates {
(1,1)(2,2)(3,3)(4,4)(5,5)(6,6)(7,7)(8,8)(9,9)(10,10)(15,15)(20,20)(25,25)(30,30)(35,35)(40,40)(45,45)(50,50)
};
\addlegendentry{dial}

\addplot[color=green,mark=*] coordinates {
(1,0.092438274735512)(2,0.18929606191125847)(3,0.2530408147126195)(4,0.28536835770367813)(5,0.27398246921528313)(6,0.33072221917785166)(7,0.3707027851723825)(8,0.38939012850262156)(9,0.40325590015574625)(10,0.42611942380084517)(15,0.47821487930888845)(20,0.48803198730594294)(25,0.5571048985940201)(30,0.5632722894206476)(35,0.5701451997216086)(40,0.5777334624514212)(45,0.5983736341030386)(50,0.5924187745868553)
};
\addlegendentry{Natural\_Neg}

\addplot[color=green,mark=*] coordinates {
(1,0.092438274735512)(2,0.17059434990507918)(3,0.22792856227896086)(4,0.2365714435141857)(5,0.24510503946221696)(6,0.28044717676332304)(7,0.29897271598545117)(8,0.3090447964524088)(9,0.2915056572431255)(10,0.3676214279930953)(15,0.43378019749152746)(20,0.4408962690730368)(25,0.5384755549646764)(30,0.5632722894206476)(35,0.5701451997216086)(40,0.5777334624514212)(45,0.5983736341030386)(50,0.5924151143579478)
};
\addlegendentry{Natural\_Neg\_Svm}

