size	dial	Unigram_SVM	Unigram+Context_SVM	Unigram_ADA	Unigram+Context_ADA	Unigram_RF	Unigram+Context_RF
5	5	0.13079235846336967	0.16611103146826547	0.1397249732988256	0.15900195918900267	0.13108399799039022	0.16059235989276816
10	10	0.17351991564682667	0.23311797841333703	0.14534422445962317	0.20922340978948223	0.14604782472497882	0.19549874190227567
15	15	0.19790525819151705	0.25661380711872533	0.19105732857742588	0.24247407026036044	0.144998530080401	0.23100647309785005
20	20	0.23122525215808162	0.2807240412648682	0.23184960373497518	0.26704680552862425	0.1669709735288019	0.23218271874763685
25	25	0.2588090850789088	0.2930898483776769	0.2633522910329301	0.27467280221842444	0.20328595920145517	0.23616073503245497
30	30	0.27796832979237296	0.3111001402744202	0.2768203816961835	0.3121420356887301	0.22290804445461604	0.2508314374459953
35	35	0.29672314405355493	0.3263367883766407	0.3028406580344112	0.3234181241752926	0.21348191527450705	0.2528477277179263
40	40	0.30221082286876344	0.33706073186865915	0.3058311894852257	0.3349597880480864	0.23210400961460867	0.26637141504021855
45	45	0.3217197778937716	0.34947470185863255	0.3397610815116129	0.36180882532521336	0.2481477877836266	0.283314159064836
50	50	0.3264170335702392	0.3545857471795793	0.3339769117167887	0.3581161075305503	0.25189613145673845	0.2767285491942021
55	55	0.3350354589445719	0.3731216327282465	0.3388118859826582	0.3733323413293315	0.2700469880206156	0.3079725433425488
60	60	0.3464613060029088	0.38580618241777176	0.35740073005867706	0.3825371884484962	0.27670495751772295	0.3068727388929552
65	65	0.36025986607251087	0.3927996079228301	0.37807591654226763	0.3905139025670461	0.2861737018556882	0.31896232939493097
70	70	0.3590114432776077	0.3970562571525579	0.3752824663596797	0.4039196099138665	0.28761014575338806	0.31401146715402734
75	75	0.3729971539561277	0.4090420365690842	0.3955968291776042	0.4231709736389745	0.30762427930677044	0.3246236771040566
80	80	0.3888204191226442	0.4192731081600619	0.39970392015246003	0.4283504257145996	0.2985807475489489	0.33494744251736674
85	85	0.3913420409751852	0.42128701642895783	0.40170201614425166	0.4277454264639169	0.29666827895432407	0.33683474607641595
90	90	0.393843463078129	0.4288952280567021	0.427781654788412	0.42520622491015325	0.3169082734963066	0.33643334211166664
95	95	0.39595916212298155	0.4307496209174612	0.4306656043791223	0.43267279568986694	0.3158952706823107	0.343830862896012
100	100	0.39362537691748256	0.42961132886411785	0.41336664440734305	0.43285271262926084	0.3182347166994723	0.34224843699405527
105	105	0.4072777531594894	0.4424676560345966	0.4333499547322701	0.4470948845211668	0.3337873954179656	0.3518144748005187
110	110	0.4204886575518165	0.45719804148565085	0.44533578552241804	0.4693839717204067	0.34138000513143996	0.35478010007629185
115	115	0.4295146310765977	0.46666999606895215	0.4550061438502905	0.47695148494128475	0.3402343074852522	0.35673800687721113
120	120	0.40624646870659725	0.45174128521576157	0.4188575551618454	0.43486251859815805	0.3470548714134448	0.3718248856231202
125	125	0.4039335422467577	0.4563143218250464	0.451999662461286	0.4533918602062327	0.34475248647984646	0.35764141989877746
130	130	0.3968502003261805	0.4436316491817551	0.3921226831983902	0.4393289976604563	0.32903497327132736	0.38277330392600173
135	135	0.3972992157161354	0.44565166232438613	0.38609871350923664	0.43464768175984314	0.34817686637170286	0.3909081285888605
140	140	0.3958121639469246	0.44672770752065294	0.3840109782491934	0.44304555642746335	0.349160307720229	0.3634547716002773
145	145	0.4028755514360788	0.4520785000980085	0.39214848298733684	0.43616439366406623	0.3218435678971139	0.37386707118180085
150	150	0.39284485191782487	0.4457720940058447	0.3940154995714281	0.4397409191007391	0.3352821757854275	0.36363409971013544
155	155	0.39371657274693783	0.4464666382928233	0.3951399969032151	0.439369386240886	0.33916895477835224	0.3751959913591637
160	160	0.35958752626910373	0.4075984353568071	0.3418439957113523	0.33199281905117917	0.3214629359191998	0.32078170750841434