size	dial	Unigram+Context_SVM	Unigram_SVM	Unigram+Context_ADA	Unigram_ADA	Unigram+Context_RF	Unigram_RF
10	10	0.4223834987383349	0.37197241103077966	0.4007489269005709	0.3673922756675002	0.39400366691018596	0.4002049577091242
20	20	0.5640084811212602	0.46721804418493	0.5484906349184479	0.508014247894602	0.5064605044612732	0.4435696373880894
30	30	0.6412355008088675	0.5119700576970155	0.5511063811818737	0.4862786007613308	0.5723367406264961	0.5387785505150441
40	40	0.6353795762973873	0.5224625866207873	0.5619174103390583	0.4666827274187829	0.655720290205687	0.5960063299361381
50	50	0.6911403387625314	0.5893007893344235	0.60918816643415	0.5755434200293166	0.6942175149726169	0.6248711258927009
60	60	0.6970376768121753	0.5882713049234901	0.609788521332518	0.5613990101855537	0.688189442554197	0.6920432497347436
70	70	0.6911125817284666	0.5830760539016604	0.6320765618076687	0.5563268992194795	0.7330878022820709	0.6479748155233958
80	80	0.6889941709988813	0.6054894295829674	0.6211495065152335	0.5680826870664478	0.7440044305614699	0.6705452352084447
90	90	0.6940256458396545	0.6066963675609347	0.6474631941248148	0.5856935339319481	0.696783761984471	0.6424763750384344
100	100	0.7280196282078333	0.63185838152627	0.6661169212866012	0.6033050615191581	0.7411078957119847	0.6823008515849063
110	110	0.7210702247578636	0.6174075820475802	0.6753887559928929	0.6201168729365939	0.757694581707121	0.7231992295078614
120	120	0.7228682602776515	0.6070321168954349	0.6412125442984	0.5800623304516679	0.7314818678306192	0.6270074198529636
130	130	0.6888492448734096	0.5695588223488084	0.6328682961947247	0.5846615520651702	0.7271843411053953	0.7408609402453452