\addplot[color=green,mark=*] coordinates {
(10,10)(20,20)(30,30)(40,40)(50,50)(60,60)(70,70)(80,80)(90,90)(100,100)(110,110)
};
\addlegendentry{dial}

\addplot[color=green,mark=*] coordinates {
(10,0.016949611551193608)(20,0.03151389408960314)(30,0.0832347780028653)(40,0.09280850511673278)(50,0.10026664317937857)(60,0.11219408163435544)(70,0.1108714194052983)(80,0.1090033722735296)(90,0.11305338470260991)(100,0.11301150086046548)(110,0.11929516492850231)
};
\addlegendentry{Unigram+Context\_SVM\_word\_1}

\addplot[color=green,mark=*] coordinates {
(10,0.007058823529411765)(20,0.005827633378932969)(30,0.02920218419465796)(40,0.0237928316132825)(50,0.02442890701181465)(60,0.02231239986769405)(70,0.026711305841231603)(80,0.02925663130141274)(90,0.034601513076193545)(100,0.04292617862441685)(110,0.04760155016023422)
};
\addlegendentry{Unigram+Context\_SVM\_word\_1\_embed\_300}

\addplot[color=green,mark=*] coordinates {
(10,0.011764705882352941)(20,0.004871914997282761)(30,0.023362892094369554)(40,0.027602848884021647)(50,0.02949106339855869)(60,0.030146932214964072)(70,0.025671531408168875)(80,0.035283112336562464)(90,0.04054599939186832)(100,0.0495738381396364)(110,0.04881165958934961)
};
\addlegendentry{Unigram+Context\_SVM\_word\_1\_embed\_100}

\addplot[color=green,mark=*] coordinates {
(10,0.011764705882352941)(20,0.014645106708174066)(30,0.023661455722973505)(40,0.02886753691633532)(50,0.03205093593200827)(60,0.029697994755537683)(70,0.036509879517741886)(80,0.0402979451061657)(90,0.05289187145836266)(100,0.060398483346402784)(110,0.06054056717336063)
};
\addlegendentry{Unigram+Context\_SVM\_word\_1\_embed\_50}

\addplot[color=green,mark=*] coordinates {
(10,0.0035294117647058825)(20,0.021987663767375386)(30,0.027376820873731167)(40,0.03350811073907489)(50,0.03660329120321397)(60,0.041162830731188885)(70,0.03021633679377439)(80,0.0274759397704142)(90,0.03511492134221457)(100,0.049765383592284475)(110,0.05132967129290048)
};
\addlegendentry{Unigram+Context\_SVM\_word\_1\_embed\_25}

