\addplot[color=green,mark=*] coordinates {
(5,5)(10,10)(15,15)(20,20)(25,25)(30,30)(35,35)(40,40)(45,45)(50,50)(55,55)(60,60)(65,65)(70,70)
};
\addlegendentry{dial}

\addplot[color=green,mark=*] coordinates {
(5,null)(10,null)(15,0.5047649018208651)(20,0.5319546315240362)(25,0.5257086430947441)(30,0.5206470858778347)(35,0.5501265014318408)(40,0.592143755964857)(45,0.5557403532456141)(50,0.6493728731800386)(55,0.5685664372943011)(60,0.5403045911624382)(65,0.5686119233791743)(70,0.5652058558566103)
};
\addlegendentry{Natural\_SVM}

\addplot[color=green,mark=*] coordinates {
(5,null)(10,null)(15,0.47211694154915496)(20,null)(25,null)(30,null)(35,0.5687793486114121)(40,null)(45,null)(50,null)(55,0.5995781676818809)(60,0.6250219988669479)(65,0.634743127188648)(70,0.6752789402869868)
};
\addlegendentry{Natural\_RF}

\addplot[color=green,mark=*] coordinates {
(5,null)(10,null)(15,0.39920218210811176)(20,0.3969281392667584)(25,0.41837173356763147)(30,0.3469893349506542)(35,0.40504281524145763)(40,0.48687889459121536)(45,0.4803576191198623)(50,0.5508614092323685)(55,0.5646942104247027)(60,0.5755252687398882)(65,0.6050432582345066)(70,0.6259157694089861)
};
\addlegendentry{Natural\_ADA}

