size	dial	Natural_SVM	Natural_RF	Natural_ADA
5	5	0	0	0
10	10	0	0	0
15	15	0	0	0.016666666666666666
20	20	0	0	0.0058823529411764705
25	25	0	0	0
30	30	0.0125	0	0.041666666666666664
35	35	0.020833333333333332	0.0125	0.022549019607843133
40	40	0.020833333333333332	0	0.05499999999999999
45	45	0.020833333333333332	0	0.03
50	50	0.020833333333333332	0	0.03588235294117646
55	55	0.020833333333333332	0	0.06676470588235293
60	60	0.020833333333333332	0	0.03
65	65	0.020833333333333332	0	0.05352941176470588
70	70	0.020833333333333332	0	0.07686274509803921
75	75	0.029166666666666664	0	0.0734313725490196
80	80	0.03583333333333333	0.00625	0.05499999999999999
85	85	0.03583333333333333	0	0.03166666666666666
90	90	0.03583333333333333	0.008333333333333333	0.03833333333333333
95	95	0.03583333333333333	0	0.023333333333333334