\addplot[color=green,mark=*] coordinates {
(10,10)(20,20)(30,30)(40,40)(50,50)(60,60)(70,70)(80,80)(90,90)
};
\addlegendentry{dial}

\addplot[color=green,mark=*] coordinates {
(10,0.5094304592677532)(20,0.5554910432178022)(30,0.5837448866544033)(40,0.6115415075797973)(50,0.6273518996336518)(60,0.6338641299585335)(70,0.6450175773371916)(80,0.666011593371371)(90,0.6684864892616348)
};
\addlegendentry{Unigram\_SVM}

\addplot[color=green,mark=*] coordinates {
(10,0.635757231455983)(20,0.6937857929272622)(30,0.7180200821704741)(40,0.7316721113526123)(50,0.7413557947388464)(60,0.7484801508342032)(70,0.7542059091293679)(80,0.7576631381128054)(90,0.7594097020775492)
};
\addlegendentry{Unigram+Context\_SVM}

\addplot[color=green,mark=*] coordinates {
(10,0.5148641901529515)(20,0.5123419888312759)(30,0.5691413788645129)(40,0.6044912638065518)(50,0.6248743191868134)(60,0.6193879331121606)(70,0.6352762024644855)(80,0.6590652917101945)(90,0.6685628964920949)
};
\addlegendentry{Unigram\_ADA}

\addplot[color=green,mark=*] coordinates {
(10,0.5968628704481078)(20,0.6578770600172366)(30,0.6736618063447735)(40,0.6517358737447257)(50,0.6927150216605572)(60,0.7095140941952309)(70,0.731190777729047)(80,0.7487430150475595)(90,0.753219369270248)
};
\addlegendentry{Unigram+Context\_ADA}

\addplot[color=green,mark=*] coordinates {
(10,0.5008469723953908)(20,0.5338024226223713)(30,0.625416850533108)(40,0.6415682202729103)(50,0.6567620191026793)(60,0.6597420468543624)(70,0.6681004455548842)(80,0.6857080475361637)(90,0.6884651423115494)
};
\addlegendentry{Unigram\_RF}

\addplot[color=green,mark=*] coordinates {
(10,0.5653467698718811)(20,0.700434187809368)(30,0.7593442658763281)(40,0.7556424130510411)(50,0.7527701270893825)(60,0.7696868599803917)(70,0.7799205839474916)(80,0.7776250742246666)(90,0.7749278880770628)
};
\addlegendentry{Unigram+Context\_RF}

