size	dial	Unigram_SVM	Unigram+Context_SVM	Unigram+ContextFull_SVM	Unigram_ADA	Unigram+Context_ADA
10	10	0.2578879260267012	0.39040224164701676	0.3994270975449633	0.2068418372293487	0.2935581731452437
20	20	0.29434091206353064	0.47300827189791284	0.4749206985662594	0.321875983063316	0.3270553847308315
30	30	0.32197308377553535	0.5322786349525523	0.4993894237036516	0.3857352473380032	0.4240517833438065
40	40	0.3528614748206381	0.5240741754081504	0.5164392920356071	0.4070970462431185	0.4545776812884794
50	50	0.4584206536627538	0.5300852329094512	0.551086782119192	0.4916500076467366	0.48779558086013675
60	60	0.49406142962527183	0.54500797222312	0.5641126343288458	0.5105154418171509	0.5453497153300008
70	70	0.5076798558543801	0.5466322674014882	0.5717888519456655	0.5428435769905959	0.5471015976589431
80	80	0.5322600204559707	0.559549377271675	0.5793451094852167	0.5345082618357134	0.5539015568503834
90	90	0.5406291053642476	0.578087196509688	0.5993480650898596	0.5597598343663122	0.558272360394136
100	100	0.542458106150739	0.5895878045336101	0.613535649207607	0.5756841025447865	0.5743770157601101
110	110	0.5566304242155423	0.5930346841999988	0.6263562294484653	0.5805220937158673	0.575574864560836
120	120	0.5695585240746823	0.6206907747264683	0.6314423986607252	0.583266911791241	0.6076556591430088
130	130	0.6300454385914985	0.6374470338983051	0.6707717569786535	0.6238389531540586	0.6299278925441602
140	140	0.6305433565831395	0.6324973790877777	0.6861952208419599	0.6276755743493614	0.6212623470687987
150	150	0.5991335081518641	0.6228532094303907	0.6696253574134265	0.6339730431177022	0.6367216233976403
160	160	0.597752808988764	0.600896860986547	0.6746987951807228	0.5931372549019608	0.5945945945945946