size	dial	Unigram	Unigram_Lemma	Unigram+Context	Unigram_Lemma+Context	Unigram+Context+Neg	Unigram+Neg
1	1	0.37329118449967397	0.37329118449967397	0.37329118449967397	0.37329118449967397	0.37329118449967397	0.37329118449967397
2	2	0.38699497728270904	0.3882012315081721	0.5702504174483376	0.5719579981949885	0.5702275078029855	0.38695063356966214
3	3	0.6343895367151184	0.6319611593404607	0.7687085837658563	0.769855561489009	0.767917192703055	0.6256013393432795
4	4	0.6671154690401582	0.6691326974871432	0.8344436165723552	0.8415020017396856	0.8338266984082889	0.6613772596546745
5	5	0.519302846827268	0.5407003527069658	0.7733370506737259	0.7825620033642103	0.7414459141979737	0.511344434554535
6	6	0.5694672161904969	0.5778468582632827	0.7560056565999916	0.772653140514755	0.7524512729575268	0.5613206889044677
7	7	0.5256456498356793	0.5330086608498622	0.7535390064426009	0.7718712227151309	0.7554057073007365	0.5216874499925466
8	8	0.5226331496824222	0.5417985985369114	0.7578409237255005	0.777882045103201	0.7569250327009531	0.5238346428305938
9	9	0.5219136656301023	0.5470414799641367	0.8476090645672694	0.8560087581176038	0.8471574321082389	0.5115585125396047
10	10	0.4846752487363196	0.506219360223104	0.8434705576890611	0.8504053321725845	0.8418869625359321	0.471808588491163
15	15	0.5180656847625288	0.5407055994001786	0.830841353686617	0.8437221340054425	0.8286500191931839	0.5138414100500258
20	20	0.5636965797799293	0.5847117210206256	0.811847894529952	0.8181510272368753	0.8136293697167076	0.5539462678393571
25	25	0.5993274005613681	0.617078674451749	0.8257989070195302	0.8347040263066867	0.8258994833619825	0.5947052043071528
30	30	0.6137785727794461	0.6387895761519592	0.86016237627535	0.8791034963244149	0.8606411841345029	0.6111112619441231
35	35	0.6186886340409169	0.6390242299883978	0.861344175994563	0.8792095938088235	0.8618150392795074	0.6140619361736758
40	40	0.6419788485385877	0.651536541181305	0.8644625200013577	0.880898718448783	0.8651846116806065	0.6304579495898673
45	45	0.6547716362564554	0.6581382199850236	0.8806571095073148	0.8810571682494931	0.8821196904408046	0.6444776164645728
50	50	0.6744174977772979	0.6712215583185243	0.8998361692822586	0.895852954853161	0.8992759551525158	0.6586317402990918