\addplot[color=green,mark=*] coordinates {
(5,5)(10,10)(15,15)(20,20)(25,25)(30,30)(35,35)(40,40)(45,45)(50,50)(55,55)(60,60)(65,65)(70,70)(75,75)(80,80)(85,85)(90,90)(95,95)(100,100)(105,105)(110,110)(115,115)(120,120)(125,125)(130,130)(135,135)(140,140)(145,145)(150,150)(155,155)(160,160)
};
\addlegendentry{dial}

\addplot[color=green,mark=*] coordinates {
(5,0)(10,0)(15,0)(20,0.021052631578947368)(25,0.03281733746130031)(30,0.029523809523809525)(35,0.03111111111111111)(40,0.028695652173913046)(45,0.04202898550724638)(50,0.0420414673046252)(55,0.03385964912280702)(60,0.021052631578947368)(65,0.04038742690058479)(70,0.029276315789473685)(75,0.018859649122807014)(80,0.019617224880382776)(85,0.019617224880382776)(90,0.019617224880382776)(95,0.019617224880382776)(100,0.013157894736842105)(105,0.013157894736842105)(110,0.013157894736842105)(115,0.013157894736842105)(120,0)(125,0)(130,0)(135,0)(140,0)(145,0)(150,0)(155,0)(160,0)
};
\addlegendentry{Unigram\_SVM}

\addplot[color=green,mark=*] coordinates {
(5,0)(10,0)(15,0)(20,0.02)(25,0.03176470588235294)(30,0.030526315789473686)(35,0.03111111111111111)(40,0.04608695652173913)(45,0.04285714285714286)(50,0.04183574879227053)(55,0.04349206349206349)(60,0.04444444444444444)(65,0.0452991452991453)(70,0.045637426900584796)(75,0.04772438342232392)(80,0.04891015417331206)(85,0.04891015417331206)(90,0.04891015417331206)(95,0.03838383838383838)(100,0.013888888888888888)(105,0.013888888888888888)(110,0.013888888888888888)(115,0.013888888888888888)(120,0)(125,0)(130,0)(135,0)(140,0)(145,0)(150,0)(155,0)(160,0)
};
\addlegendentry{Unigram+Context\_SVM}

\addplot[color=green,mark=*] coordinates {
(5,0)(10,0)(15,0)(20,0.022286821705426358)(25,0.022286821705426358)(30,0.03257575757575758)(35,0.021012311901504786)(40,0.04590909090909091)(45,0.021666666666666667)(50,0.03184774575018477)(55,0.03476190476190476)(60,0.06733766233766234)(65,0.06495670995670995)(70,0.04498316498316498)(75,0.042735042735042736)(80,0.027126436781609198)(85,0.033846153846153845)(90,0.028148148148148144)(95,0.06313131313131312)(100,0.03611111111111111)(105,0.0553030303030303)(110,0.06641414141414141)(115,0.03611111111111111)(120,0.057777777777777775)(125,0.057777777777777775)(130,0.03333333333333333)(135,0.03333333333333333)(140,0.03333333333333333)(145,0.03333333333333333)(150,0.03333333333333333)(155,0.03333333333333333)(160,0)
};
\addlegendentry{Unigram\_ADA}

\addplot[color=green,mark=*] coordinates {
(5,0)(10,0)(15,0.008333333333333333)(20,0.03151515151515152)(25,0.013953488372093023)(30,0.03257575757575758)(35,0.054004329004329)(40,0.047209903917220984)(45,0.046036821705426355)(50,0.027286821705426356)(55,0.0638823777848168)(60,0.0515292459478506)(65,0.0760025591907125)(70,0.07112451041022469)(75,0.06876016537185951)(80,0.07357171308637436)(85,0.06892055029567669)(90,0.05866114561766735)(95,0.08246060197526325)(100,0.057850241545893716)(105,0.0770421607378129)(110,0.0770421607378129)(115,0.04673913043478261)(120,0.057777777777777775)(125,0.04)(130,0.03333333333333333)(135,0.03333333333333333)(140,0.03333333333333333)(145,0.03333333333333333)(150,0.03333333333333333)(155,0.03333333333333333)(160,0)
};
\addlegendentry{Unigram+Context\_ADA}

