\addplot[color=green,mark=*] coordinates {
(10,10)(20,20)(30,30)(40,40)(50,50)(60,60)(70,70)(80,80)(90,90)(100,100)(110,110)(120,120)(130,130)
};
\addlegendentry{dial}

\addplot[color=green,mark=*] coordinates {
(10,null)(20,null)(30,0.6266964397251071)(40,0.5972996455394571)(50,0.616097127714044)(60,0.6201282447488089)(70,0.5850061666589227)(80,0.6082070484773827)(90,0.6210250649989317)(100,0.6292331527056655)(110,0.6291490548164983)(120,0.6458718531710498)(130,0.5154639175257731)
};
\addlegendentry{Unigram+Context\_SVM}

\addplot[color=green,mark=*] coordinates {
(10,null)(20,null)(30,0.5420285158764641)(40,0.5820890468866899)(50,0.6534687677881073)(60,0.6508833621391722)(70,0.6353922071356755)(80,0.6392908296725751)(90,0.6482457746462633)(100,0.6466928948856221)(110,0.6263328216350164)(120,0.6820548880235218)(130,0.6942148760330579)
};
\addlegendentry{Unigram\_SVM}

\addplot[color=green,mark=*] coordinates {
(10,null)(20,0.6070505757087064)(30,0.5291816230180935)(40,0.5366882435168634)(50,0.5219469452626362)(60,0.5267556477325491)(70,0.5567321203264053)(80,0.5608289057688645)(90,0.599349428307122)(100,0.5918918402128135)(110,0.6171796994531894)(120,0.643018419166789)(130,0.4492753623188406)
};
\addlegendentry{Unigram+Context\_ADA}

\addplot[color=green,mark=*] coordinates {
(10,null)(20,0.5890977235425182)(30,0.5683381093980827)(40,0.5361200414880418)(50,0.5828408062328699)(60,0.5814135793679378)(70,0.5610674723067026)(80,0.5787370526067106)(90,0.5931124048341497)(100,0.6004629802678167)(110,0.6360529455031232)(120,0.6786207593880376)(130,0.6727272727272727)
};
\addlegendentry{Unigram\_ADA}

\addplot[color=green,mark=*] coordinates {
(10,null)(20,null)(30,null)(40,null)(50,0.7028987488173456)(60,0.734208294688797)(70,0.6494166232651447)(80,0.7189249008824947)(90,0.6849374949751506)(100,0.708030708353535)(110,0.7473590140936118)(120,0.7900617873032283)(130,0.3813559322033898)
};
\addlegendentry{Unigram+Context\_RF}

\addplot[color=green,mark=*] coordinates {
(10,null)(20,null)(30,null)(40,0.6560420229063044)(50,0.7048324576314948)(60,0.734492166671406)(70,0.6532033361880685)(80,0.7230654153403984)(90,0.7102985459904443)(100,0.6937232163655673)(110,0.6970603617868996)(120,0.746596679875351)(130,0.7692307692307693)
};
\addlegendentry{Unigram\_RF}

