\addplot[color=green,mark=*] coordinates {
(10,10)(20,20)(30,30)(40,40)(50,50)(60,60)(70,70)(80,80)(90,90)
};
\addlegendentry{dial}

\addplot[color=green,mark=*] coordinates {
(10,0.043304843304843306)(20,0.11888501742160278)(30,0.2703060505386087)(40,0.2688300277569905)(50,0.2688300277569905)(60,0.25853591010993165)(70,0.2650208455475213)(80,0.41456560258076947)(90,0.41006560258076946)
};
\addlegendentry{Unigram}

\addplot[color=green,mark=*] coordinates {
(10,0.03898635477582846)(20,0.07502258355916892)(30,0.26545868650175863)(40,0.27439728293386834)(50,0.26581142434800975)(60,0.27593642108005995)(70,0.28778516057585823)(80,0.4103444782168187)(90,0.410455486542443)
};
\addlegendentry{Unigram\_No\_Clean}

\addplot[color=green,mark=*] coordinates {
(10,0.08214805305947796)(20,0.06601532567049809)(30,0.20327738990332972)(40,0.2160564756685956)(50,0.20300392912743717)(60,0.2597640682289176)(70,0.2617375849083166)(80,0.39134012918555705)(90,0.39415234243343444)
};
\addlegendentry{Unigram+Context}

\addplot[color=green,mark=*] coordinates {
(10,0.06210073571024335)(20,0.06013468013468013)(30,0.20156838655194517)(40,0.2090074303642658)(50,0.19819544599605043)(60,0.26065533382606554)(70,0.25805071622144793)(80,0.3875968704905116)(90,0.3760418435543592)
};
\addlegendentry{Unigram\_No\_Clean+Context}

