size	dial	Unigram_SVM	Unigram+Context_SVM	Unigram_ADA	Unigram+Context_ADA
5	5	0.13265902581233832	0.1470068608326201	0.20920813658423287	0.1900078077201583
10	10	0.09941080329465615	0.12153576258037264	0.19698710438397177	0.15653632414891996
15	15	0.1387081416404466	0.1769811599154831	0.2393642715866752	0.26363138711277523
20	20	0.17798225259376393	0.1652877328335654	0.25790630478639925	0.2700096874793323
25	25	0.1800360484252293	0.1655612270406746	0.16082431428669797	0.18254061315846687
30	30	0.1777991774709274	0.15466710492546815	0.1301133763362354	0.1774669144688327
35	35	0.18493184953408798	0.16518473351915464	0.13679513304515734	0.13604271756869754
40	40	0.19926191770051443	0.17294434418605256	0.19640268681323642	0.2134093545626195
45	45	0.2375968446567438	0.21575519082850056	0.27013247297209353	0.2326277016282524
50	50	0.2735405120641704	0.2535023381113092	0.26613373318645983	0.2623694663472862
55	55	0.2928136124862026	0.27245160014386405	0.2974625036618597	0.26391678006864283
60	60	0.34312178147191474	0.33043492975440436	0.3371332621604347	0.31856064858860444
65	65	0.35887086225960646	0.3314086057838229	0.36419757444154555	0.3671419597788593
70	70	0.3540692318279569	0.34509434294621666	0.35892622019223575	0.3274301658574799
75	75	0.35538110724119387	0.34278498478174957	0.3625008144980319	0.36278390242265246
80	80	0.3992382261246809	0.3645690053119668	0.3880305925973991	0.37368951512991544
85	85	0.40859207626878924	0.37966412315980064	0.40375561936534554	0.4019036075165016
90	90	0.41877858290035636	0.4029169174181738	0.4559187405661431	0.39530402031250783
95	95	0.42265528451023543	0.4216219634479567	0.4676969728169996	0.44161663596054196
100	100	0.45876396488004634	0.45732724649643697	0.4965353346149451	0.45629226353511393
105	105	0.4727193260984448	0.47131693926283047	0.5123729108877649	0.487516860942636
110	110	0.47754832436111294	0.46776438833061595	0.4952883510674284	0.4880856548624303
115	115	0.5037869880391503	0.4970933666241524	0.5379670706225568	0.49697821596084635
120	120	0.528637000091463	0.5384580917182856	0.541704472620954	0.5355434405590704
125	125	0.5290077526643995	0.5357860454085046	0.5607689762307411	0.5512125953856842
130	130	0.5320820917043161	0.576203979621263	0.5555849274247813	0.5293184658271652
135	135	0.5393636451023743	0.5712054215130251	0.548207247909257	0.5366961453426896
140	140	0.5393636451023743	0.5663991156397192	0.46529847159473225	0.5148514851485149
145	145	0.5709170431606267	0.5663991156397192	0.5483995001441891	0.5124243006824954
150	150	0.5539267518984908	0.5591175622416611	0.5162212823224069	0.5074257425742574
155	155	0.5514515043737384	0.5591175622416611	0.5755310967990003	0.5392675189849082
160	160	0.5544554455445545	0.5495049504950495	0.48514851485148514	0.4900990099009901