\addplot[color=green,mark=*] coordinates {
(5,5)(10,10)(15,15)(20,20)(25,25)(30,30)(35,35)(40,40)(45,45)(50,50)(55,55)(60,60)(65,65)(70,70)(75,75)(80,80)(85,85)(90,90)(95,95)(100,100)(105,105)(110,110)(115,115)(120,120)(125,125)(130,130)(135,135)(140,140)(145,145)(150,150)(155,155)(160,160)
};
\addlegendentry{dial}

\addplot[color=green,mark=*] coordinates {
(5,0.4633405952792347)(10,0.4236245424809292)(15,0.43488135979463205)(20,0.4905371951344546)(25,0.5332173461173542)(30,0.5502718770036662)(35,0.5617163395961484)(40,0.5669150377997921)(45,0.5770971182298464)(50,0.5792367818870419)(55,0.5902486654614678)(60,0.5979429046122556)(65,0.6068481366151466)(70,0.6077478842487108)(75,0.6179298990274196)(80,0.6288159442594082)(85,0.6423658701119642)(90,0.6452154573697536)(95,0.6482473125404153)(100,0.6389297117226662)(105,0.6449768871830112)(110,0.643072577597647)(115,0.6454689437277338)(120,0.6475486573504051)(125,0.6496769004785193)(130,0.6660786925669367)(135,0.6665202153094157)(140,0.6582778349733605)(145,0.6712056319444806)(150,0.6545500287244419)(155,0.6556208668924132)(160,0.6655948553054662)
};
\addlegendentry{Unigram\_SVM}

\addplot[color=green,mark=*] coordinates {
(5,0.5814260531014568)(10,0.6732275456885454)(15,0.6848172480215163)(20,0.7137978486696117)(25,0.7138995761302176)(30,0.7203120330680416)(35,0.7221917332842284)(40,0.7265332336759571)(45,0.7337224645452418)(50,0.7375046821013826)(55,0.7429633694352031)(60,0.7517436015894183)(65,0.7547749016146589)(70,0.754479814120131)(75,0.7612398974705797)(80,0.7658522801694969)(85,0.7689018598027582)(90,0.7749196773783164)(95,0.7802629001241195)(100,0.7804508744587701)(105,0.7840771720002293)(110,0.7850117234886078)(115,0.7914679566749769)(120,0.7928616184056879)(125,0.794685951215538)(130,0.7948230984602558)(135,0.7974967282203248)(140,0.7990455337186566)(145,0.8023526467359092)(150,0.7956082991163191)(155,0.7978259830714001)(160,0.795635753252203)
};
\addlegendentry{Unigram+Context\_SVM}

\addplot[color=green,mark=*] coordinates {
(5,0.4466140537821944)(10,0.33871319540770983)(15,0.44381455426928307)(20,0.4941732718101174)(25,0.5220583051736299)(30,0.5348280892045991)(35,0.5648604889870059)(40,0.5571236453812711)(45,0.5822221903474605)(50,0.5678230609252329)(55,0.5813213617404897)(60,0.5997890487048508)(65,0.60265643850434)(70,0.6157847207275009)(75,0.6223298910389796)(80,0.6439564352115742)(85,0.6482679176145634)(90,0.650714127861602)(95,0.6539355881657708)(100,0.6526876389983366)(105,0.6630349384775857)(110,0.6569961477275078)(115,0.6678889039353916)(120,0.6636749419578012)(125,0.6643600186938936)(130,0.6669264951138734)(135,0.6719887015129905)(140,0.6644178181488372)(145,0.6670326430367014)(150,0.6645327865414459)(155,0.6766687948895238)(160,0.6715092816787732)
};
\addlegendentry{Unigram\_ADA}

\addplot[color=green,mark=*] coordinates {
(5,0.5555219212891107)(10,0.5921234928602946)(15,0.6265011566329467)(20,0.6556447309662425)(25,0.688655116151849)(30,0.6945668196733685)(35,0.6947141681625897)(40,0.7130386822019419)(45,0.737772515089963)(50,0.7210021375636171)(55,0.7255930018442054)(60,0.741661317924647)(65,0.719309282678024)(70,0.733241135908358)(75,0.7337908268789892)(80,0.7476350606741451)(85,0.7500204043506224)(90,0.7540350146908479)(95,0.7598571322190038)(100,0.7574786531524377)(105,0.7667400934671689)(110,0.7658234835884622)(115,0.7749002984574093)(120,0.7745435473686706)(125,0.7718512716243401)(130,0.7911971118159121)(135,0.785687909147992)(140,0.7739669724017604)(145,0.7824873090351574)(150,0.7719158610555215)(155,0.7751813282245861)(160,0.7383216205043407)
};
\addlegendentry{Unigram+Context\_ADA}

