size	dial	Unigram_SVM	Unigram+Context_SVM	Unigram_ADA	Unigram+Context_ADA	Unigram_RF	Unigram+Context_RF
5	5	0.17860243719500607	0.210867340382543	0.1739355105097999	0.19768689961474112	0.1956911850884432	0.1983478732543677
10	10	0.17954376623229823	0.2600369187024452	0.15444731846092	0.22979679686431345	0.14758409270794004	0.23261131193650703
15	15	0.2026831965377065	0.27194790799295954	0.21879553295647183	0.25119625574630533	0.168827602264138	0.25329555886108457
20	20	0.2169648424764891	0.28458785894137584	0.24978428347977588	0.27605242497755744	0.1788858068794163	0.23518170297463642
25	25	0.24465129810426292	0.29389156983728587	0.26825801268669325	0.27749821317296414	0.216836767140628	0.243459197334737
30	30	0.2664024553341262	0.30741532117018455	0.27782091604625114	0.32907728232760836	0.22028209855548037	0.25109865253312214
35	35	0.2735086946558004	0.32650416824812944	0.3005038900147016	0.3341557911860818	0.21838313463828465	0.26082126740815326
40	40	0.2826310939534994	0.3317620867965436	0.30464269058626464	0.3394893144644854	0.22490873530971506	0.26759158368153857
45	45	0.2996170944105772	0.3395921330450088	0.3288836450065364	0.3589615704698713	0.2420011034444843	0.27685097346312415
50	50	0.3036628699118786	0.3440070481173655	0.33157376492681834	0.3493010860733458	0.2393730436618669	0.2672989424057145
55	55	0.30936211135982494	0.353414896143207	0.3288406053087927	0.37064465772983207	0.2538016529986674	0.29685928785055743
60	60	0.3178625737403614	0.36275770156985243	0.34286497990685016	0.3680835620635028	0.2607395202533517	0.29397985328359955
65	65	0.33416983501910985	0.37104342489098713	0.3574972424855911	0.3854350206350244	0.26958243567981777	0.30571519854445095
70	70	0.3344126090072265	0.3754275873633659	0.3591083398815073	0.3901579963904309	0.2637436180178351	0.29674559862029726
75	75	0.3443092006856488	0.3826421281559223	0.36904459586699345	0.4066730720041038	0.2817900259538131	0.31063935936241843
80	80	0.35617245785805807	0.3886688873259142	0.37728891636887835	0.41100144856789056	0.2764573910082508	0.3139236717790152
85	85	0.36038539238977496	0.389434201354507	0.3793156537631951	0.41701231922598925	0.269208406643927	0.31785064310547795
90	90	0.36109087362655373	0.3933946419481388	0.40602576736439444	0.4067148545020176	0.2832966540114298	0.31303921002206264
95	95	0.3657843994702706	0.39682107852310256	0.40649871552444816	0.4165806498423601	0.2903775765905249	0.31977416645906676
100	100	0.3643097744372123	0.3934951869330359	0.394295314294116	0.40904658935297594	0.28740327480182026	0.31578849098288975
105	105	0.3768368775731863	0.4049084110747547	0.4116578422636219	0.4215045750580495	0.2996529103789295	0.32260553047733137
110	110	0.3913119533671626	0.41838320626946646	0.42750319808705145	0.4447185733747241	0.307538172289814	0.32645792707614857
115	115	0.40368174462986645	0.42891021032945065	0.4411560788890592	0.44494021786836085	0.3069450763706016	0.3230416371152881
120	120	0.37936355552872153	0.423414990393972	0.3914855659984666	0.4137815689843797	0.30623040614927627	0.3328517238982938
125	125	0.3781067450926458	0.4233349610435429	0.42312633879038763	0.41644362100204796	0.3124232499072521	0.32788716108694305
130	130	0.38050813597257815	0.4142477278951938	0.3836888179846547	0.4060646263447945	0.2903897076324252	0.34516443657672524
135	135	0.3820043703834126	0.4153134299829967	0.374823228128486	0.40873338190636394	0.3095397225881637	0.36197668685033857
140	140	0.3794961359505361	0.41453918203988005	0.3684568302206118	0.4217873367811442	0.31269072587950847	0.33401416595306166
145	145	0.38605360011117285	0.41978945916658766	0.3721093727709338	0.41515237027535734	0.2852161182672602	0.35107944402143987
150	150	0.3823683582447709	0.4173260100210052	0.38113064293944465	0.4199282849245368	0.3014546606539968	0.3320556923326556
155	155	0.3822160774506469	0.4162097358713383	0.38165854431021645	0.42085390700818315	0.30468838802931103	0.3422715925794512
160	160	0.35978367258081306	0.38158743623722985	0.33630628567971893	0.32823030704604983	0.2977793815187145	0.3117645827882021