\addplot[color=green,mark=*] coordinates {
(10,10)(20,20)(30,30)(40,40)(50,50)(60,60)(70,70)(80,80)(90,90)
};
\addlegendentry{dial}

\addplot[color=green,mark=*] coordinates {
(10,0)(20,0)(30,0.0125)(40,0.020833333333333332)(50,0.020833333333333332)(60,0.020833333333333332)(70,0.020833333333333332)(80,0.03583333333333333)(90,0.03583333333333333)
};
\addlegendentry{Unigram}

\addplot[color=green,mark=*] coordinates {
(10,0)(20,0)(30,0.020833333333333332)(40,0.020833333333333332)(50,0.027499999999999997)(60,0.027499999999999997)(70,0.020833333333333332)(80,0.03583333333333333)(90,0.03583333333333333)
};
\addlegendentry{Unigram\_No\_Clean}

\addplot[color=green,mark=*] coordinates {
(10,0)(20,0)(30,0.0125)(40,0.020833333333333332)(50,0.027499999999999997)(60,0.020833333333333332)(70,0.020833333333333332)(80,0.04916666666666667)(90,0.042499999999999996)
};
\addlegendentry{Unigram+Context}

\addplot[color=green,mark=*] coordinates {
(10,0)(20,0)(30,0.020833333333333332)(40,0.020833333333333332)(50,0.027499999999999997)(60,0.034166666666666665)(70,0.034166666666666665)(80,0.05583333333333333)(90,0.042499999999999996)
};
\addlegendentry{Unigram\_No\_Clean+Context}

