\addplot[color=green,mark=*] coordinates {
(10,10)(20,20)(30,30)(40,40)(50,50)(60,60)(70,70)(80,80)(90,90)(100,100)(110,110)(120,120)(130,130)
};
\addlegendentry{dial}

\addplot[color=green,mark=*] coordinates {
(10,0.5093053021666852)(20,0.6440675932925543)(30,0.6447264342110011)(40,0.6331291779283241)(50,0.6394946404065653)(60,0.6370541904468014)(70,0.6367438644991883)(80,0.6481277572869366)(90,0.646454929752584)(100,0.6451721493486433)(110,0.6648842510144023)(120,0.6821410022383885)(130,0.7137129109863672)
};
\addlegendentry{Unigram+Context\_SVM\_word\_2}

\addplot[color=green,mark=*] coordinates {
(10,0.5355813343660596)(20,0.6225570704863223)(30,0.634984495737835)(40,0.6400067689338413)(50,0.6689515304308367)(60,0.6802185520220201)(70,0.6796449954819872)(80,0.6918124060980715)(90,0.6908192643842048)(100,0.688145968229061)(110,0.6971891308881707)(120,0.6988662513795292)(130,0.7201283079390537)
};
\addlegendentry{Unigram+Context\_SVM\_word\_1}

\addplot[color=green,mark=*] coordinates {
(10,0.5092226567362106)(20,0.639101822779468)(30,0.6457418943134693)(40,0.6340647447368554)(50,0.6453589696509927)(60,0.6457526271708396)(70,0.646150530233256)(80,0.6488352520333279)(90,0.6475656145745388)(100,0.6534143753507548)(110,0.6624327702401214)(120,0.6792940176536877)(130,0.7193263833199679)
};
\addlegendentry{Unigram+Context\_SVM\_lemma\_2}

\addplot[color=green,mark=*] coordinates {
(10,0.5374369393224739)(20,0.6280174824894765)(30,0.6388785095650207)(40,0.640112821231676)(50,0.6692049195191696)(60,0.6769172798298271)(70,0.6805280984851472)(80,0.6978850000029746)(90,0.690619490406482)(100,0.6903873018871499)(110,0.7002631656064565)(120,0.7109474119361465)(130,0.723336006415397)
};
\addlegendentry{Unigram+Context\_SVM\_lemma\_1}

