size	dial	Unigram_SVM	Unigram+Context_SVM	Unigram_ADA	Unigram+Context_ADA	Unigram_RF	Unigram+Context_RF
10	10	0.5164897581249057	0.6281104824921715	0.5254774430635824	0.6079121074726579	0.4858292114182509	0.6093088503943581
20	20	0.5589835505995788	0.6874363117299092	0.5680018664057049	0.6876009293011816	0.5515512799962712	0.6516829264135525
30	30	0.5821819211069574	0.7065871906517038	0.5824047957249527	0.6698870065474911	0.5812794675190605	0.7051549242524658
40	40	0.5940200568583627	0.7201520879150012	0.5970494614588159	0.7070889697473423	0.6087110710115186	0.7124829850725966
50	50	0.6308591726825762	0.7359204540755757	0.6245901506750748	0.6944491124431595	0.6358930146933153	0.7263072765660143
60	60	0.636575580020244	0.7395325496046755	0.6424914620704925	0.7184291667211378	0.6417408568679844	0.735216918569025
70	70	0.6365754730203212	0.7404711217675747	0.6427309346877588	0.7158398813743112	0.6447307449984174	0.7360415442668848
80	80	0.6559225367857462	0.7412123496507712	0.6622845905480576	0.727202372292937	0.6583418710246027	0.7434514180658149
90	90	0.6623615415743105	0.7400115402912398	0.6712697732211395	0.7334383800566258	0.6629112926618339	0.7465154667540002
100	100	0.6597090975550151	0.7403718279807834	0.6679776770759339	0.7466103538810648	0.6631529756598612	0.7467497351075735
110	110	0.6673952169035073	0.7421793674777941	0.6807575523563412	0.7512368863973675	0.6738778440486418	0.7498488521288692