size	dial	Unigram+Context_SVM	Unigram_SVM	Unigram+Context_ADA	Unigram_ADA	Unigram+Context_RF	Unigram_RF
10	10	0.12732431502923308	0.07112384882876686	0.16233405938323972	0.10345294050212081	0.04876456876456877	0.029075241698192523
20	20	0.1318617448125645	0.0642416599793649	0.135620772669953	0.08515839351904926	0.050694906186709465	0.03669360693950857
30	30	0.16053266823956935	0.07792114245925061	0.11756365841324197	0.09548298921464574	0.051464136955940244	0.01959207459207459
40	40	0.1847047159499235	0.09845910583995593	0.0993787354127452	0.09180297783698763	0.056153264096647226	0.03093047409579668
50	50	0.2653283206031197	0.15776394118822348	0.20443771684762962	0.16067298474612	0.0842632062483791	0.03580781848004374
60	60	0.32763028417626977	0.20878918712872366	0.24908379463989383	0.22731916851511563	0.11218274583535655	0.07853235070242315
70	70	0.35114788051969303	0.24889245728013948	0.2735448339421217	0.2700694049589996	0.12765843731583543	0.12318652575524724
80	80	0.39910578738410624	0.29455080712906584	0.3242300959629109	0.32142807786315386	0.16704245517073787	0.13633623051816052
90	90	0.40279553232980037	0.28970633466164253	0.33192824796026066	0.3144230337269622	0.1736732720786311	0.11781781851509161
100	100	0.4288312998409777	0.2976735859895496	0.37625912371019377	0.3384483714357015	0.19657263947179268	0.13715603837494775
110	110	0.4827085553075636	0.32907647199744744	0.40610185411931427	0.3424012231651058	0.18447042466361513	0.13260509942460685
120	120	0.417237851450536	0.3574177394502709	0.2964886011564524	0.3129434034163394	0.20763167486786954	0.17852196099872425
130	130	0.7288135593220338	0.6101694915254238	0.6271186440677966	0.6271186440677966	0.288135593220339	0.23728813559322035