size	dial	Natural_SVM	Natural_RF	Natural_ADA
5	5	0.03902439024390244	0.015909090909090907	0.049523809523809526
10	10	0.05060240963855421	0.004806201550387597	0.049523809523809526
15	15	0.10095193618889284	0.06485268462880403	0.08874539906937315
20	20	0.10443447545608123	0.08032807780206004	0.10188530227324075
25	25	0.1476360016009189	0.09809449248543943	0.14745181137298563
30	30	0.1521038754687747	0.1267814120338461	0.14733527546868955
35	35	0.15303390979303708	0.12226063111248839	0.1579793934787504
40	40	0.16729344161361706	0.15582049263099876	0.2182696052725161
45	45	0.16620072719279547	0.1290524260262137	0.17617090157023813
50	50	0.21265642524726255	0.14931634994331214	0.1654125966993099
55	55	0.23842003780808882	0.12213192715232668	0.2154127400829231
60	60	0.25310656928090397	0.1483482582478638	0.2538463335537166
65	65	0.25117617689347055	0.167253586741742	0.2588633554442973
70	70	0.22211335378906907	0.19170677475739048	0.22111650388202708