size	dial	Unigram_SVM	Unigram+Context_SVM	Unigram_ADA	Unigram+Context_ADA
5	5	0.46987299116063524	0.5949152304561711	0.47270358947070806	0.5551024833503357
10	10	0.5196993517660681	0.709303091603153	0.4543574280511776	0.6156607560607975
15	15	0.5224823412405015	0.7268918219233779	0.5313596309262202	0.6842462969025253
20	20	0.5840152958394017	0.7635630761169521	0.4925311361353022	0.7098511353589256
25	25	0.5912616207708622	0.7656222694746067	0.5515317623955671	0.7434860544236538
30	30	0.6043475979011441	0.7699436076320151	0.5832620768132057	0.7140349418678731
35	35	0.6267885740538878	0.7712192584391497	0.6067477491406079	0.7421271484103306
40	40	0.6189539684442129	0.7802139764042715	0.588313507347862	0.7475609361169335
45	45	0.6260799782616212	0.7823547739571832	0.6016539147932176	0.7612683799165749
50	50	0.6340786204669178	0.782295691776917	0.5865575249642313	0.7389481542836608
55	55	0.6431274054774442	0.7815000975407209	0.6039838141345324	0.7389738643880669
60	60	0.6562434644779984	0.7874630503043535	0.6214938759423958	0.7640167503778312
65	65	0.6571475205479245	0.7844969765437251	0.6248311710138543	0.7225769406030416
70	70	0.6563705126520202	0.7855088109507617	0.62638552892143	0.7462551565180698
75	75	0.664604869787178	0.7942700009211705	0.633198414720293	0.7499903451045854
80	80	0.6745251197215373	0.7971845610474865	0.6555012016918029	0.757575907048826
85	85	0.6804762615236325	0.8005228648035064	0.6527911133265338	0.7566368110696002
90	90	0.6826986883060788	0.806574532857822	0.6536773508711681	0.760611956142073
95	95	0.684829045902031	0.8102152460775395	0.6559327418955538	0.7641093214625194
100	100	0.6796375367990292	0.8094594335424743	0.658958266593437	0.7675711664361999
105	105	0.6803812737870842	0.8116120222033774	0.6583912662954459	0.7772522063155324
110	110	0.6777692686401158	0.8112227539868768	0.6602144716870146	0.7710142372601143
115	115	0.6783599725656654	0.8150729880398517	0.6673094503272794	0.7882184100157197
120	120	0.6812640544656925	0.814861133878723	0.6765636442612359	0.7933118633354843
125	125	0.6815885366274198	0.815826445156121	0.6701776034411375	0.7777069560595573
130	130	0.676479727994424	0.8090733099609961	0.6641397147323369	0.8216074696298257
135	135	0.6740166975881261	0.8133462587285825	0.6654078844652616	0.8106562225528331
140	140	0.6710696184701059	0.8184963139824675	0.6662667864703886	0.8128876766279447
145	145	0.6794951632004045	0.8232336238612259	0.6714824954695995	0.8160585192803589
150	150	0.6590368980612883	0.8118603798660556	0.665234780835102	0.7954782087079475
155	155	0.6575906129744614	0.8170399458870392	0.6708566196398112	0.7930309755219956
160	160	0.6666666666666666	0.8337730870712401	0.6753246753246753	0.7612958226768969