\addplot[color=green,mark=*] coordinates {
(10,10)(20,20)(30,30)(40,40)(50,50)(60,60)(70,70)(80,80)(90,90)(100,100)(110,110)(120,120)(130,130)
};
\addlegendentry{dial}

\addplot[color=green,mark=*] coordinates {
(10,0.6869680705179838)(20,0.7749123198856066)(30,0.7583161337218108)(40,0.7576211965673818)(50,0.7703070315812304)(60,0.7823784088059501)(70,0.7792717666424008)(80,0.7791403426017457)(90,0.7790000266089565)(100,0.7852511374541071)(110,0.7902385477026902)(120,0.8050600776507582)(130,0.8170212765957446)
};
\addlegendentry{Unigram+Context\_SVM}

\addplot[color=green,mark=*] coordinates {
(10,0.54055553083377)(20,0.5996369875682837)(30,0.610843625404297)(40,0.615107226878488)(50,0.6346922867045228)(60,0.644212745824772)(70,0.6436563622742792)(80,0.6607836757241761)(90,0.6633062283267342)(100,0.660505527152978)(110,0.6645403674835856)(120,0.6556576610012803)(130,0.6241721854304636)
};
\addlegendentry{Unigram\_SVM}

\addplot[color=green,mark=*] coordinates {
(10,0.6744437094489432)(20,0.7682359759244116)(30,0.7330065028178746)(40,0.7292782764636363)(50,0.7435962941742338)(60,0.7571580446635875)(70,0.772894310683639)(80,0.7537009685928778)(90,0.7673389348129228)(100,0.7681688619592226)(110,0.783019554340914)(120,0.7896070566432873)(130,0.7608695652173914)
};
\addlegendentry{Unigram+Context\_ADA}

\addplot[color=green,mark=*] coordinates {
(10,0.5330128524188502)(20,0.6104248789301235)(30,0.594331632917782)(40,0.6071667506255163)(50,0.6389949264306023)(60,0.6440148162303628)(70,0.6442497973694967)(80,0.6602741950243592)(90,0.6681367765823754)(100,0.661562412624801)(110,0.6763309944030985)(120,0.6625899245360664)(130,0.6430793157076206)
};
\addlegendentry{Unigram\_ADA}

\addplot[color=green,mark=*] coordinates {
(10,0.6751647440378634)(20,0.7458148506278441)(30,0.7389870262243198)(40,0.7548597209050714)(50,0.7635104940827255)(60,0.7741877200386751)(70,0.785403777301082)(80,0.7896404060630802)(90,0.7997641206843724)(100,0.8022411235348376)(110,0.820537979038533)(120,0.8181743080388646)(130,0.8108108108108109)
};
\addlegendentry{Unigram+Context\_RF}

\addplot[color=green,mark=*] coordinates {
(10,0.5573036928468909)(20,0.5946301173255149)(30,0.6144628214506873)(40,0.6259624693212184)(50,0.645183738506787)(60,0.6614137570935779)(70,0.6639026895362006)(80,0.6756589530035747)(90,0.6857223325510204)(100,0.6892613295652905)(110,0.6992422933226247)(120,0.6751259489582165)(130,0.6552901023890785)
};
\addlegendentry{Unigram\_RF}

