\addplot[color=green,mark=*] coordinates {
(1,1)(2,2)(3,3)(4,4)(5,5)(6,6)(7,7)(8,8)(9,9)(10,10)(15,15)(20,20)(25,25)(30,30)(35,35)(40,40)(45,45)(50,50)
};
\addlegendentry{dial}

\addplot[color=green,mark=*] coordinates {
(1,0.15252152521525214)(2,0.15252152521525214)(3,0.20388349514563106)(4,0.19814241486068113)(5,0.16783216783216784)(6,0.20297029702970298)(7,0.19230769230769232)(8,0.14093959731543623)(9,0.17002881844380405)(10,0.19742489270386265)(15,0.21238938053097345)(20,0.2193902524299)(25,0.19525663435563323)(30,0.22317647058823528)(35,0.34498446863920174)(40,0.35389716987326814)(45,0.35851591566763125)(50,0.415875095534447)
};
\addlegendentry{Natural\_Neg\_old}

\addplot[color=green,mark=*] coordinates {
(1,0.15252152521525214)(2,0.15252152521525214)(3,0.08818342151675485)(4,0.09983633387888707)(5,0.17845117845117844)(6,0.2019704433497537)(7,0.10207612456747404)(8,0.16233766233766234)(9,0.11168384879725086)(10,0.2024793388429752)(15,0.20869565217391303)(20,0.22163358369098712)(25,0.21587301587301588)(30,0.24980893110601593)(35,0.34530575130711527)(40,0.35049474335188624)(45,0.3688755086512059)(50,0.4212461042593431)
};
\addlegendentry{Natural\_Neg\_Svm}

\addplot[color=green,mark=*] coordinates {
(1,0.15252152521525214)(2,0.15252152521525214)(3,0.08737864077669903)(4,0.08737864077669903)(5,0.2824074074074074)(6,0.2824074074074074)(7,0.08852005532503458)(8,0.17794486215538846)(9,0.17518248175182483)(10,0.18387909319899245)(15,0.16896551724137931)(20,0.2)(25,0.28846153846153844)(30,0.4159014825442372)(35,0.41800232288037165)(40,0.3103264166970028)(45,0.40711318795430945)(50,0.4229863071216963)
};
\addlegendentry{Natural\_Neg\_Decisiontree}

\addplot[color=green,mark=*] coordinates {
(1,0.15252152521525214)(2,0.15252152521525214)(3,0.10116731517509728)(4,0.1968810916179337)(5,0.1328358208955224)(6,0.20750551876379691)(7,0.16568047337278108)(8,0.023622047244094488)(9,0.1343669250645995)(10,0.17391304347826086)(15,0.06293706293706294)(20,0.1518324607329843)(25,0.1337579617834395)(30,0.06060606060606061)(35,0.09735449735449736)(40,0.06374803149606299)(45,0.1468888888888889)(50,0.14910451750868753)
};
\addlegendentry{Natural\_Neg\_Randomforest}

\addplot[color=green,mark=*] coordinates {
(1,0.15252152521525214)(2,0.15252152521525214)(3,0)(4,0.13145539906103287)(5,0.2824074074074074)(6,0.09230769230769231)(7,0.22580645161290322)(8,0.18181818181818182)(9,0.18225419664268586)(10,0.18271604938271604)(15,0.16744186046511628)(20,0.3243218600410303)(25,0.3243218600410303)(30,0.3629941126997477)(35,0.34675903957483156)(40,0.3605420054200542)(45,0.2906289573659772)(50,0.4278846153846154)
};
\addlegendentry{Natural\_Neg\_Adaboost}

