\addplot[color=green,mark=*] coordinates {
(5,5)(10,10)(15,15)(20,20)(25,25)(30,30)(35,35)(40,40)(45,45)(50,50)(55,55)(60,60)(65,65)(70,70)
};
\addlegendentry{dial}

\addplot[color=green,mark=*] coordinates {
(5,0.6448824434914331)(10,0.6405655770478469)(15,0.655456639967794)(20,0.6650904036299963)(25,0.6608157769662066)(30,0.6754588093420535)(35,0.6844878739981647)(40,0.6770725922435041)(45,0.6823818099814173)(50,0.6813937336849895)(55,0.6729265324180869)(60,0.6699576837841519)(65,0.6812769283597284)(70,0.6845195779734559)
};
\addlegendentry{Natural\_SVM}

\addplot[color=green,mark=*] coordinates {
(5,0.5960815323246647)(10,null)(15,null)(20,0.6914319428623388)(25,0.6700026657871181)(30,0.6665236074637271)(35,0.6353840400597256)(40,0.6565664733122423)(45,0.6603060489960234)(50,0.6619756148937551)(55,0.6514614074162485)(60,0.6472852625082821)(65,0.6507674168260984)(70,0.6510151427489962)
};
\addlegendentry{Natural\_RF}

\addplot[color=green,mark=*] coordinates {
(5,0.5991406757761765)(10,0.5662380440939122)(15,0.5556986462773059)(20,0.615049877544199)(25,0.6406888644424018)(30,0.6508292503816294)(35,0.6540613862931662)(40,0.66446663583006)(45,0.673909904052395)(50,0.6830720436711876)(55,0.6835640538761589)(60,0.6744376722287437)(65,0.6621580461051819)(70,0.6701194708402142)
};
\addlegendentry{Natural\_ADA}

