\addplot[color=green,mark=*] coordinates {
(10,10)(20,20)(30,30)(40,40)(50,50)(60,60)(70,70)(80,80)(90,90)(100,100)(110,110)
};
\addlegendentry{dial}

\addplot[color=green,mark=*] coordinates {
(10,0.3390004201845622)(20,0.43721975180270983)(30,0.4880223581316538)(40,0.5086380513052957)(50,0.56157855754738)(60,0.581713761847175)(70,0.5890476983141363)(80,0.6090733779527112)(90,0.6152874015580315)(100,0.6203351613627848)(110,0.6419957002138937)
};
\addlegendentry{Unigram+Context\_SVM\_word\_1}

\addplot[color=green,mark=*] coordinates {
(10,0.3709216952266968)(20,0.4544731691718814)(30,0.49717403732350024)(40,0.5110061538866051)(50,0.552101945050456)(60,0.5668845974134866)(70,0.579823107267926)(80,0.6116771136240918)(90,0.6169723002909038)(100,0.6295048946143409)(110,0.6416547647653346)
};
\addlegendentry{Unigram+Context\_SVM\_word\_1\_embed\_300}

\addplot[color=green,mark=*] coordinates {
(10,0.3725583752577095)(20,0.44330863960178213)(30,0.48640657360243467)(40,0.5060165432311112)(50,0.5525321660595952)(60,0.561702407631203)(70,0.5797162148070322)(80,0.5981079175769403)(90,0.6023565421072401)(100,0.6138452300014908)(110,0.6234347569827514)
};
\addlegendentry{Unigram+Context\_SVM\_word\_1\_embed\_100}

\addplot[color=green,mark=*] coordinates {
(10,0.3744105355133015)(20,0.43731152658096095)(30,0.4666828346539216)(40,0.495524323231482)(50,0.5420972094119338)(60,0.5455040682658543)(70,0.5578019302486392)(80,0.575151774123786)(90,0.5797875987214158)(100,0.5826547553260139)(110,0.5942677448674054)
};
\addlegendentry{Unigram+Context\_SVM\_word\_1\_embed\_50}

\addplot[color=green,mark=*] coordinates {
(10,0.3761972552445384)(20,0.44205128406618666)(30,0.4661708219880795)(40,0.4925393412253641)(50,0.5272086324194571)(60,0.5351718914954435)(70,0.5412198946500566)(80,0.5462926932553154)(90,0.5524102403900384)(100,0.5597554674367021)(110,0.5671728041447658)
};
\addlegendentry{Unigram+Context\_SVM\_word\_1\_embed\_25}

